Bin: 130, 157, 199
Box: 10, 45, 47
Box: 23, 37, 47
Box: 130, 29, 3
Box: 12, 2, 44
Box: 27, 13, 15
Box: 5, 3, 3
Box: 130, 157, 28
Box: 2, 7, 10
Box: 37, 4, 22
Box: 34, 7, 10
Box: 130, 30, 25
Box: 15, 82, 4
Box: 17, 20, 6
Box: 30, 16, 3
Box: 10, 8, 2
Box: 17, 3, 8
Box: 59, 106, 93
Box: 16, 16, 7
Box: 10, 3, 35
Box: 23, 6, 11
Box: 15, 79, 7
Box: 10, 8, 56
Box: 23, 41, 10
Box: 10, 56, 199
Box: 11, 53, 16
Box: 130, 50, 32
Box: 44, 33, 74
Box: 28, 7, 199
Box: 43, 2, 199
Box: 57, 26, 12
Box: 7, 49, 26
Box: 130, 51, 199
Box: 57, 44, 199
Box: 11, 9, 11
Box: 4, 133, 19
Box: 10, 157, 57
Box: 10, 3, 3
Box: 15, 32, 17
Box: 3, 157, 57
Box: 38, 56, 23
Box: 82, 36, 40
Box: 23, 157, 43
Box: 130, 32, 27
Box: 8, 14, 15
Box: 130, 30, 8
Box: 35, 157, 27
Box: 28, 2, 38
Box: 7, 35, 26
Box: 5, 7, 4
Box: 10, 8, 36
Box: 77, 7, 5
Box: 21, 157, 4
Box: 17, 36, 3
Box: 23, 31, 199
Box: 7, 58, 36
Box: 130, 4, 35
Box: 21, 31, 14
Box: 10, 8, 16
Box: 76, 2, 93
Box: 54, 33, 74
Box: 37, 133, 3
Box: 54, 50, 11
Box: 37, 43, 64
Box: 19, 11, 35
Box: 11, 9, 18
Box: 27, 58, 20
Box: 17, 127, 21
Box: 26, 2, 16
Box: 130, 11, 148
Box: 130, 37, 52
Box: 3, 41, 10
Box: 21, 133, 60
Box: 130, 17, 36
Box: 130, 25, 8
Box: 12, 67, 26
Box: 17, 157, 77
Box: 23, 23, 125
Box: 130, 157, 88
Box: 23, 157, 16
Box: 3, 54, 10
Box: 12, 2, 155
Box: 16, 23, 55
Box: 130, 29, 20
Box: 130, 32, 20
Box: 12, 4, 2
Box: 10, 10, 32
Box: 46, 43, 31
Box: 45, 11, 23
Box: 130, 57, 5
Box: 10, 66, 22
Box: 48, 157, 24
Box: 20, 11, 35
Box: 2, 50, 11
Box: 12, 19, 5
Box: 55, 157, 95
Box: 130, 30, 17
Box: 8, 14, 39
Box: 130, 88, 19
Box: 6, 157, 19
Box: 19, 5, 21
Box: 33, 21, 5
Box: 80, 157, 37
Box: 4, 121, 17
Box: 26, 2, 4
Box: 6, 67, 26
Box: 26, 37, 47
Box: 7, 15, 3
Box: 17, 40, 3
Box: 50, 12, 7
Box: 45, 36, 57
Box: 2, 11, 16
Box: 9, 14, 15
Box: 14, 106, 93
Box: 85, 26, 3
Box: 130, 20, 2
Box: 130, 5, 33
Box: 41, 26, 2
Box: 7, 4, 199
Box: 44, 12, 20
Box: 2, 54, 6
Box: 33, 12, 74
Box: 28, 157, 78
Box: 18, 25, 7
Box: 12, 5, 24
Box: 23, 9, 24
Box: 66, 12, 199
Box: 130, 37, 34
Box: 11, 148, 57
Box: 23, 54, 15
Box: 130, 31, 7
Box: 23, 54, 12
Box: 50, 4, 7
Box: 10, 2, 47
Box: 130, 6, 199
Box: 26, 2, 102
Box: 27, 2, 55
Box: 130, 68, 199
Box: 11, 23, 5
Box: 23, 26, 24
Box: 130, 77, 9
Box: 5, 55, 10
Box: 36, 92, 199
Box: 27, 28, 35
Box: 10, 157, 64
Box: 29, 157, 14
Box: 12, 85, 8
Box: 57, 43, 16
Box: 50, 97, 12
Box: 130, 10, 15
Box: 44, 157, 29
Box: 41, 26, 16
Box: 50, 101, 76
Box: 127, 7, 17
Box: 25, 12, 54
Box: 85, 26, 37
Box: 130, 23, 5
Box: 11, 85, 16
Box: 130, 30, 3
Box: 22, 157, 29
Box: 27, 8, 7
Box: 130, 77, 18
Box: 14, 36, 137
Box: 5, 2, 10
Box: 9, 7, 14
Box: 76, 11, 21
Box: 34, 5, 35
Box: 19, 12, 140
Box: 39, 31, 3
Box: 11, 34, 26
Box: 130, 62, 13
Box: 130, 106, 49
Box: 22, 140, 17
Box: 15, 51, 139
Box: 27, 43, 22
Box: 15, 28, 139
Box: 29, 18, 5
Box: 3, 50, 11
Box: 2, 12, 19
Box: 3, 38, 21
Box: 58, 157, 106
Box: 66, 12, 15
Box: 16, 157, 199
Box: 130, 55, 40
Box: 19, 36, 137
Box: 45, 34, 57
Box: 30, 32, 17
Box: 130, 15, 30
Box: 13, 26, 12
Box: 21, 133, 11
Box: 58, 157, 139
Box: 23, 157, 82
Box: 7, 15, 63
Box: 6, 5, 19
Box: 130, 20, 140
Box: 6, 16, 16
Box: 50, 17, 76
Box: 9, 23, 7
Box: 98, 18, 22
Box: 31, 2, 16
Box: 130, 30, 66
Box: 130, 77, 4
Box: 48, 32, 30
Box: 130, 7, 17
Box: 130, 37, 28
Box: 25, 133, 180
Box: 17, 36, 39
Box: 23, 20, 57
Box: 10, 8, 60
Box: 19, 76, 16
Box: 28, 9, 20
Box: 48, 157, 41
Box: 23, 24, 11
Box: 13, 85, 65
Box: 4, 8, 22
Box: 15, 10, 8
Box: 27, 58, 11
Box: 38, 4, 38
Box: 80, 14, 199
Box: 20, 157, 106
Box: 66, 30, 199
Box: 57, 43, 51
Box: 130, 157, 38
Box: 130, 17, 21
Box: 117, 10, 4
Box: 51, 8, 199
Box: 39, 30, 29
Box: 66, 12, 7
Box: 10, 2, 8
Box: 14, 36, 39
Box: 130, 51, 25
Box: 29, 20, 41
Box: 130, 30, 46
Box: 3, 6, 10
Box: 11, 5, 21
Box: 15, 42, 139
Box: 29, 7, 29
Box: 11, 12, 19
Box: 13, 2, 7
Box: 63, 2, 38
Box: 32, 157, 22
Box: 17, 20, 2
Box: 45, 4, 57
Box: 8, 23, 22
Box: 12, 2, 5
Box: 10, 3, 3
Box: 130, 29, 199
Box: 49, 15, 10
Box: 23, 52, 24
Box: 130, 8, 15
Box: 15, 78, 7
Box: 14, 7, 14
Box: 17, 4, 8
Box: 130, 32, 112
Box: 17, 4, 3
Box: 6, 31, 21
Box: 14, 41, 10
Box: 9, 21, 5
Box: 17, 62, 29
Box: 10, 8, 33
Box: 27, 6, 35
Box: 9, 4, 4
Box: 130, 66, 199
Box: 20, 146, 35
Box: 130, 23, 51
Box: 46, 43, 27
Box: 20, 32, 17
Box: 10, 157, 88
Box: 130, 4, 38
Box: 21, 50, 11
Box: 26, 4, 10
Box: 130, 82, 18
Box: 10, 16, 47
Box: 17, 8, 5
Box: 22, 2, 61
Box: 130, 44, 2
Box: 23, 54, 26
Box: 130, 23, 31
Box: 130, 10, 30
Box: 2, 2, 10
Box: 33, 8, 61
Box: 46, 21, 199
Box: 14, 127, 66
Box: 130, 52, 13
Box: 14, 7, 5
Box: 44, 12, 15
Box: 130, 14, 5
Box: 6, 9, 16
Box: 23, 55, 21
Box: 31, 42, 16
Box: 37, 82, 64
Box: 50, 8, 22
Box: 10, 8, 18
Box: 9, 87, 7
Box: 12, 8, 5
Box: 45, 25, 101
Box: 130, 35, 76
Box: 15, 8, 50
Box: 26, 21, 10
Box: 16, 54, 10
Box: 12, 58, 199
Box: 85, 157, 4
Box: 14, 20, 5
Box: 130, 29, 25
Box: 57, 10, 93
Box: 23, 33, 199
Box: 25, 11, 3
Box: 35, 6, 22
Box: 6, 121, 17
Box: 12, 85, 65
Box: 41, 26, 16
Box: 17, 127, 6
Box: 57, 22, 13
Box: 18, 23, 55
Box: 5, 2, 93
Box: 33, 3, 61
Box: 49, 36, 137
Box: 88, 10, 52
Box: 130, 14, 17
Box: 9, 157, 2
Box: 10, 8, 4
Box: 27, 2, 6
Box: 130, 25, 40
Box: 29, 157, 13
Box: 83, 127, 66
Box: 23, 16, 4
Box: 130, 4, 48
Box: 17, 7, 14
Box: 7, 14, 15
Box: 77, 85, 65
Box: 6, 26, 12
Box: 3, 38, 10
Box: 130, 157, 23
Box: 6, 58, 7
Box: 23, 23, 13
Box: 96, 5, 35
Box: 130, 26, 27
Box: 46, 47, 41
Box: 66, 157, 95
Box: 20, 8, 21
Box: 130, 157, 70
Box: 130, 24, 2
Box: 47, 43, 199
Box: 130, 14, 5
Box: 66, 12, 38
Box: 44, 12, 5
Box: 130, 33, 13
Box: 5, 157, 7
Box: 10, 20, 39
Box: 39, 31, 14
Box: 130, 28, 7
Box: 130, 77, 27
Box: 50, 8, 7
Box: 27, 2, 70
Box: 22, 157, 2
Box: 3, 54, 10
Box: 57, 43, 3
Box: 45, 7, 30
Box: 23, 54, 23
Box: 3, 20, 5
Box: 93, 50, 74
Box: 130, 55, 32
Box: 103, 7, 11
Box: 23, 36, 40
Box: 130, 17, 19
Box: 5, 7, 16
Box: 45, 12, 101
Box: 130, 37, 38
Box: 130, 16, 93
Box: 15, 36, 8
Box: 67, 54, 51
Box: 29, 157, 7
Box: 23, 20, 142
Box: 40, 5, 21
Box: 130, 44, 20
Box: 10, 2, 15
Box: 33, 16, 74
Box: 130, 157, 2
Box: 29, 11, 29
Box: 130, 19, 15
Box: 130, 30, 5
Box: 29, 147, 24
Box: 8, 67, 26
Box: 27, 58, 48
Box: 13, 157, 34
Box: 2, 16, 7
Box: 2, 16, 7
Box: 130, 25, 32
Box: 7, 5, 26
Box: 29, 18, 7
Box: 130, 83, 199
Box: 28, 9, 46
Box: 10, 10, 3
Box: 6, 2, 38
Box: 37, 86, 25
Box: 5, 157, 7
Box: 13, 7, 10
Box: 32, 13, 106
Box: 130, 12, 48
Box: 13, 14, 2
Box: 27, 58, 47
Box: 130, 4, 5
Box: 33, 31, 48
Box: 37, 8, 25
Box: 130, 71, 148
Box: 32, 14, 106
Box: 130, 17, 45
Box: 27, 12, 7
Box: 32, 14, 15
Box: 3, 8, 7
Box: 130, 38, 199
Box: 2, 157, 7
Box: 130, 41, 79
Box: 6, 157, 168
Box: 24, 8, 25
Box: 10, 2, 18
Box: 16, 23, 22
Box: 130, 29, 37
Box: 13, 14, 2
Box: 12, 85, 8
Box: 117, 157, 151
Box: 15, 36, 13
Box: 15, 36, 103
Box: 2, 127, 16
Box: 130, 5, 7
Box: 50, 16, 5
Box: 38, 20, 71
Box: 2, 15, 16
Box: 130, 51, 2
Box: 12, 63, 24
Box: 76, 11, 21
Box: 17, 35, 12
Box: 11, 7, 14
Box: 84, 15, 49
Box: 23, 23, 6
Box: 13, 54, 10
Box: 46, 6, 47
Box: 38, 56, 34
Box: 130, 2, 15
Box: 44, 13, 16
Box: 66, 3, 199
Box: 24, 8, 2
Box: 57, 9, 9
Box: 37, 23, 22
Box: 19, 121, 17
Box: 37, 100, 31
Box: 46, 8, 47
Box: 24, 32, 30
Box: 3, 8, 5
Box: 9, 36, 40
Box: 5, 16, 16
Box: 44, 29, 16
Box: 17, 8, 8
Box: 22, 66, 22
Box: 28, 9, 23
Box: 130, 21, 140
Box: 7, 58, 78
Box: 130, 54, 77
Box: 32, 133, 7
Box: 3, 32, 23
Box: 117, 15, 7
Box: 130, 5, 140
Box: 15, 8, 19
Box: 130, 157, 145
Box: 113, 24, 72
Box: 4, 50, 74
Box: 7, 121, 17
Box: 32, 25, 106
Box: 15, 75, 4
Box: 11, 9, 28
Box: 6, 8, 39
Box: 9, 20, 39
Box: 37, 71, 22
Box: 21, 17, 10
Box: 9, 56, 199
Box: 9, 35, 2
Box: 41, 26, 35
Box: 31, 55, 21
Box: 98, 34, 22
Box: 130, 20, 33
Box: 13, 157, 59
Box: 17, 46, 25
Box: 66, 12, 30
Box: 6, 9, 2
Box: 88, 18, 52
Box: 8, 26, 4
Box: 8, 23, 55
Box: 19, 2, 16
Box: 130, 17, 35
Box: 15, 36, 13
Box: 25, 12, 38
Box: 29, 10, 24
Box: 130, 77, 81
Box: 57, 34, 9
Box: 24, 8, 16
Box: 10, 16, 5
Box: 27, 58, 28
Box: 66, 12, 62
Box: 80, 157, 3
Box: 35, 33, 112
Box: 20, 12, 21
Box: 66, 100, 39
Box: 7, 14, 66
Box: 20, 129, 13
Box: 11, 26, 4
Box: 35, 12, 22
Box: 76, 15, 21
Box: 45, 27, 101
Box: 16, 157, 139
Box: 57, 43, 67
Box: 19, 133, 19
Box: 4, 8, 10
Box: 6, 16, 19
Box: 130, 2, 27
Box: 37, 32, 5
Box: 130, 157, 10
Box: 26, 7, 5
Box: 28, 4, 199
Box: 23, 4, 24
Box: 130, 157, 24
Box: 5, 14, 46
Box: 44, 12, 25
Box: 39, 157, 7
Box: 17, 133, 3
Box: 57, 43, 104
Box: 29, 18, 2
Box: 2, 26, 4
Box: 9, 23, 7
Box: 2, 18, 17
Box: 17, 31, 199
Box: 26, 2, 72
Box: 5, 106, 93
Box: 130, 30, 11
Box: 37, 31, 48
Box: 11, 9, 5
Box: 25, 7, 7
Box: 29, 11, 29
Box: 19, 23, 5
Box: 12, 23, 55
Box: 27, 3, 7
Box: 130, 15, 199
Box: 130, 30, 2
Box: 130, 157, 60
Box: 130, 4, 7
Box: 14, 36, 40
Box: 20, 157, 11
Box: 11, 9, 7
Box: 26, 157, 93
Box: 30, 16, 2
Box: 130, 41, 34
Box: 130, 157, 33
Box: 2, 10, 17
Box: 7, 84, 199
Box: 2, 32, 29
Box: 13, 157, 22
Box: 7, 13, 199
Box: 29, 2, 93
Box: 36, 157, 46
Box: 130, 9, 199
Box: 44, 12, 70
Box: 48, 157, 25
Box: 3, 38, 3
Box: 130, 18, 13
Box: 8, 11, 18
Box: 130, 3, 13
Box: 80, 157, 159
Box: 16, 157, 24
Box: 130, 12, 48
Box: 24, 8, 7
Box: 130, 10, 15
Box: 12, 16, 5
Box: 19, 18, 16
Box: 51, 157, 35
Box: 10, 7, 35
Box: 10, 17, 65
Box: 3, 21, 5
Box: 3, 38, 3
Box: 14, 14, 65
Box: 50, 98, 7
Box: 23, 64, 28
Box: 6, 32, 23
Box: 66, 12, 2
Box: 130, 124, 14
Box: 10, 2, 93
Box: 49, 2, 38
Box: 2, 4, 16
Box: 10, 2, 93
Box: 8, 31, 21
Box: 66, 100, 160
Box: 21, 20, 5
Box: 11, 15, 49
Box: 4, 7, 10
Box: 10, 94, 35
Box: 17, 157, 139
Box: 4, 23, 22
Box: 130, 23, 10
Box: 7, 15, 107
Box: 6, 99, 7
Box: 7, 11, 3
Box: 33, 39, 61
Box: 26, 56, 26
Box: 130, 28, 30
Box: 21, 31, 4
Box: 11, 29, 58
Box: 130, 5, 5
Box: 37, 133, 168
Box: 50, 2, 7
Box: 130, 58, 2
Box: 11, 19, 16
Box: 23, 28, 28
Box: 130, 41, 73
Box: 39, 32, 23
Box: 6, 9, 10
Box: 10, 8, 26
Box: 2, 54, 10
Box: 130, 77, 27
Box: 17, 133, 13
Box: 24, 8, 4
Box: 44, 8, 9
Box: 31, 21, 19
Box: 36, 9, 199
Box: 12, 85, 32
Box: 40, 32, 23
Box: 12, 50, 24
Box: 21, 8, 7
Box: 13, 66, 22
Box: 5, 130, 46
Box: 11, 37, 47
Box: 67, 55, 10
Box: 39, 32, 23
Box: 14, 29, 45
Box: 21, 133, 21
Box: 17, 20, 46
Box: 60, 14, 7
Box: 18, 157, 199
Box: 73, 10, 93
Box: 113, 24, 47
Box: 17, 157, 38
Box: 29, 20, 48
Box: 5, 23, 5
Box: 12, 22, 5
Box: 88, 93, 52
Box: 11, 32, 17
Box: 17, 3, 8
Box: 13, 14, 6
Box: 10, 2, 3
Box: 42, 133, 19
Box: 13, 125, 5
Box: 8, 26, 4
Box: 5, 4, 3
Box: 12, 54, 84
Box: 130, 28, 33
Box: 5, 67, 46
Box: 10, 52, 65
Box: 17, 20, 9
Box: 17, 95, 29
Box: 130, 18, 199
Box: 23, 7, 21
Box: 17, 2, 8
Box: 42, 157, 19
Box: 15, 26, 139
Box: 6, 43, 19
Box: 14, 14, 8
Box: 33, 7, 61
Box: 29, 157, 12
Box: 2, 157, 95
Box: 22, 2, 2
Box: 6, 20, 39
Box: 17, 157, 57
Box: 15, 10, 64
Box: 33, 7, 5
Box: 57, 9, 199
Box: 6, 16, 16
Box: 130, 64, 7
Box: 130, 44, 30
Box: 2, 7, 14
Box: 25, 12, 19
Box: 130, 44, 85
Box: 15, 133, 180
Box: 130, 29, 69
Box: 130, 17, 126
Box: 7, 11, 3
Box: 27, 13, 20
Box: 10, 8, 77
Box: 15, 14, 7
Box: 29, 43, 19
Box: 17, 24, 199
Box: 20, 33, 112
Box: 17, 73, 74
Box: 21, 133, 26
Box: 27, 2, 68
Box: 12, 25, 7
Box: 21, 157, 24
Box: 68, 36, 39
Box: 15, 10, 48
Box: 23, 21, 28
Box: 15, 157, 2
Box: 93, 157, 199
Box: 22, 2, 136
Box: 130, 17, 103
Box: 130, 30, 13
Box: 130, 36, 9
Box: 2, 7, 7
Box: 10, 2, 38
Box: 37, 29, 8
Box: 15, 14, 66
Box: 45, 22, 101
Box: 23, 33, 28
Box: 23, 75, 11
Box: 11, 23, 55
Box: 130, 91, 22
Box: 20, 41, 10
Box: 28, 9, 110
Box: 37, 29, 9
Box: 46, 93, 49
Box: 29, 18, 15
Box: 38, 14, 38
Box: 37, 29, 8
Box: 15, 10, 19
Box: 7, 15, 12
Box: 44, 157, 35
Box: 3, 7, 17
Box: 36, 15, 199
Box: 9, 70, 4
Box: 39, 31, 2
Box: 28, 16, 5
Box: 45, 38, 57
Box: 7, 49, 26
Box: 14, 121, 17
Box: 21, 21, 5
Box: 7, 119, 66
Box: 130, 18, 65
Box: 37, 21, 8
Box: 9, 7, 14
Box: 36, 8, 199
Box: 29, 157, 24
Box: 20, 25, 7
Box: 12, 85, 12
Box: 3, 16, 7
Box: 45, 23, 5
Box: 2, 8, 5
Box: 2, 2, 17
Box: 9, 19, 10
Box: 14, 29, 45
Box: 10, 8, 6
Box: 22, 14, 110
Box: 130, 53, 17
Box: 20, 57, 21
Box: 130, 66, 48
Box: 43, 157, 2
Box: 46, 43, 69
Box: 17, 20, 3
Box: 14, 12, 19
Box: 57, 18, 199
Box: 23, 157, 27
Box: 130, 16, 56
Box: 9, 36, 39
Box: 4, 8, 30
Box: 7, 58, 85
Box: 35, 5, 22
Box: 2, 8, 39
Box: 12, 7, 5
Box: 20, 8, 19
Box: 26, 30, 10
Box: 3, 38, 5
Box: 13, 14, 3
Box: 28, 7, 5
Box: 20, 16, 16
Box: 29, 23, 4
Box: 37, 5, 25
Box: 8, 11, 15
Box: 37, 54, 3
Box: 130, 6, 35
Box: 22, 23, 22
Box: 130, 36, 23
Box: 45, 25, 68
Box: 5, 8, 5
Box: 38, 56, 86
Box: 22, 14, 7
Box: 130, 4, 35
Box: 130, 11, 5
Box: 29, 20, 36
Box: 37, 6, 15
Box: 36, 33, 199
Box: 130, 35, 104
Box: 7, 26, 12
Box: 58, 32, 30
Box: 23, 54, 105
Box: 2, 66, 22
Box: 130, 16, 45
Box: 31, 62, 16
Box: 42, 23, 22
Box: 50, 60, 12
Box: 23, 29, 58
Box: 27, 17, 7
Box: 33, 157, 49
Box: 6, 14, 15
Box: 29, 157, 10
Box: 17, 57, 74
Box: 32, 157, 18
Box: 24, 8, 17
Box: 88, 157, 52
Box: 17, 29, 58
Box: 5, 121, 68
Box: 15, 8, 3
Box: 2, 2, 17
Box: 67, 54, 13
Box: 130, 19, 28
Box: 7, 157, 2
Box: 130, 10, 3
Box: 130, 26, 14
Box: 10, 31, 47
Box: 130, 19, 104
Box: 2, 36, 40
Box: 10, 7, 14
Box: 2, 8, 5
Box: 22, 14, 6
Box: 130, 8, 5
Box: 130, 5, 27
Box: 14, 103, 59
Box: 19, 157, 29
Box: 26, 157, 99
Box: 7, 41, 199
Box: 2, 46, 25
Box: 30, 14, 7
Box: 3, 32, 23
Box: 9, 45, 4
Box: 52, 43, 199
Box: 29, 23, 29
Box: 23, 54, 18
Box: 4, 7, 21
Box: 121, 157, 2
Box: 30, 2, 7
Box: 37, 54, 65
Box: 24, 8, 26
Box: 130, 54, 65
Box: 2, 7, 14
Box: 9, 9, 4
Box: 21, 31, 30
Box: 71, 33, 112
Box: 10, 8, 40
Box: 8, 11, 2
Box: 9, 75, 2
Box: 19, 7, 5
Box: 23, 157, 11
Box: 2, 8, 39
Box: 37, 11, 8
Box: 14, 8, 5
Box: 15, 29, 58
Box: 29, 157, 105
Box: 2, 26, 12
Box: 17, 14, 15
Box: 130, 30, 11
Box: 37, 32, 20
Box: 10, 8, 7
Box: 8, 157, 59
Box: 11, 5, 21
Box: 6, 157, 46
Box: 85, 26, 75
Box: 24, 157, 139
Box: 45, 3, 30
Box: 20, 8, 50
Box: 44, 6, 16
Box: 56, 66, 22
Box: 3, 49, 10
Box: 29, 20, 74
Box: 9, 38, 21
Box: 11, 23, 55
Box: 44, 28, 16
Box: 37, 29, 8
Box: 12, 24, 5
Box: 4, 4, 10
Box: 5, 22, 46
Box: 5, 2, 10
Box: 53, 7, 14
Box: 3, 43, 199
Box: 5, 157, 59
Box: 2, 9, 28
Box: 17, 157, 6
Box: 23, 16, 31
Box: 20, 157, 23
Box: 130, 41, 3
Box: 30, 106, 93
Box: 29, 73, 4
Box: 130, 27, 48
Box: 10, 19, 10
Box: 17, 157, 4
Box: 39, 31, 4
Box: 41, 26, 15
Box: 10, 3, 65
Box: 10, 16, 35
Box: 22, 5, 21
Box: 32, 133, 87
Box: 18, 21, 19
Box: 14, 14, 199
Box: 42, 133, 19
Box: 37, 6, 10
Box: 45, 11, 42
Box: 33, 157, 41
Box: 113, 24, 65
Box: 44, 8, 8
Box: 130, 76, 17
Box: 4, 157, 26
Box: 11, 43, 19
Box: 130, 15, 5
Box: 45, 25, 57
Box: 111, 8, 5
Box: 23, 31, 11
Box: 37, 3, 25
Box: 5, 16, 46
Box: 20, 157, 28
Box: 39, 31, 8
Box: 3, 21, 19
Box: 7, 15, 2
Box: 4, 33, 112
Box: 9, 2, 10
Box: 17, 7, 74
Box: 66, 12, 20
Box: 37, 32, 12
Box: 8, 8, 5
Box: 26, 157, 7
Box: 27, 5, 21
Box: 33, 15, 61
Box: 76, 29, 45
Box: 33, 157, 12
Box: 130, 22, 33
Box: 40, 20, 199
Box: 37, 32, 7
Box: 45, 54, 101
Box: 6, 127, 66
Box: 10, 8, 7
Box: 39, 31, 17
Box: 40, 37, 47
Box: 50, 50, 11
Box: 33, 157, 36
Box: 4, 14, 15
Box: 130, 17, 27
Box: 23, 21, 11
Box: 6, 6, 19
Box: 73, 56, 199
Box: 5, 19, 10
Box: 10, 2, 6
Box: 130, 157, 63
Box: 23, 2, 28
Box: 4, 11, 3
Box: 37, 3, 25
Box: 45, 20, 57
Box: 15, 8, 4
Box: 14, 54, 59
Box: 14, 14, 63
Box: 44, 157, 57
Box: 130, 30, 11
Box: 13, 36, 137
Box: 20, 19, 21
Box: 76, 8, 21
Box: 17, 15, 3
Box: 7, 19, 26
Box: 31, 21, 5
Box: 19, 106, 93
Box: 91, 30, 29
Box: 32, 58, 106
Box: 98, 33, 22
Box: 130, 2, 33
Box: 6, 157, 31
Box: 48, 157, 47
Box: 5, 32, 29
Box: 130, 10, 19
Box: 11, 58, 199
Box: 5, 32, 46
Box: 27, 23, 22
Box: 41, 26, 109
Box: 12, 29, 58
Box: 5, 38, 21
Box: 7, 157, 95
Box: 12, 46, 25
Box: 17, 30, 199
Box: 14, 54, 45
Box: 45, 70, 30
Box: 13, 32, 95
Box: 130, 82, 12
Box: 31, 33, 16
Box: 3, 7, 7
Box: 32, 133, 86
Box: 130, 4, 35
Box: 3, 23, 22
Box: 19, 17, 16
Box: 38, 20, 46
Box: 4, 26, 199
Box: 130, 61, 199
Box: 27, 58, 3
Box: 130, 47, 199
Box: 130, 16, 15
Box: 3, 41, 10
Box: 4, 9, 28
Box: 10, 8, 103
Box: 88, 27, 52
Box: 28, 23, 199
Box: 26, 29, 45
Box: 23, 16, 92
Box: 13, 15, 7
Box: 37, 15, 22
Box: 13, 125, 19
Box: 34, 14, 15
Box: 30, 157, 27
Box: 130, 157, 58
Box: 9, 29, 4
Box: 32, 26, 106
Box: 85, 26, 24
Box: 88, 157, 17
Box: 20, 36, 137
Box: 130, 35, 7
Box: 130, 10, 16
Box: 44, 12, 5
Box: 55, 35, 12
Box: 21, 133, 62
Box: 10, 3, 47
Box: 47, 35, 12
Box: 10, 24, 35
Box: 50, 6, 7
Box: 130, 157, 41
Box: 5, 20, 46
Box: 130, 15, 199
Box: 85, 26, 48
Box: 56, 157, 46
Box: 6, 23, 19
Box: 82, 157, 19
Box: 130, 25, 3
Box: 130, 25, 93
Box: 33, 21, 5
Box: 28, 157, 80
Box: 29, 55, 29
Box: 43, 23, 55
Box: 48, 21, 19
Box: 9, 33, 2
Box: 113, 24, 15
Box: 26, 23, 5
Box: 130, 44, 3
Box: 42, 12, 140
Box: 10, 12, 19
Box: 24, 8, 29
Box: 33, 57, 61
Box: 25, 7, 7
Box: 31, 10, 16
Box: 44, 14, 16
Box: 6, 8, 19
Box: 23, 16, 54
Box: 26, 2, 5
Box: 66, 12, 6
Box: 65, 157, 59
Box: 37, 7, 25
Box: 6, 67, 19
Box: 22, 54, 6
Box: 29, 12, 19
Box: 5, 7, 16
Box: 23, 23, 16
Box: 29, 35, 4
Box: 76, 10, 21
Box: 88, 157, 27
Box: 19, 44, 16
Box: 22, 32, 29
Box: 9, 7, 5
Box: 130, 47, 15
Box: 41, 26, 6
Box: 7, 15, 12
Box: 2, 11, 3
Box: 37, 133, 9
Box: 33, 11, 61
Box: 50, 32, 17
Box: 10, 157, 24
Box: 10, 8, 4
Box: 37, 31, 25
Box: 42, 22, 13
Box: 48, 157, 28
Box: 9, 14, 2
Box: 31, 22, 13
Box: 130, 29, 14
Box: 130, 10, 17
Box: 130, 157, 8
Box: 34, 157, 2
Box: 22, 36, 39
Box: 52, 32, 17
Box: 45, 17, 101
Box: 5, 6, 46
Box: 32, 21, 106
Box: 119, 29, 4
Box: 11, 157, 199
Box: 130, 60, 25
Box: 22, 14, 10
Box: 130, 38, 199
Box: 7, 8, 66
Box: 12, 2, 38
Box: 24, 23, 5
Box: 7, 34, 26
Box: 10, 13, 65
Box: 14, 54, 17
Box: 33, 17, 61
Box: 3, 7, 14
Box: 25, 12, 29
Box: 21, 157, 29
Box: 19, 37, 47
Box: 118, 4, 2
Box: 11, 29, 4
Box: 17, 40, 199
Box: 13, 54, 6
Box: 23, 16, 11
Box: 3, 2, 7
Box: 10, 3, 35
Box: 45, 77, 30
Box: 130, 25, 3
Box: 25, 157, 59
Box: 31, 5, 16
Box: 130, 157, 26
Box: 17, 46, 199
Box: 13, 14, 2
Box: 28, 157, 41
Box: 3, 127, 66
Box: 4, 2, 7
Box: 67, 54, 20
Box: 10, 8, 103
Box: 44, 51, 16
Box: 11, 37, 47
Box: 98, 5, 22
Box: 17, 38, 3
Box: 8, 34, 26
Box: 13, 125, 71
Box: 50, 4, 17
Box: 130, 50, 55
Box: 53, 157, 7
Box: 38, 56, 34
Box: 32, 30, 18
Box: 37, 29, 11
Box: 46, 46, 41
Box: 6, 31, 21
Box: 37, 22, 22
Box: 20, 8, 6
Box: 13, 10, 4
Box: 50, 39, 76
Box: 17, 157, 7
Box: 130, 29, 93
Box: 31, 3, 16
Box: 6, 8, 19
Box: 24, 8, 36
Box: 14, 14, 63
Box: 11, 35, 12
Box: 130, 15, 7
Box: 20, 8, 30
Box: 33, 22, 74
Box: 130, 10, 17
Box: 98, 30, 18
Box: 37, 32, 12
Box: 46, 29, 47
Box: 130, 19, 60
Box: 130, 55, 37
Box: 5, 20, 39
Box: 37, 8, 25
Box: 10, 50, 47
Box: 130, 157, 51
Box: 88, 9, 52
Box: 37, 57, 31
Box: 37, 22, 22
Box: 130, 17, 2
Box: 46, 93, 109
Box: 57, 43, 148
Box: 11, 23, 55
Box: 14, 54, 22
Box: 130, 157, 35
Box: 17, 58, 199
Box: 130, 8, 199
Box: 50, 157, 80
Box: 38, 56, 22
Box: 130, 109, 199
Box: 27, 18, 7
Box: 17, 127, 39
Box: 11, 9, 16
Box: 17, 10, 199
Box: 8, 6, 39
Box: 12, 11, 5
Box: 37, 29, 14
Box: 5, 157, 35
Box: 48, 157, 34
Box: 130, 5, 48
Box: 29, 55, 10
Box: 32, 33, 74
Box: 99, 46, 25
Box: 130, 2, 38
Box: 23, 18, 24
Box: 15, 29, 58
Box: 7, 16, 16
Box: 23, 48, 24
Box: 130, 21, 19
Box: 98, 157, 18
Box: 10, 8, 11
Box: 35, 15, 49
Box: 22, 17, 17
Box: 40, 121, 68
Box: 20, 28, 13
Box: 30, 21, 19
Box: 18, 41, 10
Box: 12, 39, 24
Box: 29, 157, 17
Box: 3, 106, 93
Box: 9, 24, 7
Box: 130, 25, 20
Box: 6, 85, 65
Box: 130, 8, 15
Box: 98, 59, 22
Box: 130, 10, 6
Box: 46, 43, 6
Box: 23, 23, 39
Box: 37, 157, 31
Box: 15, 8, 123
Box: 56, 58, 199
Box: 20, 157, 10
Box: 130, 46, 38
####################
#Expected Output: 29
#Number of Bins: 29.
