Bin: 110, 296, 212
Box: 18, 96, 78
Box: 42, 96, 35
Box: 30, 19, 16
Box: 9, 16, 24
Box: 22, 15, 25
Box: 30, 66, 16
Box: 8, 6, 17
Box: 13, 8, 212
Box: 110, 69, 13
Box: 43, 72, 19
Box: 110, 16, 116
Box: 110, 15, 135
Box: 8, 7, 17
Box: 110, 8, 39
Box: 19, 15, 16
Box: 50, 3, 212
Box: 7, 51, 212
Box: 110, 15, 15
Box: 18, 102, 122
Box: 11, 101, 52
Box: 110, 31, 109
Box: 8, 4, 13
Box: 10, 60, 17
Box: 10, 7, 13
Box: 110, 46, 3
Box: 19, 15, 5
Box: 5, 9, 19
Box: 14, 8, 5
Box: 52, 101, 212
Box: 110, 22, 8
Box: 40, 15, 6
Box: 76, 11, 8
Box: 15, 39, 8
Box: 110, 18, 7
Box: 110, 103, 32
Box: 2, 22, 9
Box: 13, 7, 7
Box: 31, 37, 13
Box: 53, 38, 14
Box: 8, 16, 11
Box: 7, 40, 8
Box: 110, 37, 8
Box: 110, 18, 17
Box: 3, 16, 14
Box: 110, 47, 11
Box: 13, 37, 128
Box: 110, 81, 212
Box: 9, 74, 6
Box: 20, 128, 11
Box: 33, 60, 40
Box: 7, 40, 25
Box: 11, 26, 82
Box: 110, 84, 212
Box: 3, 3, 11
Box: 8, 57, 8
Box: 12, 6, 4
Box: 56, 27, 30
Box: 9, 128, 212
Box: 42, 96, 37
Box: 9, 19, 16
Box: 110, 9, 97
Box: 4, 9, 2
Box: 37, 96, 38
Box: 50, 9, 34
Box: 110, 2, 7
Box: 29, 40, 13
Box: 22, 15, 99
Box: 8, 3, 13
Box: 5, 23, 5
Box: 110, 36, 72
Box: 16, 27, 169
Box: 70, 40, 148
Box: 25, 60, 212
Box: 28, 5, 6
Box: 6, 22, 5
Box: 110, 178, 23
Box: 110, 37, 33
Box: 110, 296, 22
Box: 2, 37, 45
Box: 20, 32, 12
Box: 19, 7, 4
Box: 110, 26, 50
Box: 50, 9, 61
Box: 23, 296, 6
Box: 110, 34, 14
Box: 110, 28, 14
Box: 28, 9, 212
Box: 110, 3, 212
Box: 12, 2, 20
Box: 19, 15, 6
Box: 110, 47, 212
Box: 28, 27, 169
Box: 10, 96, 43
Box: 38, 2, 11
Box: 110, 39, 26
Box: 17, 18, 15
Box: 110, 4, 38
Box: 44, 140, 212
Box: 40, 2, 12
Box: 6, 96, 212
Box: 110, 30, 28
Box: 10, 38, 14
Box: 110, 87, 27
Box: 14, 133, 8
Box: 110, 27, 116
Box: 110, 125, 79
Box: 13, 19, 56
Box: 110, 17, 88
Box: 15, 69, 8
Box: 9, 12, 24
Box: 18, 110, 122
Box: 13, 19, 47
Box: 110, 13, 38
Box: 110, 296, 129
Box: 11, 30, 17
Box: 110, 17, 16
Box: 110, 8, 74
Box: 110, 58, 9
Box: 23, 3, 11
Box: 14, 8, 2
Box: 91, 7, 4
Box: 110, 39, 40
Box: 34, 60, 84
Box: 22, 15, 67
Box: 16, 96, 43
Box: 11, 40, 11
Box: 46, 6, 8
Box: 24, 2, 12
Box: 110, 35, 22
Box: 47, 9, 116
Box: 110, 258, 64
Box: 3, 96, 24
Box: 11, 101, 104
Box: 82, 130, 49
Box: 8, 3, 17
Box: 110, 40, 7
Box: 31, 8, 11
Box: 33, 3, 30
Box: 14, 15, 32
Box: 5, 27, 10
Box: 110, 16, 74
Box: 47, 128, 212
Box: 110, 17, 8
Box: 16, 121, 9
Box: 15, 74, 6
Box: 110, 296, 40
Box: 110, 116, 46
Box: 5, 160, 15
Box: 110, 33, 22
Box: 12, 37, 27
Box: 10, 3, 38
Box: 110, 213, 57
Box: 11, 5, 12
Box: 17, 96, 24
Box: 110, 24, 28
Box: 17, 27, 131
Box: 110, 9, 41
Box: 57, 40, 28
Box: 110, 38, 26
Box: 6, 5, 50
Box: 27, 160, 15
Box: 46, 27, 8
Box: 110, 82, 12
Box: 76, 48, 212
Box: 50, 9, 36
Box: 110, 216, 84
Box: 33, 8, 11
Box: 55, 16, 11
Box: 28, 25, 14
Box: 36, 26, 11
Box: 32, 9, 11
Box: 110, 3, 14
Box: 30, 42, 16
Box: 14, 114, 28
Box: 45, 22, 24
Box: 15, 14, 6
Box: 110, 83, 32
Box: 110, 35, 53
Box: 110, 15, 65
Box: 34, 60, 3
Box: 2, 96, 24
Box: 9, 15, 24
Box: 110, 21, 28
Box: 9, 57, 8
Box: 3, 2, 12
Box: 18, 155, 16
Box: 110, 7, 74
Box: 7, 38, 14
Box: 57, 10, 41
Box: 33, 19, 25
Box: 110, 296, 24
Box: 110, 92, 28
Box: 24, 27, 169
Box: 110, 30, 15
Box: 39, 93, 36
Box: 18, 18, 15
Box: 6, 38, 14
Box: 6, 3, 212
Box: 3, 28, 13
Box: 30, 121, 28
Box: 19, 15, 35
Box: 13, 3, 7
Box: 30, 25, 13
Box: 110, 56, 212
Box: 18, 107, 15
Box: 48, 175, 9
Box: 21, 101, 212
Box: 27, 9, 104
Box: 110, 69, 4
Box: 5, 37, 13
Box: 110, 3, 8
Box: 68, 6, 11
Box: 57, 40, 12
Box: 37, 96, 7
Box: 110, 72, 31
Box: 110, 20, 53
Box: 38, 13, 11
Box: 38, 5, 11
Box: 11, 27, 12
Box: 3, 2, 13
Box: 110, 38, 17
Box: 110, 58, 14
Box: 110, 30, 107
Box: 110, 25, 212
Box: 11, 101, 38
Box: 5, 27, 28
Box: 5, 27, 26
Box: 33, 10, 30
Box: 110, 9, 60
Box: 13, 4, 212
Box: 63, 32, 12
Box: 57, 30, 41
Box: 110, 11, 16
Box: 13, 8, 7
Box: 2, 153, 9
Box: 3, 17, 13
Box: 110, 36, 33
Box: 110, 70, 53
Box: 110, 9, 25
Box: 33, 60, 19
Box: 36, 165, 45
Box: 110, 40, 33
Box: 110, 8, 212
Box: 39, 93, 34
Box: 110, 38, 2
Box: 4, 40, 212
Box: 15, 38, 6
Box: 37, 40, 13
Box: 13, 8, 11
Box: 2, 101, 106
Box: 10, 14, 13
Box: 28, 22, 8
Box: 18, 11, 15
Box: 110, 43, 44
Box: 110, 17, 20
Box: 110, 120, 79
Box: 110, 12, 32
Box: 110, 40, 212
Box: 43, 296, 82
Box: 110, 16, 28
Box: 10, 60, 137
Box: 2, 101, 41
Box: 13, 2, 212
Box: 110, 41, 3
Box: 8, 6, 13
Box: 110, 157, 44
Box: 12, 40, 212
Box: 63, 9, 116
Box: 16, 4, 19
Box: 19, 15, 3
Box: 2, 57, 24
Box: 13, 11, 212
Box: 6, 9, 212
Box: 9, 40, 13
Box: 15, 40, 107
Box: 6, 8, 11
Box: 7, 58, 9
Box: 12, 271, 2
Box: 110, 29, 28
Box: 10, 22, 29
Box: 8, 5, 13
Box: 110, 74, 21
Box: 15, 296, 13
Box: 18, 22, 8
Box: 10, 60, 58
Box: 110, 66, 3
Box: 110, 60, 8
Box: 110, 15, 101
Box: 110, 39, 89
Box: 110, 296, 65
Box: 14, 8, 4
Box: 110, 47, 44
Box: 110, 79, 8
Box: 110, 116, 5
Box: 42, 96, 87
Box: 110, 61, 28
Box: 45, 9, 104
Box: 6, 8, 50
Box: 12, 10, 27
Box: 110, 16, 72
Box: 12, 5, 27
Box: 6, 22, 5
Box: 12, 74, 3
Box: 33, 57, 21
Box: 110, 11, 20
Box: 18, 96, 76
Box: 110, 37, 24
Box: 16, 101, 212
Box: 34, 60, 32
Box: 110, 69, 14
Box: 34, 25, 122
Box: 110, 31, 103
Box: 12, 271, 66
Box: 31, 38, 14
Box: 79, 2, 63
Box: 110, 63, 8
Box: 110, 37, 12
Box: 10, 8, 13
Box: 110, 15, 12
Box: 11, 30, 6
Box: 110, 32, 53
Box: 110, 178, 26
Box: 110, 178, 13
Box: 15, 57, 8
Box: 16, 296, 6
Box: 110, 6, 28
Box: 30, 62, 16
Box: 4, 66, 16
Box: 26, 271, 122
Box: 12, 57, 21
Box: 22, 128, 212
Box: 62, 296, 23
Box: 33, 149, 16
Box: 25, 37, 13
Box: 30, 11, 212
Box: 23, 121, 28
Box: 110, 14, 116
Box: 110, 66, 16
Box: 31, 140, 212
Box: 13, 32, 12
Box: 110, 11, 16
Box: 110, 26, 86
Box: 110, 161, 101
Box: 12, 94, 27
Box: 6, 29, 21
Box: 110, 2, 60
Box: 17, 27, 38
Box: 5, 23, 21
Box: 35, 296, 23
Box: 13, 4, 212
Box: 45, 22, 29
Box: 110, 19, 5
Box: 13, 32, 24
Box: 110, 18, 16
Box: 110, 296, 8
Box: 8, 37, 45
Box: 42, 96, 4
Box: 110, 296, 10
Box: 8, 23, 21
Box: 12, 2, 27
Box: 110, 5, 14
Box: 110, 37, 59
Box: 9, 33, 18
Box: 110, 72, 6
Box: 110, 60, 16
Box: 71, 176, 140
Box: 110, 178, 2
Box: 13, 20, 212
Box: 110, 20, 8
Box: 12, 11, 212
Box: 18, 96, 11
Box: 3, 6, 11
Box: 36, 37, 45
Box: 71, 53, 140
Box: 28, 16, 6
Box: 7, 3, 38
Box: 44, 9, 11
Box: 42, 96, 3
Box: 50, 9, 81
Box: 14, 8, 8
Box: 12, 23, 9
Box: 13, 29, 16
Box: 13, 187, 16
Box: 14, 2, 20
Box: 110, 178, 4
Box: 110, 34, 3
Box: 5, 27, 8
Box: 7, 24, 212
Box: 4, 11, 16
Box: 6, 23, 15
Box: 18, 28, 122
Box: 110, 56, 5
Box: 5, 27, 10
Box: 110, 57, 28
Box: 110, 17, 74
Box: 110, 72, 7
Box: 6, 106, 15
Box: 14, 18, 15
Box: 6, 23, 5
Box: 11, 18, 6
Box: 54, 160, 15
Box: 40, 15, 6
Box: 55, 22, 29
Box: 41, 296, 13
Box: 60, 40, 11
Box: 39, 38, 140
Box: 110, 72, 88
Box: 2, 2, 63
Box: 8, 114, 28
Box: 110, 60, 3
Box: 90, 215, 11
Box: 6, 9, 104
Box: 110, 26, 42
Box: 3, 96, 43
Box: 110, 57, 72
Box: 43, 70, 19
Box: 110, 5, 8
Box: 14, 4, 24
Box: 38, 37, 9
Box: 28, 32, 6
Box: 110, 296, 40
Box: 110, 9, 31
Box: 38, 3, 11
Box: 28, 11, 6
Box: 6, 22, 6
Box: 12, 2, 20
Box: 13, 3, 24
Box: 110, 296, 5
Box: 46, 8, 8
Box: 36, 165, 95
Box: 2, 96, 43
Box: 48, 296, 19
Box: 18, 96, 39
Box: 110, 39, 27
Box: 8, 8, 11
Box: 19, 6, 11
Box: 3, 40, 13
Box: 13, 37, 20
Box: 42, 44, 16
Box: 10, 25, 3
Box: 12, 7, 2
Box: 110, 25, 32
Box: 12, 7, 7
Box: 63, 18, 15
Box: 110, 8, 33
Box: 8, 5, 17
Box: 13, 27, 212
Box: 2, 101, 23
Box: 110, 21, 53
Box: 110, 54, 38
Box: 22, 140, 212
Box: 38, 20, 9
Box: 110, 20, 28
Box: 18, 96, 8
Box: 5, 27, 13
Box: 33, 12, 30
Box: 110, 35, 22
Box: 3, 23, 21
Box: 4, 60, 212
Box: 3, 15, 32
Box: 39, 93, 11
Box: 39, 57, 24
Box: 110, 200, 9
Box: 12, 7, 27
Box: 110, 21, 14
Box: 96, 74, 3
Box: 37, 96, 86
Box: 110, 57, 52
Box: 38, 23, 9
Box: 110, 31, 8
Box: 110, 16, 31
Box: 6, 22, 2
Box: 110, 87, 12
Box: 110, 12, 212
Box: 110, 30, 41
Box: 36, 26, 11
Box: 110, 29, 11
Box: 16, 5, 19
Box: 110, 37, 7
Box: 14, 121, 28
Box: 110, 24, 44
Box: 11, 153, 82
Box: 110, 8, 8
Box: 9, 149, 16
Box: 10, 296, 82
Box: 110, 11, 133
Box: 110, 38, 212
Box: 45, 9, 2
Box: 38, 8, 9
Box: 34, 60, 93
Box: 110, 62, 46
Box: 27, 37, 45
Box: 39, 93, 18
Box: 110, 87, 22
Box: 110, 215, 117
Box: 30, 2, 50
Box: 2, 96, 43
Box: 37, 13, 13
Box: 46, 121, 9
Box: 47, 57, 24
Box: 37, 39, 21
Box: 4, 121, 9
Box: 11, 117, 63
Box: 110, 296, 4
Box: 110, 58, 17
Box: 3, 3, 13
Box: 6, 30, 17
Box: 20, 36, 11
Box: 5, 2, 20
Box: 110, 34, 57
Box: 19, 15, 26
Box: 25, 52, 33
Box: 3, 220, 13
Box: 15, 2, 20
Box: 10, 25, 54
Box: 3, 25, 82
Box: 9, 33, 25
Box: 3, 8, 14
Box: 3, 40, 148
Box: 20, 8, 11
Box: 17, 296, 6
Box: 14, 114, 28
Box: 26, 30, 17
Box: 2, 37, 13
Box: 3, 9, 19
Box: 19, 40, 13
Box: 110, 83, 57
Box: 8, 296, 16
Box: 110, 23, 22
Box: 110, 87, 97
Box: 110, 9, 32
Box: 25, 11, 212
Box: 15, 24, 6
Box: 4, 9, 8
Box: 110, 72, 3
Box: 20, 37, 45
Box: 19, 15, 22
Box: 42, 23, 16
Box: 4, 25, 14
Box: 9, 296, 82
Box: 110, 264, 31
Box: 21, 27, 16
Box: 110, 2, 8
Box: 13, 57, 21
Box: 4, 9, 6
Box: 33, 60, 72
Box: 110, 87, 11
Box: 2, 101, 38
Box: 12, 50, 9
Box: 7, 32, 9
Box: 110, 7, 197
Box: 110, 132, 88
Box: 13, 19, 19
Box: 3, 18, 15
Box: 15, 115, 6
Box: 7, 40, 32
Box: 14, 2, 50
Box: 6, 28, 21
Box: 3, 25, 9
Box: 15, 50, 6
Box: 28, 11, 212
Box: 9, 33, 36
Box: 110, 17, 28
Box: 6, 96, 24
Box: 19, 15, 3
Box: 30, 25, 38
Box: 2, 101, 4
Box: 13, 2, 212
Box: 7, 21, 212
Box: 54, 3, 212
Box: 110, 21, 8
Box: 35, 57, 21
Box: 21, 11, 8
Box: 110, 82, 5
Box: 110, 149, 28
Box: 20, 6, 11
Box: 33, 60, 29
Box: 14, 8, 3
Box: 2, 2, 20
Box: 110, 296, 89
Box: 110, 296, 18
Box: 19, 296, 6
Box: 45, 23, 5
Box: 16, 2, 20
Box: 14, 8, 2
Box: 102, 296, 16
Box: 110, 2, 28
Box: 110, 296, 42
Box: 9, 128, 92
Box: 35, 271, 122
Box: 34, 48, 212
Box: 110, 187, 11
Box: 13, 11, 8
Box: 10, 25, 27
Box: 15, 40, 148
Box: 13, 13, 24
Box: 8, 30, 17
Box: 110, 2, 8
Box: 10, 63, 122
Box: 110, 24, 212
Box: 5, 20, 44
Box: 110, 12, 212
Box: 22, 15, 21
Box: 75, 133, 8
Box: 31, 3, 38
Box: 110, 103, 22
Box: 10, 4, 13
Box: 3, 25, 14
Box: 110, 2, 24
Box: 38, 9, 9
Box: 4, 2, 63
Box: 110, 161, 42
Box: 110, 14, 116
Box: 10, 25, 28
Box: 45, 22, 24
Box: 5, 27, 2
Box: 37, 63, 12
Box: 24, 25, 14
Box: 110, 42, 15
Box: 9, 24, 24
Box: 3, 19, 13
Box: 25, 3, 38
Box: 15, 40, 41
Box: 21, 21, 53
Box: 59, 57, 8
Box: 110, 34, 27
Box: 31, 25, 122
Box: 38, 13, 9
Box: 110, 6, 74
Box: 8, 9, 13
Box: 110, 9, 8
Box: 9, 23, 21
Box: 18, 42, 16
Box: 110, 30, 20
Box: 39, 93, 23
Box: 9, 26, 3
Box: 19, 52, 33
Box: 110, 178, 128
Box: 110, 58, 56
Box: 110, 26, 16
Box: 37, 3, 21
Box: 57, 40, 63
Box: 12, 11, 27
Box: 89, 21, 53
Box: 46, 39, 8
Box: 39, 40, 11
Box: 110, 215, 7
Box: 9, 57, 8
Box: 18, 24, 15
Box: 110, 88, 33
Box: 42, 32, 88
Box: 30, 9, 2
Box: 110, 296, 5
Box: 8, 3, 11
Box: 5, 16, 11
Box: 34, 9, 11
Box: 41, 296, 13
Box: 4, 9, 19
Box: 12, 110, 4
Box: 9, 90, 120
Box: 9, 5, 120
Box: 7, 9, 19
Box: 5, 27, 20
Box: 110, 296, 4
Box: 13, 17, 212
Box: 2, 9, 19
Box: 19, 15, 3
Box: 37, 96, 11
Box: 110, 8, 16
Box: 13, 15, 50
Box: 110, 62, 3
Box: 110, 24, 212
Box: 10, 4, 13
Box: 11, 53, 6
Box: 110, 9, 10
Box: 32, 121, 9
Box: 3, 23, 21
Box: 110, 79, 72
Box: 6, 2, 50
Box: 110, 11, 41
Box: 3, 2, 12
Box: 4, 37, 13
Box: 3, 3, 38
Box: 37, 33, 12
Box: 110, 5, 33
Box: 10, 296, 13
Box: 11, 57, 21
Box: 110, 53, 12
Box: 110, 58, 115
Box: 8, 60, 27
Box: 110, 36, 72
Box: 110, 10, 39
Box: 5, 27, 8
Box: 110, 87, 52
Box: 5, 52, 33
Box: 28, 215, 49
Box: 19, 15, 2
Box: 110, 161, 69
Box: 12, 8, 11
Box: 3, 128, 212
Box: 38, 65, 9
Box: 12, 41, 9
Box: 11, 101, 12
Box: 8, 9, 19
Box: 7, 40, 83
Box: 110, 43, 88
Box: 3, 216, 16
Box: 4, 8, 11
Box: 4, 126, 16
Box: 110, 142, 116
Box: 7, 34, 9
Box: 110, 183, 28
Box: 20, 128, 212
Box: 110, 37, 40
Box: 23, 16, 11
Box: 110, 98, 212
Box: 110, 30, 15
Box: 12, 271, 23
Box: 7, 9, 212
Box: 40, 4, 6
Box: 40, 2, 12
Box: 110, 216, 108
Box: 110, 26, 7
Box: 110, 37, 7
Box: 13, 19, 13
Box: 6, 17, 15
Box: 46, 2, 8
Box: 110, 23, 212
Box: 17, 37, 45
Box: 38, 3, 11
Box: 82, 64, 49
Box: 82, 17, 49
Box: 3, 296, 6
Box: 13, 9, 24
Box: 110, 7, 11
Box: 10, 25, 7
Box: 9, 271, 122
Box: 110, 2, 20
Box: 37, 5, 21
Box: 110, 69, 14
Box: 2, 9, 19
Box: 10, 57, 8
Box: 10, 40, 212
Box: 110, 7, 24
Box: 43, 7, 28
Box: 28, 2, 6
Box: 43, 136, 19
Box: 9, 27, 16
Box: 10, 208, 122
Box: 33, 41, 25
Box: 41, 25, 14
Box: 43, 18, 19
Box: 110, 30, 4
Box: 49, 39, 8
Box: 3, 32, 12
Box: 26, 52, 33
Box: 15, 21, 6
Box: 110, 200, 175
Box: 3, 25, 31
Box: 110, 74, 5
Box: 35, 52, 33
Box: 42, 96, 3
Box: 6, 22, 4
Box: 57, 40, 46
Box: 5, 7, 44
Box: 110, 74, 3
Box: 28, 8, 6
Box: 2, 9, 19
Box: 19, 296, 19
Box: 6, 22, 2
Box: 110, 4, 44
Box: 8, 101, 212
Box: 110, 72, 9
Box: 5, 296, 6
Box: 20, 2, 63
Box: 7, 8, 9
Box: 60, 2, 50
Box: 17, 3, 11
Box: 110, 39, 30
Box: 14, 10, 21
Box: 15, 175, 9
Box: 8, 296, 6
Box: 27, 40, 212
Box: 14, 27, 30
Box: 7, 114, 28
Box: 37, 43, 13
Box: 110, 60, 22
Box: 110, 296, 10
Box: 13, 296, 23
Box: 40, 28, 6
Box: 110, 42, 12
Box: 110, 46, 15
Box: 9, 19, 16
Box: 8, 2, 17
Box: 8, 7, 17
Box: 110, 178, 8
Box: 110, 2, 74
Box: 11, 2, 20
Box: 19, 9, 212
Box: 2, 11, 212
Box: 7, 27, 30
Box: 35, 9, 2
Box: 110, 58, 15
Box: 110, 216, 4
Box: 39, 93, 18
Box: 3, 165, 140
Box: 51, 30, 17
Box: 5, 2, 63
Box: 12, 155, 4
Box: 4, 23, 5
Box: 12, 66, 27
Box: 7, 37, 13
Box: 40, 12, 6
Box: 69, 15, 212
Box: 110, 22, 8
Box: 110, 57, 59
Box: 6, 2, 50
Box: 34, 3, 38
Box: 110, 21, 212
Box: 3, 14, 14
Box: 6, 60, 27
Box: 110, 34, 128
Box: 110, 215, 28
Box: 20, 20, 11
Box: 110, 6, 53
Box: 110, 24, 212
Box: 32, 9, 104
Box: 110, 2, 74
Box: 110, 296, 23
Box: 16, 37, 13
Box: 110, 296, 105
Box: 11, 16, 11
Box: 110, 59, 116
Box: 13, 18, 15
Box: 110, 7, 22
Box: 110, 11, 38
Box: 9, 96, 43
Box: 110, 123, 212
Box: 4, 4, 16
Box: 9, 7, 24
Box: 8, 10, 13
Box: 110, 16, 31
Box: 37, 19, 21
Box: 110, 12, 212
Box: 21, 133, 8
Box: 20, 23, 11
Box: 11, 60, 27
Box: 13, 19, 66
Box: 9, 26, 21
Box: 3, 8, 11
Box: 68, 32, 88
Box: 110, 296, 51
Box: 11, 117, 19
Box: 15, 34, 6
Box: 13, 19, 7
Box: 18, 31, 122
Box: 37, 7, 21
Box: 82, 2, 49
Box: 48, 40, 13
Box: 110, 37, 4
Box: 49, 69, 8
Box: 110, 148, 38
Box: 110, 56, 45
Box: 110, 38, 64
Box: 110, 11, 8
Box: 37, 296, 82
Box: 110, 21, 44
Box: 110, 51, 28
Box: 10, 25, 3
Box: 57, 40, 22
Box: 110, 57, 28
Box: 59, 3, 11
Box: 46, 4, 8
Box: 2, 37, 13
Box: 33, 2, 30
Box: 13, 19, 11
Box: 19, 15, 9
Box: 9, 23, 21
Box: 2, 15, 32
Box: 13, 37, 8
Box: 23, 2, 20
Box: 110, 178, 36
Box: 110, 27, 79
Box: 110, 19, 33
Box: 20, 27, 169
Box: 18, 74, 6
Box: 4, 60, 212
Box: 30, 25, 71
Box: 110, 183, 16
Box: 3, 7, 13
Box: 11, 9, 19
Box: 14, 23, 5
Box: 2, 25, 122
Box: 8, 16, 11
Box: 14, 10, 3
Box: 110, 60, 27
Box: 110, 6, 79
Box: 36, 23, 5
Box: 6, 14, 15
Box: 71, 67, 140
Box: 9, 33, 41
Box: 12, 39, 27
Box: 110, 37, 13
Box: 50, 9, 19
Box: 82, 2, 49
Box: 110, 84, 14
Box: 110, 72, 16
Box: 10, 25, 14
Box: 110, 134, 3
Box: 8, 60, 27
Box: 4, 296, 6
Box: 2, 74, 3
Box: 110, 88, 33
Box: 2, 40, 13
Box: 9, 53, 24
Box: 110, 64, 32
Box: 13, 37, 49
Box: 110, 65, 212
Box: 110, 27, 13
Box: 7, 43, 9
Box: 110, 165, 45
####################
#Expected Output: 20
#Number of Bins: 20.
