Bin: 198, 243, 172
Box: 26, 50, 11
Box: 101, 125, 20
Box: 13, 5, 172
Box: 39, 102, 56
Box: 46, 23, 18
Box: 26, 135, 28
Box: 98, 243, 17
Box: 22, 3, 11
Box: 20, 10, 16
Box: 44, 19, 8
Box: 9, 14, 16
Box: 15, 17, 160
Box: 24, 6, 172
Box: 198, 71, 11
Box: 17, 11, 2
Box: 153, 2, 32
Box: 7, 50, 6
Box: 2, 70, 2
Box: 198, 32, 30
Box: 65, 51, 38
Box: 76, 38, 2
Box: 4, 13, 21
Box: 47, 14, 5
Box: 19, 21, 61
Box: 17, 50, 6
Box: 24, 142, 172
Box: 65, 243, 56
Box: 7, 30, 32
Box: 49, 49, 3
Box: 198, 25, 52
Box: 101, 32, 37
Box: 7, 7, 44
Box: 10, 19, 23
Box: 20, 243, 19
Box: 38, 51, 172
Box: 198, 13, 10
Box: 198, 53, 63
Box: 2, 53, 2
Box: 24, 11, 4
Box: 10, 13, 172
Box: 6, 20, 6
Box: 33, 243, 16
Box: 198, 36, 172
Box: 198, 243, 37
Box: 93, 32, 64
Box: 14, 15, 49
Box: 22, 143, 16
Box: 32, 243, 14
Box: 198, 54, 140
Box: 9, 31, 39
Box: 20, 50, 172
Box: 7, 22, 37
Box: 46, 58, 172
Box: 49, 3, 28
Box: 41, 5, 9
Box: 52, 51, 145
Box: 58, 79, 31
Box: 5, 243, 16
Box: 43, 17, 30
Box: 6, 20, 42
Box: 198, 66, 4
Box: 23, 5, 15
Box: 20, 31, 172
Box: 7, 48, 3
Box: 4, 25, 4
Box: 54, 61, 172
Box: 3, 2, 9
Box: 9, 12, 16
Box: 63, 11, 44
Box: 44, 26, 19
Box: 6, 243, 5
Box: 19, 192, 76
Box: 6, 69, 23
Box: 198, 40, 11
Box: 26, 91, 37
Box: 64, 243, 39
Box: 75, 17, 41
Box: 7, 243, 172
Box: 66, 21, 29
Box: 28, 19, 6
Box: 24, 13, 172
Box: 9, 5, 10
Box: 16, 243, 61
Box: 8, 21, 15
Box: 198, 172, 32
Box: 2, 11, 44
Box: 21, 39, 16
Box: 42, 14, 31
Box: 198, 32, 172
Box: 12, 41, 172
Box: 18, 4, 37
Box: 53, 8, 65
Box: 22, 21, 55
Box: 18, 8, 28
Box: 34, 2, 46
Box: 16, 10, 16
Box: 8, 13, 20
Box: 18, 3, 4
Box: 21, 37, 16
Box: 198, 243, 23
Box: 78, 60, 47
Box: 65, 62, 79
Box: 18, 20, 46
Box: 2, 9, 172
Box: 198, 172, 31
Box: 18, 6, 4
Box: 198, 9, 98
Box: 4, 21, 3
Box: 116, 7, 28
Box: 58, 36, 20
Box: 4, 25, 47
Box: 8, 2, 7
Box: 15, 38, 38
Box: 198, 6, 80
Box: 8, 176, 48
Box: 8, 243, 48
Box: 8, 9, 35
Box: 10, 2, 46
Box: 37, 136, 15
Box: 15, 63, 11
Box: 75, 3, 12
Box: 198, 156, 64
Box: 198, 20, 172
Box: 28, 13, 76
Box: 12, 77, 158
Box: 2, 4, 5
Box: 2, 9, 35
Box: 24, 8, 4
Box: 198, 168, 172
Box: 198, 48, 5
Box: 42, 53, 172
Box: 5, 5, 5
Box: 16, 7, 4
Box: 198, 48, 12
Box: 46, 13, 18
Box: 198, 64, 172
Box: 2, 21, 7
Box: 6, 4, 37
Box: 38, 4, 172
Box: 19, 20, 56
Box: 48, 29, 172
Box: 23, 42, 5
Box: 15, 34, 172
Box: 5, 63, 3
Box: 5, 31, 15
Box: 25, 10, 95
Box: 16, 12, 62
Box: 22, 25, 15
Box: 198, 4, 172
Box: 55, 102, 172
Box: 198, 20, 11
Box: 10, 5, 5
Box: 177, 100, 16
Box: 41, 243, 33
Box: 198, 98, 138
Box: 4, 243, 54
Box: 5, 27, 81
Box: 25, 104, 7
Box: 93, 32, 10
Box: 4, 16, 8
Box: 26, 20, 4
Box: 42, 14, 13
Box: 11, 6, 28
Box: 11, 8, 19
Box: 6, 33, 172
Box: 155, 6, 48
Box: 13, 65, 172
Box: 12, 30, 11
Box: 28, 9, 172
Box: 198, 243, 22
Box: 29, 32, 8
Box: 83, 49, 36
Box: 198, 86, 48
Box: 38, 37, 172
Box: 9, 4, 172
Box: 62, 64, 7
Box: 20, 21, 14
Box: 2, 29, 19
Box: 52, 10, 36
Box: 22, 21, 53
Box: 8, 8, 2
Box: 198, 62, 11
Box: 36, 68, 112
Box: 3, 9, 2
Box: 3, 79, 172
Box: 5, 142, 172
Box: 44, 13, 172
Box: 101, 125, 8
Box: 3, 7, 26
Box: 178, 50, 172
Box: 23, 5, 2
Box: 141, 40, 12
Box: 26, 95, 64
Box: 14, 5, 8
Box: 44, 72, 11
Box: 2, 50, 6
Box: 167, 2, 172
Box: 6, 12, 172
Box: 198, 28, 87
Box: 45, 26, 33
Box: 31, 72, 11
Box: 40, 79, 4
Box: 46, 8, 72
Box: 4, 100, 2
Box: 11, 23, 8
Box: 30, 74, 8
Box: 18, 3, 19
Box: 29, 7, 5
Box: 4, 21, 7
Box: 2, 9, 5
Box: 3, 22, 12
Box: 42, 31, 13
Box: 15, 3, 8
Box: 93, 8, 64
Box: 84, 74, 20
Box: 11, 21, 11
Box: 23, 243, 54
Box: 7, 32, 16
Box: 28, 2, 10
Box: 151, 78, 15
Box: 5, 72, 172
Box: 10, 17, 66
Box: 17, 13, 2
Box: 20, 50, 6
Box: 21, 8, 24
Box: 113, 243, 172
Box: 15, 42, 172
Box: 12, 136, 15
Box: 2, 41, 15
Box: 36, 72, 9
Box: 44, 41, 172
Box: 66, 5, 29
Box: 9, 38, 9
Box: 16, 5, 4
Box: 46, 17, 35
Box: 198, 43, 26
Box: 21, 20, 28
Box: 31, 29, 21
Box: 26, 22, 51
Box: 39, 41, 105
Box: 198, 20, 35
Box: 26, 243, 38
Box: 19, 22, 37
Box: 18, 38, 172
Box: 38, 22, 8
Box: 13, 3, 172
Box: 36, 30, 32
Box: 101, 92, 123
Box: 20, 243, 61
Box: 198, 94, 81
Box: 10, 243, 172
Box: 198, 138, 97
Box: 44, 95, 7
Box: 198, 26, 28
Box: 25, 51, 11
Box: 83, 93, 172
Box: 51, 17, 21
Box: 198, 161, 78
Box: 198, 39, 172
Box: 32, 95, 19
Box: 4, 13, 20
Box: 9, 102, 172
Box: 44, 23, 48
Box: 87, 2, 68
Box: 19, 62, 12
Box: 41, 32, 16
Box: 44, 12, 8
Box: 26, 20, 31
Box: 20, 9, 11
Box: 36, 68, 3
Box: 44, 27, 18
Box: 48, 23, 16
Box: 28, 9, 72
Box: 22, 12, 29
Box: 41, 60, 9
Box: 43, 4, 5
Box: 37, 6, 15
Box: 12, 10, 5
Box: 37, 13, 58
Box: 68, 50, 6
Box: 20, 66, 54
Box: 198, 33, 172
Box: 31, 20, 125
Box: 27, 22, 36
Box: 33, 243, 121
Box: 11, 23, 6
Box: 38, 17, 3
Box: 3, 57, 172
Box: 5, 9, 5
Box: 198, 29, 136
Box: 29, 104, 36
Box: 44, 27, 8
Box: 111, 23, 80
Box: 58, 14, 19
Box: 24, 16, 101
Box: 55, 82, 5
Box: 6, 72, 16
Box: 3, 243, 5
Box: 23, 5, 14
Box: 18, 27, 2
Box: 73, 125, 34
Box: 4, 23, 8
Box: 14, 2, 10
Box: 17, 13, 11
Box: 15, 53, 6
Box: 34, 26, 140
Box: 8, 77, 172
Box: 12, 3, 121
Box: 6, 16, 13
Box: 78, 67, 172
Box: 6, 102, 53
Box: 6, 29, 42
Box: 35, 22, 172
Box: 10, 192, 76
Box: 26, 8, 122
Box: 79, 71, 3
Box: 15, 8, 4
Box: 61, 243, 2
Box: 142, 124, 172
Box: 79, 243, 172
Box: 10, 27, 13
Box: 27, 65, 12
Box: 34, 12, 75
Box: 36, 9, 8
Box: 22, 143, 16
Box: 42, 28, 6
Box: 26, 10, 21
Box: 44, 3, 48
Box: 67, 27, 70
Box: 198, 58, 37
Box: 21, 23, 27
Box: 2, 17, 5
Box: 18, 243, 172
Box: 92, 27, 25
Box: 8, 93, 172
Box: 5, 34, 10
Box: 15, 53, 34
Box: 198, 6, 59
Box: 4, 94, 29
Box: 12, 5, 45
Box: 2, 79, 5
Box: 123, 93, 4
Box: 15, 217, 172
Box: 12, 18, 62
Box: 20, 243, 111
Box: 9, 61, 39
Box: 22, 23, 172
Box: 2, 69, 23
Box: 15, 14, 172
Box: 2, 8, 19
Box: 44, 57, 170
Box: 2, 85, 172
Box: 198, 28, 46
Box: 18, 10, 2
Box: 73, 22, 19
Box: 37, 19, 49
Box: 32, 6, 65
Box: 12, 8, 8
Box: 55, 19, 172
Box: 195, 7, 36
Box: 23, 5, 15
Box: 198, 65, 20
Box: 5, 37, 9
Box: 198, 7, 11
Box: 198, 3, 172
Box: 55, 27, 21
Box: 51, 13, 96
Box: 51, 243, 4
Box: 74, 8, 17
Box: 77, 14, 25
Box: 2, 4, 8
Box: 6, 44, 42
Box: 24, 243, 21
Box: 38, 14, 172
Box: 12, 48, 158
Box: 3, 58, 20
Box: 198, 15, 27
Box: 26, 94, 21
Box: 26, 8, 21
Box: 7, 13, 35
Box: 45, 9, 14
Box: 11, 14, 26
Box: 75, 243, 4
Box: 5, 14, 25
Box: 31, 243, 79
Box: 6, 9, 8
Box: 36, 72, 172
Box: 198, 75, 59
Box: 5, 61, 172
Box: 39, 17, 105
Box: 198, 8, 84
Box: 29, 8, 5
Box: 15, 26, 127
Box: 6, 91, 37
Box: 2, 243, 10
Box: 62, 243, 48
Box: 101, 4, 123
Box: 7, 5, 53
Box: 7, 4, 10
Box: 47, 8, 24
Box: 23, 95, 172
Box: 44, 23, 56
Box: 25, 127, 12
Box: 76, 243, 21
Box: 5, 7, 4
Box: 5, 20, 172
Box: 7, 38, 2
Box: 5, 18, 6
Box: 9, 8, 16
Box: 10, 5, 18
Box: 51, 33, 135
Box: 97, 64, 27
Box: 37, 243, 4
Box: 44, 12, 29
Box: 30, 22, 119
Box: 7, 21, 19
Box: 10, 4, 5
Box: 47, 243, 8
Box: 4, 63, 56
Box: 3, 12, 29
Box: 59, 184, 172
Box: 180, 53, 172
Box: 7, 17, 8
Box: 148, 2, 5
Box: 6, 52, 2
Box: 6, 32, 17
Box: 198, 243, 31
Box: 177, 243, 42
Box: 15, 43, 7
Box: 25, 12, 7
Box: 28, 37, 9
Box: 8, 65, 7
Box: 5, 6, 3
Box: 81, 83, 4
Box: 11, 21, 7
Box: 2, 3, 2
Box: 76, 17, 2
Box: 15, 16, 12
Box: 12, 23, 54
Box: 105, 9, 5
Box: 65, 243, 88
Box: 22, 127, 157
Box: 93, 4, 64
Box: 9, 14, 10
Box: 87, 52, 8
Box: 18, 10, 21
Box: 8, 119, 172
Box: 10, 19, 16
Box: 198, 14, 3
Box: 24, 17, 32
Box: 23, 5, 12
Box: 18, 3, 19
Box: 44, 57, 2
Box: 67, 26, 28
Box: 44, 72, 3
Box: 28, 83, 4
Box: 198, 29, 7
Box: 198, 5, 172
Box: 14, 7, 4
Box: 3, 33, 23
Box: 11, 16, 172
Box: 198, 243, 45
Box: 7, 124, 18
Box: 6, 69, 65
Box: 19, 2, 46
Box: 9, 3, 10
Box: 35, 62, 45
Box: 41, 12, 22
Box: 29, 8, 172
Box: 3, 8, 29
Box: 14, 2, 32
Box: 13, 65, 30
Box: 7, 11, 44
Box: 77, 135, 172
Box: 37, 102, 58
Box: 103, 76, 4
Box: 18, 243, 30
Box: 3, 34, 172
Box: 9, 5, 10
Box: 195, 15, 17
Box: 10, 7, 4
Box: 29, 243, 9
Box: 2, 5, 33
Box: 9, 5, 4
Box: 30, 65, 119
Box: 12, 10, 8
Box: 42, 41, 64
Box: 20, 12, 4
Box: 9, 52, 48
Box: 70, 52, 12
Box: 3, 53, 2
Box: 30, 7, 4
Box: 44, 95, 81
Box: 33, 55, 2
Box: 40, 33, 2
Box: 40, 119, 172
Box: 28, 26, 172
Box: 15, 38, 12
Box: 8, 4, 56
Box: 3, 8, 2
Box: 44, 72, 172
Box: 148, 53, 5
Box: 30, 24, 17
Box: 198, 10, 172
Box: 48, 18, 172
Box: 5, 26, 10
Box: 18, 79, 58
Box: 10, 7, 172
Box: 48, 14, 19
Box: 65, 9, 22
Box: 3, 9, 8
Box: 4, 63, 52
Box: 46, 243, 19
Box: 198, 24, 27
Box: 6, 10, 2
Box: 7, 8, 172
Box: 198, 15, 24
Box: 16, 27, 8
Box: 31, 243, 50
Box: 47, 20, 56
Box: 36, 8, 21
Box: 74, 42, 172
Box: 8, 12, 9
Box: 3, 32, 11
Box: 131, 111, 23
Box: 25, 69, 2
Box: 31, 140, 21
Box: 18, 2, 59
Box: 24, 43, 8
Box: 16, 21, 172
Box: 76, 6, 2
Box: 3, 32, 16
Box: 34, 5, 116
Box: 9, 8, 25
Box: 97, 10, 6
Box: 21, 2, 16
Box: 15, 104, 15
Box: 23, 5, 12
Box: 198, 29, 2
Box: 62, 31, 6
Box: 198, 74, 34
Box: 198, 101, 172
Box: 103, 15, 72
Box: 9, 27, 13
Box: 165, 47, 172
Box: 198, 11, 131
Box: 26, 11, 10
Box: 6, 13, 172
Box: 47, 17, 172
Box: 8, 243, 2
Box: 21, 3, 2
Box: 24, 43, 30
Box: 7, 50, 31
Box: 36, 68, 8
Box: 31, 7, 16
Box: 100, 80, 172
Box: 72, 18, 172
Box: 15, 3, 4
Box: 43, 54, 22
Box: 198, 14, 66
Box: 27, 4, 172
Box: 198, 19, 46
Box: 30, 23, 44
Box: 9, 27, 47
Box: 198, 12, 172
Box: 9, 6, 10
Box: 9, 127, 28
Box: 23, 21, 13
Box: 33, 2, 10
Box: 23, 12, 7
Box: 58, 42, 43
Box: 48, 44, 172
Box: 115, 22, 37
Box: 15, 3, 8
Box: 24, 2, 4
Box: 18, 243, 34
Box: 7, 110, 56
Box: 6, 117, 42
Box: 198, 7, 21
Box: 76, 243, 12
Box: 30, 28, 119
Box: 5, 25, 31
Box: 30, 62, 45
Box: 149, 243, 81
Box: 136, 4, 13
Box: 7, 243, 172
Box: 6, 243, 8
Box: 198, 12, 12
Box: 12, 14, 3
Box: 15, 15, 15
Box: 9, 136, 48
Box: 13, 19, 23
Box: 3, 16, 10
Box: 49, 24, 28
Box: 31, 65, 14
Box: 9, 6, 14
Box: 2, 69, 23
Box: 9, 10, 172
Box: 198, 6, 5
Box: 15, 19, 172
Box: 4, 13, 94
Box: 23, 5, 9
Box: 114, 5, 40
Box: 26, 50, 77
Box: 46, 31, 33
Box: 3, 13, 36
Box: 4, 14, 172
Box: 6, 5, 27
Box: 29, 2, 172
Box: 4, 4, 172
Box: 2, 57, 172
Box: 107, 45, 76
Box: 40, 17, 45
Box: 6, 57, 172
Box: 36, 57, 9
Box: 180, 54, 172
Box: 57, 19, 88
Box: 24, 43, 9
Box: 120, 176, 172
Box: 12, 3, 13
Box: 198, 126, 68
Box: 21, 19, 7
Box: 2, 25, 31
Box: 12, 4, 15
Box: 119, 65, 49
Box: 44, 4, 48
Box: 65, 3, 172
Box: 35, 19, 88
Box: 12, 26, 22
Box: 23, 5, 13
Box: 15, 36, 44
Box: 75, 8, 68
Box: 3, 194, 9
Box: 36, 243, 172
Box: 97, 243, 5
Box: 37, 184, 50
Box: 9, 243, 9
Box: 6, 4, 6
Box: 15, 7, 15
Box: 3, 16, 34
Box: 17, 19, 23
Box: 198, 2, 19
Box: 134, 8, 55
Box: 10, 52, 172
Box: 31, 65, 7
Box: 76, 6, 12
Box: 26, 2, 172
Box: 62, 31, 3
Box: 57, 16, 34
Box: 8, 4, 172
Box: 30, 34, 119
Box: 6, 8, 172
Box: 18, 3, 3
Box: 101, 125, 16
Box: 8, 21, 22
Box: 44, 10, 42
Box: 13, 243, 158
Box: 22, 102, 2
Box: 15, 63, 29
Box: 16, 6, 26
Box: 12, 34, 84
Box: 18, 66, 54
Box: 9, 27, 17
Box: 17, 13, 6
Box: 16, 12, 6
Box: 22, 18, 10
Box: 24, 45, 76
Box: 198, 95, 57
Box: 9, 8, 3
Box: 2, 31, 22
Box: 98, 21, 15
Box: 57, 66, 110
Box: 6, 11, 21
Box: 29, 8, 5
Box: 15, 63, 74
Box: 103, 4, 10
Box: 20, 9, 8
Box: 85, 30, 4
Box: 4, 22, 172
Box: 16, 17, 17
Box: 10, 2, 46
Box: 8, 11, 21
Box: 113, 10, 3
Box: 46, 154, 172
Box: 101, 4, 123
Box: 72, 39, 59
Box: 33, 84, 7
Box: 111, 4, 24
Box: 22, 21, 53
Box: 198, 22, 18
Box: 19, 50, 62
Box: 17, 13, 6
Box: 42, 22, 33
Box: 9, 82, 5
Box: 31, 154, 125
Box: 49, 6, 15
Box: 14, 8, 6
Box: 198, 17, 14
Box: 40, 19, 172
Box: 87, 3, 68
Box: 198, 24, 11
Box: 98, 243, 2
Box: 6, 8, 172
Box: 2, 110, 35
Box: 52, 2, 172
Box: 5, 16, 172
Box: 25, 17, 66
Box: 2, 2, 10
Box: 63, 39, 59
Box: 43, 243, 172
Box: 198, 243, 17
Box: 198, 9, 36
Box: 18, 41, 58
Box: 78, 59, 113
Box: 198, 243, 2
Box: 35, 34, 113
Box: 14, 9, 8
Box: 49, 95, 19
Box: 198, 188, 40
Box: 72, 3, 42
Box: 15, 35, 97
Box: 3, 9, 62
Box: 13, 27, 8
Box: 76, 43, 2
Box: 198, 57, 9
Box: 198, 8, 69
Box: 23, 5, 7
Box: 198, 243, 19
Box: 198, 38, 172
Box: 53, 27, 41
Box: 65, 5, 22
Box: 20, 243, 172
Box: 85, 29, 2
Box: 198, 13, 80
Box: 77, 9, 5
Box: 26, 127, 58
Box: 15, 63, 3
Box: 5, 121, 18
Box: 20, 135, 172
Box: 33, 53, 34
Box: 79, 3, 172
Box: 58, 32, 172
Box: 198, 18, 172
Box: 15, 74, 20
Box: 107, 66, 4
Box: 4, 10, 16
Box: 152, 7, 31
Box: 12, 37, 9
Box: 58, 35, 172
Box: 41, 12, 45
Box: 11, 23, 6
Box: 7, 243, 99
Box: 28, 11, 61
Box: 6, 102, 172
Box: 13, 7, 172
Box: 8, 26, 172
Box: 37, 21, 41
Box: 198, 94, 6
Box: 16, 8, 32
Box: 44, 243, 62
Box: 66, 243, 172
Box: 65, 22, 62
Box: 198, 14, 65
Box: 53, 27, 96
Box: 198, 32, 21
Box: 4, 185, 91
Box: 9, 9, 16
Box: 2, 6, 28
Box: 65, 20, 63
Box: 198, 66, 2
Box: 43, 31, 172
Box: 19, 28, 126
Box: 41, 66, 54
Box: 14, 24, 29
Box: 8, 4, 9
Box: 7, 13, 47
Box: 2, 12, 172
Box: 25, 2, 32
Box: 103, 50, 10
Box: 198, 94, 20
Box: 72, 8, 172
Box: 43, 115, 41
Box: 9, 5, 10
Box: 78, 60, 88
Box: 30, 51, 22
Box: 4, 9, 35
Box: 4, 11, 21
Box: 198, 11, 44
Box: 44, 243, 37
Box: 198, 48, 9
Box: 198, 2, 5
Box: 2, 20, 19
Box: 198, 22, 65
Box: 29, 37, 36
Box: 5, 127, 3
Box: 32, 50, 10
Box: 3, 148, 113
Box: 12, 243, 49
Box: 15, 26, 39
Box: 37, 21, 48
Box: 25, 36, 115
Box: 198, 8, 98
Box: 98, 22, 9
Box: 17, 67, 23
Box: 105, 243, 19
Box: 10, 243, 10
Box: 5, 4, 6
Box: 62, 64, 116
Box: 23, 5, 11
Box: 28, 7, 4
Box: 15, 5, 4
Box: 2, 58, 9
Box: 4, 63, 9
Box: 3, 7, 16
Box: 5, 12, 11
Box: 2, 28, 6
Box: 29, 243, 42
Box: 17, 16, 14
Box: 9, 47, 60
Box: 26, 243, 119
Box: 5, 2, 8
Box: 18, 3, 7
Box: 18, 127, 10
Box: 29, 18, 25
Box: 16, 10, 2
Box: 2, 4, 10
Box: 14, 58, 53
Box: 31, 243, 2
Box: 9, 12, 10
Box: 84, 243, 168
Box: 87, 27, 17
Box: 72, 8, 172
Box: 15, 20, 45
Box: 34, 19, 21
Box: 198, 30, 51
Box: 198, 37, 172
Box: 2, 53, 172
Box: 20, 21, 47
Box: 22, 52, 8
Box: 7, 50, 119
Box: 19, 34, 49
Box: 34, 7, 116
Box: 3, 2, 4
Box: 178, 4, 172
Box: 8, 7, 51
Box: 23, 136, 15
Box: 23, 5, 39
Box: 26, 50, 22
Box: 18, 82, 23
Box: 51, 74, 5
Box: 2, 41, 23
Box: 98, 13, 2
Box: 165, 2, 10
Box: 198, 28, 59
Box: 135, 14, 24
Box: 198, 105, 41
Box: 9, 15, 3
Box: 43, 243, 116
Box: 43, 6, 28
Box: 57, 19, 84
Box: 21, 2, 2
Box: 198, 7, 3
Box: 57, 9, 12
Box: 33, 21, 11
Box: 52, 22, 51
Box: 5, 14, 26
Box: 28, 136, 15
Box: 28, 19, 10
Box: 21, 11, 44
Box: 35, 91, 37
Box: 22, 39, 15
Box: 26, 50, 20
Box: 198, 21, 172
Box: 66, 20, 29
Box: 47, 127, 20
Box: 24, 119, 172
Box: 15, 2, 62
Box: 46, 4, 24
Box: 2, 11, 83
Box: 18, 64, 142
Box: 9, 50, 6
Box: 67, 27, 49
Box: 198, 51, 19
Box: 198, 71, 76
Box: 6, 119, 172
Box: 23, 5, 37
Box: 198, 10, 25
Box: 8, 74, 20
Box: 198, 131, 46
Box: 13, 11, 2
Box: 76, 184, 172
Box: 42, 29, 172
Box: 12, 15, 62
Box: 8, 176, 172
Box: 80, 243, 37
Box: 61, 6, 12
Box: 2, 7, 28
Box: 49, 24, 29
Box: 44, 23, 3
Box: 31, 65, 5
Box: 103, 51, 4
Box: 58, 14, 13
Box: 89, 11, 43
Box: 26, 20, 32
Box: 9, 8, 36
Box: 2, 21, 15
Box: 46, 15, 33
Box: 35, 33, 2
Box: 33, 31, 172
Box: 57, 160, 49
Box: 198, 68, 9
Box: 15, 53, 6
Box: 55, 20, 172
Box: 55, 14, 25
Box: 18, 24, 33
Box: 79, 4, 18
Box: 2, 2, 43
Box: 23, 21, 3
Box: 43, 2, 32
Box: 36, 2, 46
Box: 18, 243, 172
Box: 198, 57, 23
Box: 31, 2, 172
Box: 6, 9, 5
Box: 6, 176, 172
Box: 18, 35, 14
Box: 2, 4, 37
Box: 78, 34, 84
Box: 29, 3, 172
Box: 12, 11, 172
Box: 27, 12, 19
Box: 7, 35, 18
Box: 38, 118, 20
Box: 5, 66, 4
Box: 34, 5, 7
Box: 84, 19, 28
Box: 3, 7, 4
Box: 71, 66, 3
Box: 198, 196, 22
Box: 2, 38, 88
Box: 9, 20, 172
Box: 198, 22, 76
Box: 198, 157, 63
Box: 35, 34, 21
Box: 4, 105, 44
Box: 198, 45, 30
Box: 21, 110, 35
Box: 39, 65, 11
Box: 15, 4, 3
Box: 2, 17, 9
Box: 38, 7, 2
Box: 4, 5, 5
Box: 22, 21, 18
Box: 6, 15, 3
Box: 64, 21, 41
Box: 25, 8, 172
Box: 9, 2, 7
Box: 11, 4, 172
Box: 34, 42, 9
Box: 32, 22, 68
Box: 33, 20, 5
Box: 2, 50, 6
Box: 15, 2, 104
Box: 198, 14, 19
Box: 29, 243, 17
Box: 34, 17, 44
Box: 5, 27, 56
Box: 3, 13, 76
Box: 5, 30, 11
Box: 45, 26, 3
Box: 10, 50, 172
Box: 30, 110, 35
Box: 56, 21, 15
Box: 87, 32, 11
Box: 65, 6, 57
Box: 66, 16, 6
Box: 8, 147, 9
Box: 3, 13, 9
Box: 3, 17, 3
Box: 22, 3, 11
Box: 198, 74, 8
Box: 6, 243, 16
Box: 18, 243, 24
Box: 198, 43, 68
Box: 35, 16, 12
Box: 13, 12, 172
Box: 2, 11, 68
Box: 40, 79, 33
Box: 198, 15, 66
Box: 73, 28, 172
Box: 168, 9, 16
Box: 15, 16, 29
Box: 98, 71, 2
Box: 9, 3, 15
Box: 4, 21, 172
Box: 26, 11, 43
Box: 34, 7, 75
Box: 4, 85, 21
Box: 39, 23, 10
Box: 44, 23, 3
Box: 198, 22, 16
Box: 23, 5, 3
Box: 8, 6, 6
Box: 87, 21, 172
Box: 39, 22, 5
Box: 14, 8, 24
Box: 5, 9, 28
Box: 2, 2, 7
Box: 198, 10, 68
Box: 67, 27, 26
Box: 4, 21, 15
Box: 26, 124, 172
Box: 13, 43, 13
Box: 138, 64, 50
Box: 198, 101, 172
Box: 15, 31, 172
Box: 48, 23, 27
Box: 5, 9, 35
Box: 8, 6, 172
Box: 198, 24, 128
Box: 2, 57, 51
Box: 57, 9, 59
Box: 27, 6, 19
Box: 18, 24, 33
Box: 124, 43, 13
Box: 15, 3, 3
Box: 3, 66, 4
Box: 6, 21, 65
Box: 4, 138, 172
Box: 15, 243, 54
Box: 15, 53, 8
Box: 15, 78, 44
Box: 21, 243, 2
Box: 10, 19, 3
Box: 9, 9, 55
Box: 107, 45, 96
Box: 16, 7, 3
Box: 18, 12, 58
Box: 4, 57, 172
Box: 7, 13, 29
Box: 198, 16, 14
Box: 23, 8, 39
Box: 4, 149, 29
Box: 50, 2, 172
Box: 33, 33, 172
Box: 21, 39, 13
Box: 87, 22, 8
Box: 32, 50, 10
Box: 4, 17, 15
Box: 22, 3, 2
Box: 4, 8, 35
Box: 9, 13, 55
Box: 92, 56, 18
Box: 198, 13, 32
Box: 198, 196, 13
Box: 5, 27, 4
Box: 31, 243, 10
Box: 8, 10, 2
Box: 4, 31, 13
Box: 3, 8, 2
Box: 62, 31, 44
Box: 198, 4, 2
Box: 15, 39, 49
Box: 21, 17, 13
Box: 65, 43, 6
Box: 21, 20, 3
Box: 25, 12, 45
Box: 4, 142, 172
Box: 198, 123, 121
Box: 3, 7, 51
Box: 32, 62, 45
Box: 2, 127, 3
Box: 198, 12, 58
Box: 8, 21, 15
Box: 7, 50, 62
Box: 38, 40, 172
Box: 18, 3, 45
Box: 23, 21, 172
Box: 198, 7, 25
Box: 27, 64, 56
Box: 87, 9, 68
Box: 57, 38, 132
Box: 80, 90, 172
Box: 16, 23, 27
Box: 24, 40, 172
Box: 48, 3, 16
Box: 15, 6, 65
Box: 66, 63, 29
Box: 13, 65, 15
Box: 96, 61, 3
Box: 15, 4, 4
Box: 37, 3, 84
Box: 198, 22, 22
Box: 61, 80, 66
Box: 2, 8, 48
Box: 71, 50, 79
Box: 198, 98, 21
Box: 3, 243, 2
Box: 13, 38, 172
Box: 18, 4, 17
Box: 46, 8, 48
Box: 198, 46, 36
Box: 37, 243, 6
Box: 2, 5, 8
Box: 4, 21, 22
Box: 15, 243, 20
Box: 97, 21, 172
Box: 41, 243, 5
Box: 198, 29, 22
Box: 85, 105, 172
Box: 97, 34, 172
Box: 14, 243, 121
Box: 18, 3, 172
Box: 9, 136, 44
Box: 7, 3, 23
Box: 113, 10, 2
Box: 9, 4, 10
Box: 16, 8, 16
Box: 56, 40, 16
Box: 198, 62, 19
Box: 7, 11, 21
Box: 6, 31, 13
Box: 23, 243, 172
Box: 67, 64, 28
Box: 2, 79, 172
Box: 3, 8, 9
Box: 5, 7, 29
Box: 18, 3, 2
Box: 6, 76, 3
Box: 97, 62, 39
Box: 56, 243, 2
Box: 61, 31, 172
Box: 21, 20, 5
Box: 9, 243, 13
Box: 87, 82, 56
Box: 36, 102, 28
Box: 4, 25, 9
Box: 198, 91, 25
Box: 14, 24, 3
Box: 42, 31, 37
Box: 131, 4, 88
Box: 144, 127, 58
Box: 9, 243, 12
Box: 34, 15, 21
Box: 198, 2, 5
Box: 23, 11, 21
Box: 4, 111, 172
Box: 53, 27, 4
Box: 4, 85, 58
Box: 15, 27, 12
Box: 50, 30, 11
Box: 55, 40, 172
Box: 44, 17, 5
Box: 38, 10, 172
Box: 198, 5, 3
Box: 14, 20, 14
Box: 5, 17, 5
Box: 6, 21, 2
Box: 5, 12, 57
Box: 55, 17, 172
Box: 7, 101, 22
Box: 15, 8, 24
Box: 17, 2, 41
Box: 156, 22, 12
Box: 198, 105, 47
Box: 8, 13, 7
Box: 14, 25, 45
Box: 198, 243, 30
Box: 57, 16, 26
Box: 93, 61, 172
Box: 14, 8, 6
Box: 198, 243, 30
Box: 29, 17, 5
Box: 10, 12, 13
Box: 80, 14, 59
Box: 114, 27, 3
Box: 30, 33, 119
Box: 55, 66, 4
Box: 198, 8, 40
Box: 15, 3, 12
Box: 54, 86, 5
Box: 100, 28, 101
Box: 8, 38, 172
Box: 15, 28, 28
Box: 18, 28, 10
Box: 54, 124, 5
Box: 38, 34, 172
Box: 2, 14, 25
Box: 198, 10, 172
Box: 41, 243, 17
Box: 27, 7, 5
Box: 85, 243, 14
Box: 73, 24, 172
Box: 9, 179, 172
Box: 18, 3, 11
Box: 8, 13, 31
Box: 58, 75, 172
Box: 41, 50, 6
Box: 18, 54, 9
Box: 23, 5, 25
Box: 30, 62, 45
Box: 11, 12, 57
Box: 45, 7, 14
Box: 18, 57, 172
Box: 198, 84, 80
Box: 15, 17, 172
Box: 66, 34, 172
Box: 198, 46, 11
Box: 198, 12, 6
Box: 198, 10, 172
Box: 22, 4, 37
Box: 12, 3, 158
Box: 10, 25, 31
Box: 198, 18, 59
Box: 198, 6, 172
Box: 16, 65, 10
Box: 7, 8, 12
Box: 4, 42, 5
Box: 48, 17, 30
Box: 40, 13, 172
Box: 39, 162, 29
Box: 27, 137, 8
Box: 17, 36, 20
Box: 52, 14, 59
Box: 114, 19, 28
Box: 198, 87, 28
Box: 8, 19, 172
Box: 26, 11, 30
Box: 100, 9, 172
Box: 15, 17, 66
Box: 3, 8, 4
Box: 28, 34, 2
Box: 21, 5, 2
Box: 15, 15, 172
Box: 70, 24, 29
Box: 16, 8, 6
Box: 198, 50, 8
Box: 2, 4, 19
Box: 58, 243, 172
Box: 8, 12, 7
Box: 22, 27, 8
Box: 198, 61, 10
Box: 3, 9, 6
Box: 160, 50, 103
Box: 198, 94, 62
Box: 4, 3, 15
Box: 43, 54, 10
Box: 8, 5, 6
Box: 56, 97, 16
Box: 198, 32, 72
Box: 58, 62, 130
Box: 36, 7, 16
Box: 29, 18, 5
Box: 122, 243, 70
Box: 16, 21, 15
Box: 94, 68, 25
Box: 12, 7, 54
Box: 9, 5, 5
Box: 198, 26, 172
Box: 27, 243, 16
Box: 2, 196, 17
Box: 96, 5, 172
Box: 3, 13, 4
Box: 148, 40, 5
Box: 198, 21, 21
Box: 2, 20, 12
Box: 40, 61, 172
Box: 7, 101, 52
Box: 22, 11, 172
Box: 4, 5, 16
Box: 84, 28, 172
Box: 19, 20, 5
Box: 198, 12, 9
Box: 62, 4, 53
Box: 66, 43, 29
Box: 14, 74, 13
Box: 79, 243, 20
Box: 2, 9, 172
Box: 7, 82, 5
Box: 15, 9, 8
Box: 18, 31, 13
Box: 79, 102, 81
Box: 198, 243, 2
Box: 155, 3, 48
Box: 6, 7, 53
Box: 100, 45, 172
Box: 9, 14, 25
Box: 15, 53, 3
Box: 39, 6, 11
Box: 14, 13, 172
Box: 2, 50, 6
Box: 6, 2, 15
Box: 3, 7, 18
Box: 124, 243, 7
Box: 68, 17, 45
Box: 5, 4, 24
Box: 12, 3, 6
Box: 28, 14, 59
Box: 15, 21, 172
Box: 8, 4, 58
Box: 10, 6, 5
Box: 49, 28, 6
Box: 12, 20, 126
Box: 12, 61, 172
Box: 45, 4, 17
Box: 178, 9, 8
Box: 4, 27, 172
Box: 58, 62, 42
Box: 29, 243, 41
Box: 90, 6, 57
Box: 26, 20, 5
Box: 51, 7, 172
Box: 6, 10, 172
Box: 15, 11, 44
Box: 27, 27, 6
Box: 96, 23, 3
Box: 18, 243, 172
Box: 45, 243, 7
Box: 167, 6, 9
Box: 6, 91, 37
Box: 62, 31, 16
Box: 9, 57, 172
Box: 52, 127, 68
Box: 51, 33, 37
Box: 66, 16, 73
Box: 74, 56, 21
Box: 38, 17, 11
Box: 3, 4, 5
Box: 11, 5, 172
Box: 9, 16, 10
Box: 56, 65, 19
Box: 10, 11, 44
Box: 23, 2, 86
Box: 13, 13, 172
Box: 21, 2, 140
Box: 12, 17, 62
Box: 89, 43, 20
Box: 9, 15, 60
Box: 7, 44, 24
Box: 95, 119, 172
Box: 11, 3, 31
Box: 2, 57, 55
Box: 9, 5, 10
Box: 43, 189, 16
Box: 2, 6, 31
Box: 44, 23, 7
Box: 29, 7, 51
Box: 198, 31, 14
Box: 198, 4, 65
Box: 16, 8, 4
Box: 47, 96, 172
Box: 65, 130, 79
Box: 24, 44, 11
Box: 198, 5, 172
Box: 6, 8, 7
Box: 58, 36, 48
Box: 3, 11, 44
Box: 121, 29, 2
Box: 86, 243, 172
Box: 37, 243, 172
Box: 21, 2, 46
Box: 8, 100, 172
Box: 35, 11, 149
Box: 4, 11, 172
Box: 3, 37, 23
Box: 15, 55, 2
Box: 198, 13, 33
Box: 5, 7, 31
Box: 97, 10, 71
Box: 77, 9, 56
Box: 3, 9, 5
Box: 24, 72, 11
Box: 98, 243, 29
Box: 9, 130, 39
Box: 172, 243, 22
Box: 29, 19, 172
Box: 3, 138, 19
Box: 44, 243, 51
Box: 80, 243, 12
Box: 93, 2, 9
Box: 9, 4, 7
Box: 29, 243, 4
Box: 25, 13, 172
Box: 9, 24, 2
Box: 6, 56, 2
Box: 119, 33, 16
Box: 18, 35, 103
Box: 198, 243, 15
Box: 2, 50, 33
Box: 4, 63, 12
Box: 198, 25, 76
Box: 62, 4, 33
Box: 19, 3, 42
Box: 9, 38, 172
Box: 9, 18, 172
Box: 27, 43, 163
Box: 79, 9, 172
Box: 92, 243, 172
Box: 59, 43, 13
Box: 66, 2, 19
Box: 23, 243, 5
Box: 70, 65, 32
Box: 9, 2, 90
Box: 40, 79, 5
Box: 29, 8, 11
Box: 30, 25, 119
Box: 77, 9, 42
Box: 9, 38, 38
Box: 27, 131, 62
Box: 7, 19, 172
Box: 24, 18, 172
Box: 198, 149, 172
Box: 15, 8, 44
Box: 29, 8, 134
Box: 15, 10, 4
Box: 15, 2, 12
Box: 16, 243, 13
Box: 6, 36, 3
Box: 167, 43, 172
Box: 4, 19, 172
Box: 4, 34, 10
Box: 198, 126, 104
Box: 14, 8, 109
Box: 18, 3, 109
Box: 4, 45, 172
Box: 43, 8, 25
Box: 27, 9, 5
Box: 43, 27, 32
Box: 2, 4, 17
Box: 5, 2, 118
Box: 60, 68, 112
Box: 68, 32, 121
Box: 40, 58, 81
Box: 57, 15, 5
Box: 9, 243, 5
Box: 29, 64, 56
Box: 46, 4, 33
Box: 20, 3, 31
Box: 65, 18, 62
Box: 4, 34, 6
Box: 23, 4, 86
Box: 4, 19, 2
Box: 28, 11, 2
Box: 5, 19, 23
Box: 29, 243, 62
Box: 15, 3, 30
Box: 79, 34, 6
Box: 10, 8, 7
Box: 28, 7, 16
Box: 38, 66, 172
Box: 167, 2, 77
Box: 3, 31, 62
Box: 3, 79, 23
Box: 40, 233, 54
Box: 13, 64, 38
Box: 19, 7, 16
Box: 65, 59, 22
Box: 3, 72, 16
Box: 15, 23, 172
Box: 27, 66, 2
Box: 167, 27, 172
Box: 101, 2, 123
Box: 42, 3, 12
Box: 198, 12, 15
Box: 198, 243, 8
Box: 13, 72, 3
Box: 5, 52, 8
Box: 96, 118, 111
Box: 52, 7, 7
Box: 11, 24, 172
Box: 8, 4, 37
Box: 3, 14, 3
Box: 27, 192, 76
Box: 133, 12, 58
Box: 198, 8, 7
Box: 30, 66, 110
Box: 15, 7, 15
Box: 12, 17, 66
Box: 54, 33, 5
Box: 101, 36, 123
Box: 2, 27, 43
Box: 10, 10, 2
Box: 4, 21, 15
Box: 15, 67, 15
Box: 44, 20, 172
Box: 24, 8, 52
Box: 36, 50, 172
Box: 198, 29, 172
Box: 173, 12, 45
Box: 21, 11, 13
Box: 6, 22, 37
Box: 68, 117, 21
Box: 25, 127, 16
Box: 14, 87, 62
Box: 43, 4, 172
Box: 2, 95, 19
Box: 19, 243, 8
Box: 73, 28, 172
Box: 10, 15, 13
Box: 51, 25, 23
Box: 91, 45, 172
Box: 127, 53, 43
Box: 198, 47, 73
Box: 19, 28, 20
Box: 18, 25, 31
Box: 17, 34, 6
Box: 63, 14, 24
Box: 33, 105, 172
Box: 9, 23, 14
Box: 46, 142, 113
Box: 10, 243, 8
Box: 17, 28, 28
Box: 6, 6, 15
Box: 198, 31, 172
Box: 4, 21, 13
Box: 12, 24, 158
Box: 4, 39, 17
Box: 198, 243, 67
Box: 93, 21, 172
Box: 4, 75, 172
Box: 79, 102, 56
Box: 5, 14, 172
Box: 198, 19, 3
Box: 198, 98, 34
Box: 17, 65, 10
Box: 15, 2, 11
Box: 198, 3, 172
Box: 58, 42, 5
Box: 29, 27, 5
Box: 198, 3, 84
Box: 44, 95, 13
Box: 12, 80, 66
Box: 29, 32, 5
Box: 38, 45, 3
Box: 23, 5, 7
Box: 198, 58, 14
Box: 5, 10, 23
Box: 198, 25, 172
Box: 2, 41, 25
Box: 24, 59, 172
Box: 10, 243, 60
Box: 10, 243, 4
Box: 16, 11, 44
Box: 122, 48, 4
Box: 10, 19, 37
Box: 44, 19, 56
Box: 28, 23, 26
Box: 41, 26, 172
Box: 38, 52, 8
Box: 22, 34, 84
Box: 198, 51, 11
Box: 30, 34, 35
Box: 2, 4, 6
Box: 6, 28, 6
Box: 40, 79, 67
Box: 2, 5, 3
Box: 100, 127, 4
Box: 9, 3, 172
Box: 63, 243, 64
Box: 15, 66, 26
Box: 3, 33, 113
Box: 7, 9, 2
Box: 10, 7, 29
Box: 155, 2, 48
Box: 12, 3, 23
Box: 6, 53, 2
Box: 2, 2, 140
Box: 6, 21, 78
Box: 92, 243, 62
Box: 15, 243, 2
Box: 22, 30, 11
Box: 65, 243, 172
Box: 36, 30, 11
Box: 12, 8, 26
Box: 15, 36, 11
Box: 38, 118, 18
Box: 69, 17, 30
Box: 67, 26, 28
Box: 78, 3, 172
Box: 68, 6, 172
Box: 77, 9, 69
Box: 7, 48, 31
Box: 13, 50, 68
Box: 6, 13, 15
Box: 198, 42, 40
Box: 81, 72, 172
Box: 18, 80, 66
Box: 19, 60, 16
Box: 47, 243, 10
Box: 198, 9, 7
Box: 5, 127, 20
Box: 4, 53, 2
Box: 18, 32, 97
Box: 17, 68, 3
Box: 123, 150, 4
Box: 15, 53, 31
Box: 2, 29, 4
Box: 2, 15, 72
Box: 44, 243, 15
Box: 25, 29, 172
Box: 21, 20, 48
Box: 25, 116, 10
Box: 5, 20, 12
Box: 25, 21, 7
Box: 5, 29, 10
Box: 81, 83, 46
Box: 8, 3, 9
Box: 54, 10, 3
Box: 4, 64, 56
Box: 18, 5, 37
Box: 13, 50, 10
Box: 3, 8, 29
Box: 25, 50, 62
Box: 89, 144, 20
Box: 4, 71, 2
Box: 12, 10, 94
Box: 2, 17, 35
Box: 198, 9, 11
Box: 12, 243, 7
Box: 19, 18, 7
Box: 2, 106, 7
Box: 22, 13, 172
Box: 3, 136, 44
Box: 198, 18, 5
Box: 198, 110, 88
Box: 198, 21, 36
Box: 38, 22, 22
Box: 14, 20, 8
Box: 44, 23, 4
Box: 38, 7, 31
Box: 23, 5, 4
Box: 58, 46, 172
Box: 15, 243, 22
Box: 198, 12, 63
Box: 15, 53, 7
Box: 198, 81, 3
Box: 7, 8, 29
Box: 48, 93, 16
Box: 96, 33, 3
Box: 8, 3, 3
Box: 198, 27, 172
Box: 26, 53, 112
Box: 198, 17, 172
Box: 198, 243, 18
Box: 15, 243, 2
Box: 29, 32, 4
Box: 198, 11, 11
Box: 198, 66, 64
Box: 36, 8, 17
Box: 4, 8, 7
Box: 32, 33, 2
Box: 22, 129, 8
Box: 13, 64, 18
Box: 198, 8, 81
Box: 198, 11, 172
Box: 16, 3, 2
Box: 42, 4, 89
Box: 28, 11, 105
Box: 198, 196, 80
Box: 76, 6, 51
Box: 14, 74, 20
Box: 18, 3, 29
Box: 22, 2, 15
Box: 118, 7, 172
Box: 7, 10, 44
Box: 2, 106, 65
Box: 198, 243, 98
Box: 79, 64, 76
Box: 21, 9, 13
Box: 51, 8, 172
Box: 23, 10, 2
Box: 2, 50, 6
Box: 121, 243, 56
Box: 3, 2, 4
Box: 198, 50, 18
Box: 2, 62, 45
Box: 42, 53, 43
Box: 63, 11, 2
Box: 34, 23, 5
Box: 33, 53, 9
Box: 30, 8, 4
Box: 62, 11, 2
Box: 198, 47, 45
Box: 40, 79, 63
Box: 81, 22, 19
Box: 9, 243, 4
Box: 4, 180, 172
Box: 3, 9, 6
Box: 121, 75, 47
Box: 97, 62, 91
Box: 198, 12, 7
Box: 93, 27, 64
Box: 29, 44, 5
Box: 3, 16, 34
Box: 5, 35, 3
Box: 7, 76, 24
Box: 198, 243, 90
Box: 2, 3, 19
Box: 3, 4, 24
Box: 21, 17, 172
Box: 30, 25, 2
Box: 49, 149, 28
Box: 36, 17, 9
Box: 121, 4, 2
Box: 18, 243, 7
Box: 3, 4, 17
Box: 25, 43, 115
Box: 198, 37, 172
Box: 3, 58, 19
Box: 22, 40, 12
Box: 198, 13, 26
Box: 3, 28, 28
Box: 18, 32, 41
Box: 198, 13, 4
Box: 8, 2, 56
Box: 58, 42, 96
Box: 72, 53, 42
Box: 51, 25, 99
Box: 8, 24, 29
Box: 4, 11, 21
Box: 34, 31, 172
Box: 78, 2, 19
Box: 57, 9, 3
Box: 43, 243, 43
Box: 198, 34, 172
Box: 8, 2, 9
Box: 61, 9, 11
Box: 26, 39, 64
Box: 25, 243, 7
Box: 198, 11, 21
Box: 46, 2, 7
Box: 21, 243, 172
Box: 13, 79, 172
Box: 18, 10, 5
Box: 29, 243, 172
Box: 46, 51, 2
Box: 8, 23, 36
Box: 198, 29, 7
Box: 98, 20, 15
Box: 25, 72, 31
Box: 163, 28, 28
Box: 58, 28, 10
Box: 7, 76, 31
Box: 3, 49, 17
Box: 2, 20, 37
Box: 12, 4, 26
Box: 32, 14, 90
Box: 22, 27, 13
Box: 45, 243, 32
Box: 11, 4, 172
Box: 21, 20, 24
Box: 23, 77, 39
Box: 46, 51, 14
Box: 25, 2, 27
Box: 11, 243, 48
Box: 5, 44, 17
Box: 25, 4, 18
Box: 103, 30, 4
Box: 30, 8, 16
Box: 12, 2, 158
Box: 3, 243, 2
Box: 62, 31, 14
Box: 198, 102, 44
Box: 17, 34, 166
Box: 26, 243, 29
Box: 37, 19, 49
Box: 36, 37, 112
Box: 21, 69, 172
Box: 18, 3, 23
Box: 78, 32, 172
Box: 41, 12, 14
Box: 15, 74, 28
Box: 3, 49, 3
Box: 42, 3, 24
Box: 198, 8, 29
Box: 49, 64, 28
Box: 119, 209, 15
Box: 43, 4, 37
Box: 9, 2, 10
Box: 25, 9, 77
Box: 15, 243, 67
Box: 6, 5, 4
Box: 9, 3, 10
Box: 30, 3, 31
Box: 37, 2, 5
Box: 15, 20, 18
Box: 43, 60, 32
Box: 23, 5, 12
Box: 198, 8, 45
Box: 6, 21, 23
Box: 49, 9, 29
Box: 198, 22, 172
Box: 25, 116, 155
Box: 198, 53, 11
Box: 16, 30, 11
Box: 7, 68, 3
Box: 20, 13, 172
Box: 11, 5, 16
Box: 2, 5, 7
Box: 19, 3, 2
Box: 198, 72, 172
Box: 2, 4, 5
Box: 76, 35, 8
Box: 13, 218, 5
Box: 22, 13, 2
Box: 18, 6, 13
Box: 198, 29, 13
Box: 180, 34, 172
Box: 3, 21, 11
Box: 2, 14, 26
Box: 12, 55, 62
Box: 198, 22, 18
Box: 5, 17, 30
Box: 6, 39, 39
Box: 198, 11, 153
Box: 59, 3, 12
Box: 198, 104, 49
Box: 149, 243, 13
Box: 20, 50, 38
Box: 198, 8, 153
Box: 101, 36, 37
Box: 42, 5, 5
Box: 4, 13, 26
Box: 14, 25, 62
Box: 21, 9, 2
Box: 15, 38, 44
Box: 8, 5, 56
Box: 68, 46, 121
Box: 45, 5, 14
Box: 7, 243, 5
Box: 4, 34, 17
Box: 3, 91, 19
Box: 21, 12, 2
Box: 7, 9, 24
Box: 155, 4, 48
Box: 37, 205, 49
Box: 31, 65, 30
Box: 40, 29, 4
Box: 198, 9, 172
Box: 68, 8, 172
Box: 16, 12, 9
Box: 198, 61, 5
Box: 5, 53, 172
Box: 17, 13, 10
Box: 64, 66, 2
Box: 21, 243, 42
Box: 24, 17, 3
Box: 18, 3, 33
Box: 12, 54, 158
Box: 8, 32, 18
Box: 16, 8, 2
Box: 2, 243, 5
Box: 102, 56, 56
Box: 49, 62, 45
Box: 20, 57, 172
Box: 198, 39, 2
Box: 11, 5, 7
Box: 6, 19, 172
Box: 34, 8, 8
Box: 198, 220, 172
Box: 18, 127, 48
Box: 23, 19, 172
Box: 57, 64, 172
Box: 91, 243, 10
Box: 15, 53, 12
Box: 5, 25, 13
Box: 18, 3, 5
Box: 3, 3, 2
Box: 9, 27, 34
Box: 5, 42, 172
Box: 7, 15, 8
Box: 198, 6, 172
Box: 11, 12, 29
Box: 149, 243, 23
Box: 15, 15, 11
Box: 132, 243, 13
Box: 52, 7, 6
Box: 11, 146, 172
Box: 78, 24, 172
Box: 42, 2, 69
Box: 8, 3, 4
Box: 35, 40, 172
Box: 178, 2, 172
Box: 17, 6, 23
Box: 75, 22, 36
Box: 96, 36, 3
Box: 119, 243, 172
Box: 34, 42, 30
Box: 13, 14, 47
Box: 4, 18, 2
Box: 2, 3, 9
Box: 2, 11, 21
Box: 17, 13, 19
Box: 22, 2, 11
Box: 29, 6, 36
Box: 4, 3, 21
Box: 198, 65, 27
Box: 198, 59, 29
Box: 65, 5, 63
Box: 14, 3, 172
Box: 44, 27, 33
Box: 15, 33, 44
Box: 36, 121, 18
Box: 198, 12, 16
Box: 198, 9, 172
Box: 58, 13, 172
Box: 23, 3, 60
Box: 35, 66, 4
Box: 53, 39, 3
Box: 34, 63, 11
Box: 65, 51, 3
Box: 5, 2, 4
Box: 56, 6, 16
Box: 8, 84, 58
Box: 33, 53, 20
Box: 52, 86, 29
Box: 36, 243, 62
Box: 31, 65, 55
Box: 100, 26, 172
Box: 26, 2, 42
Box: 198, 105, 14
Box: 7, 30, 28
Box: 9, 5, 7
Box: 2, 10, 55
Box: 72, 50, 172
Box: 2, 27, 25
Box: 18, 32, 8
Box: 9, 69, 172
Box: 93, 2, 16
Box: 28, 15, 72
Box: 3, 37, 9
Box: 23, 12, 22
Box: 31, 9, 2
Box: 29, 4, 5
Box: 9, 5, 11
Box: 198, 240, 61
Box: 15, 17, 44
Box: 48, 243, 4
Box: 2, 5, 55
Box: 5, 9, 10
Box: 22, 27, 141
Box: 51, 74, 5
Box: 14, 63, 3
Box: 24, 43, 3
Box: 30, 74, 4
Box: 37, 184, 26
Box: 9, 24, 16
Box: 62, 31, 14
Box: 6, 243, 30
Box: 76, 107, 8
Box: 6, 11, 2
Box: 4, 27, 8
Box: 9, 146, 20
Box: 198, 13, 12
Box: 2, 57, 18
Box: 5, 11, 16
Box: 52, 127, 84
Box: 3, 63, 3
Box: 8, 13, 9
Box: 179, 60, 16
Box: 61, 11, 12
Box: 7, 53, 172
Box: 36, 72, 85
Box: 2, 3, 55
Box: 14, 16, 45
Box: 9, 24, 2
Box: 13, 72, 172
Box: 2, 4, 5
Box: 2, 13, 172
Box: 36, 3, 18
Box: 27, 243, 33
Box: 50, 23, 10
Box: 14, 65, 12
Box: 6, 13, 34
Box: 9, 192, 76
Box: 136, 30, 13
Box: 40, 10, 54
Box: 4, 85, 49
Box: 26, 29, 64
Box: 7, 4, 37
Box: 10, 3, 57
Box: 68, 114, 121
Box: 7, 7, 32
Box: 27, 243, 3
Box: 24, 8, 8
Box: 198, 47, 59
Box: 21, 2, 2
Box: 6, 3, 172
Box: 58, 40, 172
Box: 18, 118, 5
Box: 10, 52, 172
Box: 5, 10, 4
Box: 12, 30, 48
Box: 9, 18, 16
Box: 28, 16, 13
Box: 66, 127, 58
Box: 27, 243, 2
Box: 6, 21, 15
Box: 38, 39, 172
Box: 4, 13, 10
Box: 198, 10, 58
Box: 6, 21, 4
Box: 6, 22, 11
Box: 85, 30, 14
Box: 29, 5, 36
Box: 4, 8, 172
Box: 25, 10, 77
Box: 80, 5, 59
Box: 51, 14, 90
Box: 180, 17, 106
Box: 43, 24, 17
Box: 2, 19, 172
Box: 198, 11, 172
Box: 39, 30, 32
Box: 29, 10, 5
Box: 4, 11, 4
Box: 46, 142, 6
Box: 21, 23, 36
Box: 92, 56, 11
Box: 4, 66, 110
Box: 198, 239, 31
Box: 11, 8, 172
Box: 15, 5, 7
Box: 17, 65, 19
Box: 3, 4, 113
Box: 198, 5, 12
Box: 45, 3, 9
Box: 58, 243, 2
Box: 96, 23, 3
Box: 100, 40, 172
Box: 32, 64, 56
Box: 136, 16, 13
Box: 81, 83, 54
Box: 4, 4, 5
Box: 13, 8, 19
Box: 65, 196, 17
Box: 24, 4, 9
Box: 198, 243, 7
Box: 4, 2, 140
Box: 48, 133, 16
Box: 9, 2, 60
Box: 12, 79, 172
Box: 198, 29, 19
Box: 198, 41, 25
Box: 4, 13, 19
Box: 8, 42, 48
Box: 9, 6, 36
Box: 3, 40, 97
Box: 80, 42, 59
Box: 76, 243, 172
Box: 4, 185, 11
Box: 198, 91, 12
Box: 14, 30, 48
Box: 13, 17, 30
Box: 2, 3, 9
Box: 114, 65, 10
Box: 2, 65, 172
Box: 198, 64, 59
Box: 26, 49, 64
Box: 7, 8, 25
Box: 26, 21, 172
Box: 43, 86, 172
Box: 81, 22, 36
Box: 13, 5, 6
Box: 4, 65, 172
Box: 18, 27, 9
Box: 9, 116, 172
Box: 4, 21, 11
Box: 113, 10, 2
Box: 4, 25, 31
Box: 9, 85, 90
Box: 23, 3, 22
Box: 51, 25, 17
Box: 45, 24, 22
Box: 45, 39, 9
Box: 198, 13, 172
Box: 42, 243, 3
Box: 20, 17, 30
Box: 198, 7, 172
Box: 198, 13, 2
Box: 13, 21, 172
Box: 38, 3, 21
Box: 21, 3, 16
Box: 18, 43, 23
Box: 5, 21, 22
Box: 14, 50, 33
Box: 49, 63, 12
Box: 24, 17, 66
Box: 3, 185, 19
Box: 27, 243, 36
Box: 151, 14, 5
Box: 36, 22, 36
Box: 36, 3, 18
Box: 198, 11, 64
Box: 2, 2, 172
Box: 19, 243, 172
Box: 11, 19, 172
Box: 27, 7, 28
Box: 9, 10, 36
Box: 72, 51, 145
Box: 58, 32, 172
Box: 30, 8, 19
Box: 13, 7, 28
Box: 35, 30, 21
Box: 198, 78, 52
Box: 19, 3, 2
Box: 198, 172, 34
Box: 36, 72, 18
Box: 22, 3, 31
Box: 198, 17, 172
Box: 2, 5, 29
Box: 145, 8, 65
Box: 104, 21, 87
Box: 37, 11, 58
Box: 198, 243, 18
Box: 198, 66, 3
Box: 15, 79, 26
Box: 40, 51, 14
Box: 198, 77, 172
Box: 29, 23, 5
Box: 9, 13, 11
Box: 11, 47, 172
Box: 18, 3, 30
Box: 118, 75, 59
Box: 12, 7, 62
Box: 35, 34, 59
Box: 58, 14, 73
Box: 10, 2, 46
Box: 15, 20, 16
Box: 35, 16, 67
Box: 13, 5, 18
Box: 5, 6, 10
Box: 80, 243, 27
Box: 6, 5, 172
Box: 24, 13, 2
Box: 44, 72, 57
Box: 10, 80, 172
Box: 36, 7, 3
Box: 46, 31, 172
Box: 5, 27, 35
Box: 198, 25, 59
Box: 18, 11, 172
Box: 4, 5, 16
Box: 15, 22, 12
Box: 10, 73, 172
Box: 21, 3, 16
Box: 92, 66, 2
Box: 41, 10, 172
Box: 12, 21, 15
Box: 87, 58, 3
Box: 198, 93, 172
Box: 80, 61, 76
Box: 22, 114, 8
Box: 8, 21, 7
Box: 26, 2, 17
Box: 15, 18, 26
Box: 198, 2, 35
Box: 6, 108, 2
Box: 5, 33, 172
Box: 9, 2, 2
Box: 43, 23, 32
Box: 24, 4, 3
Box: 5, 6, 6
Box: 6, 3, 172
Box: 198, 243, 14
Box: 128, 13, 23
Box: 68, 3, 41
Box: 14, 48, 4
Box: 26, 45, 28
Box: 15, 16, 28
Box: 58, 8, 172
Box: 83, 29, 172
Box: 37, 218, 16
Box: 14, 20, 12
Box: 198, 243, 5
Box: 12, 26, 62
Box: 23, 21, 3
Box: 96, 53, 172
Box: 10, 19, 25
Box: 119, 136, 36
Box: 49, 243, 36
Box: 6, 20, 126
Box: 61, 22, 33
Box: 4, 100, 82
Box: 16, 83, 172
Box: 198, 14, 7
Box: 198, 240, 19
Box: 4, 3, 128
Box: 13, 10, 42
Box: 58, 36, 21
Box: 31, 212, 172
Box: 29, 81, 25
Box: 198, 243, 28
Box: 36, 94, 58
Box: 9, 2, 90
Box: 10, 21, 65
Box: 22, 17, 5
Box: 37, 21, 22
Box: 37, 64, 172
Box: 57, 31, 119
Box: 198, 243, 4
Box: 8, 10, 29
Box: 4, 7, 3
Box: 38, 17, 7
Box: 5, 2, 10
Box: 2, 18, 7
Box: 48, 23, 18
Box: 8, 7, 2
Box: 198, 32, 172
Box: 56, 63, 12
Box: 198, 243, 44
Box: 198, 243, 53
Box: 198, 243, 6
Box: 198, 44, 172
Box: 97, 243, 14
Box: 198, 65, 7
Box: 79, 102, 6
Box: 97, 110, 172
Box: 6, 98, 172
Box: 10, 21, 11
Box: 15, 18, 5
Box: 10, 30, 33
Box: 76, 66, 3
Box: 7, 48, 24
Box: 6, 243, 8
Box: 52, 21, 172
Box: 160, 17, 97
Box: 39, 7, 83
Box: 3, 39, 97
Box: 38, 45, 30
Box: 57, 15, 6
Box: 131, 36, 23
Box: 44, 27, 69
Box: 57, 83, 49
Box: 39, 7, 22
Box: 13, 143, 16
Box: 23, 5, 3
Box: 45, 14, 14
Box: 24, 17, 27
Box: 198, 37, 172
Box: 12, 21, 7
Box: 29, 243, 85
Box: 27, 22, 19
Box: 73, 5, 172
Box: 2, 64, 34
Box: 2, 14, 19
Box: 4, 85, 20
Box: 41, 243, 155
Box: 87, 82, 4
Box: 19, 3, 11
Box: 10, 19, 4
Box: 52, 243, 3
Box: 42, 67, 172
Box: 30, 25, 115
Box: 25, 18, 172
Box: 198, 68, 60
Box: 6, 18, 172
Box: 7, 4, 32
Box: 198, 10, 7
Box: 24, 8, 3
Box: 198, 123, 21
Box: 32, 23, 80
Box: 20, 3, 8
Box: 198, 40, 3
Box: 9, 136, 86
Box: 2, 20, 172
Box: 198, 44, 11
Box: 198, 133, 35
Box: 20, 50, 18
Box: 113, 10, 2
Box: 198, 11, 172
Box: 107, 66, 18
Box: 10, 3, 3
Box: 44, 2, 48
Box: 153, 66, 172
Box: 54, 243, 8
Box: 87, 58, 8
Box: 6, 243, 81
Box: 198, 6, 12
Box: 91, 23, 28
Box: 23, 84, 7
Box: 93, 145, 64
Box: 133, 12, 32
Box: 11, 23, 9
Box: 3, 7, 56
Box: 12, 3, 8
Box: 7, 19, 23
Box: 47, 74, 172
Box: 17, 13, 2
Box: 39, 26, 105
Box: 9, 10, 5
Box: 35, 11, 5
Box: 87, 43, 68
Box: 7, 110, 63
Box: 12, 68, 3
Box: 16, 50, 6
Box: 3, 243, 4
Box: 6, 10, 42
Box: 57, 9, 47
Box: 167, 13, 172
Box: 14, 17, 53
Box: 42, 243, 172
Box: 16, 9, 17
Box: 17, 13, 9
Box: 2, 16, 13
Box: 2, 38, 172
Box: 8, 8, 35
Box: 30, 55, 20
Box: 28, 22, 72
Box: 21, 9, 16
Box: 24, 15, 72
Box: 31, 23, 27
Box: 198, 243, 6
Box: 22, 13, 172
Box: 11, 21, 11
Box: 123, 243, 28
Box: 167, 2, 63
Box: 5, 4, 37
Box: 9, 21, 39
Box: 102, 243, 39
Box: 6, 5, 24
Box: 54, 8, 24
Box: 9, 31, 62
Box: 62, 31, 2
Box: 11, 22, 12
Box: 62, 64, 15
Box: 46, 21, 18
Box: 38, 47, 172
Box: 8, 64, 9
Box: 198, 4, 135
Box: 22, 10, 19
Box: 25, 12, 172
Box: 4, 9, 128
Box: 10, 25, 172
Box: 29, 11, 172
Box: 22, 122, 10
Box: 15, 20, 14
Box: 41, 12, 23
Box: 13, 100, 172
Box: 18, 50, 9
Box: 57, 16, 11
Box: 13, 50, 47
Box: 3, 22, 11
Box: 12, 10, 58
Box: 96, 118, 3
Box: 2, 8, 7
Box: 6, 5, 27
Box: 14, 20, 10
Box: 2, 108, 2
Box: 45, 26, 63
Box: 35, 12, 172
Box: 198, 57, 38
Box: 41, 12, 14
Box: 18, 6, 15
Box: 198, 3, 172
Box: 56, 65, 10
Box: 198, 19, 153
Box: 15, 8, 3
Box: 56, 65, 4
Box: 49, 13, 23
Box: 23, 27, 13
Box: 44, 9, 91
Box: 87, 243, 5
Box: 96, 8, 172
Box: 119, 13, 16
Box: 26, 20, 17
Box: 45, 23, 10
Box: 7, 65, 172
Box: 7, 23, 24
Box: 24, 43, 12
Box: 13, 5, 2
Box: 198, 243, 47
Box: 198, 105, 97
Box: 57, 2, 40
Box: 3, 7, 23
Box: 4, 4, 172
Box: 13, 7, 29
Box: 19, 21, 56
Box: 12, 19, 172
Box: 34, 30, 32
Box: 4, 44, 128
Box: 198, 24, 75
Box: 7, 27, 119
Box: 198, 10, 8
Box: 29, 144, 135
Box: 66, 160, 97
Box: 56, 7, 51
Box: 9, 5, 18
Box: 26, 243, 30
Box: 4, 243, 172
Box: 198, 24, 66
Box: 22, 40, 102
Box: 24, 8, 5
Box: 25, 20, 172
Box: 96, 35, 172
Box: 198, 22, 8
Box: 41, 5, 73
Box: 2, 15, 23
Box: 198, 28, 56
Box: 2, 106, 8
Box: 121, 2, 2
Box: 3, 6, 19
Box: 71, 243, 172
Box: 5, 125, 34
Box: 93, 2, 12
Box: 2, 41, 70
Box: 6, 4, 172
Box: 52, 86, 29
Box: 104, 21, 14
Box: 7, 72, 172
Box: 6, 28, 172
Box: 6, 5, 2
Box: 22, 10, 14
Box: 198, 46, 3
Box: 4, 31, 62
Box: 8, 24, 58
Box: 140, 243, 172
Box: 5, 64, 56
Box: 9, 4, 36
Box: 53, 84, 172
Box: 17, 13, 8
Box: 79, 209, 15
Box: 8, 10, 58
Box: 47, 78, 15
Box: 19, 5, 7
Box: 7, 63, 12
Box: 8, 10, 36
Box: 3, 19, 172
Box: 3, 13, 27
Box: 30, 51, 88
Box: 4, 31, 13
Box: 3, 8, 4
Box: 19, 16, 3
Box: 44, 17, 26
Box: 198, 243, 17
Box: 198, 61, 7
Box: 4, 62, 12
Box: 6, 243, 67
Box: 121, 13, 2
Box: 16, 21, 172
Box: 198, 9, 20
Box: 32, 118, 5
Box: 57, 43, 172
Box: 3, 22, 15
Box: 9, 2, 7
Box: 23, 3, 26
Box: 2, 127, 3
Box: 98, 17, 15
Box: 3, 49, 4
Box: 44, 27, 15
Box: 198, 6, 172
Box: 22, 4, 11
Box: 2, 23, 26
Box: 45, 19, 172
Box: 57, 31, 5
Box: 51, 74, 16
Box: 16, 243, 9
Box: 44, 11, 19
Box: 43, 54, 16
Box: 28, 11, 6
Box: 25, 9, 11
Box: 12, 17, 21
Box: 198, 36, 172
Box: 24, 80, 66
Box: 198, 9, 59
Box: 5, 24, 4
Box: 7, 243, 172
Box: 70, 243, 48
Box: 5, 22, 19
Box: 178, 9, 172
Box: 34, 42, 5
Box: 80, 243, 10
Box: 93, 2, 3
Box: 58, 36, 72
Box: 107, 14, 90
Box: 4, 13, 12
Box: 198, 16, 25
Box: 65, 35, 17
Box: 42, 136, 64
Box: 6, 9, 26
Box: 7, 125, 34
Box: 64, 21, 15
Box: 27, 199, 21
Box: 21, 19, 2
Box: 112, 2, 59
Box: 31, 51, 21
Box: 57, 58, 172
Box: 21, 243, 53
Box: 21, 48, 13
Box: 14, 37, 9
Box: 6, 31, 13
Box: 14, 53, 62
Box: 18, 51, 35
Box: 198, 48, 12
Box: 4, 25, 18
Box: 50, 136, 44
Box: 9, 136, 33
Box: 7, 7, 28
Box: 2, 82, 5
Box: 28, 83, 28
Box: 5, 72, 172
Box: 22, 40, 58
Box: 25, 3, 84
Box: 2, 59, 113
Box: 18, 243, 13
Box: 4, 7, 28
Box: 3, 7, 2
Box: 80, 43, 172
Box: 11, 23, 11
Box: 38, 22, 5
Box: 11, 243, 172
Box: 22, 21, 22
Box: 8, 3, 2
Box: 34, 5, 20
Box: 70, 57, 172
Box: 48, 14, 16
Box: 19, 25, 31
Box: 49, 11, 44
Box: 79, 12, 18
Box: 60, 243, 53
Box: 26, 2, 172
Box: 198, 27, 172
Box: 18, 7, 29
Box: 29, 8, 6
Box: 10, 18, 7
Box: 23, 21, 3
Box: 19, 16, 23
Box: 62, 75, 47
Box: 32, 19, 88
Box: 36, 62, 13
Box: 15, 13, 31
Box: 16, 21, 11
Box: 65, 2, 22
Box: 12, 15, 62
Box: 3, 58, 42
Box: 12, 37, 172
Box: 198, 47, 46
Box: 71, 50, 51
Box: 10, 55, 2
Box: 6, 21, 11
Box: 178, 7, 172
Box: 3, 12, 44
Box: 19, 136, 15
Box: 58, 65, 96
Box: 7, 5, 110
Box: 153, 9, 37
Box: 15, 34, 140
Box: 44, 5, 19
Box: 22, 2, 15
Box: 69, 17, 172
Box: 25, 243, 172
Box: 2, 106, 34
Box: 29, 21, 5
Box: 4, 13, 16
Box: 167, 8, 172
Box: 8, 17, 66
Box: 9, 2, 2
Box: 15, 8, 172
Box: 22, 3, 11
Box: 38, 17, 97
Box: 18, 3, 5
Box: 72, 13, 172
Box: 47, 243, 172
Box: 43, 243, 2
Box: 31, 50, 172
Box: 85, 4, 2
Box: 10, 72, 16
Box: 73, 49, 172
Box: 8, 114, 7
Box: 14, 20, 24
Box: 3, 13, 40
Box: 198, 22, 2
Box: 198, 26, 46
Box: 46, 3, 17
Box: 5, 8, 44
Box: 2, 160, 14
Box: 29, 32, 10
Box: 3, 19, 23
Box: 11, 13, 2
Box: 36, 5, 18
Box: 18, 59, 35
Box: 27, 7, 5
Box: 83, 49, 32
Box: 31, 2, 32
Box: 9, 20, 36
Box: 93, 10, 3
Box: 135, 42, 11
Box: 2, 11, 4
Box: 198, 8, 4
Box: 23, 63, 3
Box: 198, 4, 153
Box: 52, 66, 110
Box: 14, 21, 22
Box: 30, 23, 27
Box: 198, 2, 131
Box: 65, 71, 17
Box: 198, 13, 8
Box: 40, 51, 5
Box: 6, 20, 139
Box: 29, 2, 36
Box: 198, 54, 29
Box: 3, 80, 42
Box: 6, 243, 21
Box: 10, 8, 172
Box: 17, 16, 10
Box: 198, 48, 16
Box: 24, 17, 98
Box: 19, 21, 5
Box: 18, 48, 4
Box: 65, 22, 51
Box: 2, 5, 8
Box: 73, 22, 36
Box: 48, 11, 172
Box: 24, 39, 49
Box: 39, 4, 37
Box: 21, 19, 4
Box: 3, 3, 12
Box: 45, 243, 13
Box: 57, 78, 172
Box: 56, 22, 21
Box: 6, 69, 107
Box: 23, 21, 27
Box: 2, 8, 44
Box: 198, 28, 44
Box: 19, 62, 12
Box: 15, 3, 3
Box: 44, 243, 27
Box: 8, 9, 35
Box: 57, 76, 172
Box: 12, 6, 15
Box: 98, 79, 15
Box: 198, 54, 3
Box: 4, 20, 5
Box: 58, 10, 172
Box: 198, 27, 23
Box: 72, 4, 42
Box: 10, 22, 68
Box: 198, 24, 2
Box: 65, 51, 2
Box: 13, 10, 5
Box: 198, 20, 72
Box: 9, 9, 35
Box: 17, 19, 24
Box: 7, 66, 172
Box: 2, 22, 44
Box: 9, 8, 7
Box: 25, 6, 115
Box: 18, 243, 20
Box: 24, 196, 17
Box: 45, 2, 172
Box: 45, 43, 2
Box: 9, 105, 172
Box: 57, 10, 172
Box: 17, 6, 11
Box: 57, 31, 24
Box: 26, 243, 8
Box: 25, 127, 22
Box: 13, 37, 9
Box: 198, 13, 172
Box: 198, 30, 6
Box: 27, 34, 84
Box: 44, 2, 46
Box: 58, 42, 8
Box: 144, 58, 81
Box: 6, 5, 5
Box: 198, 105, 67
Box: 24, 43, 9
Box: 6, 39, 20
Box: 15, 3, 3
Box: 119, 10, 21
Box: 65, 43, 25
Box: 44, 27, 16
Box: 8, 243, 3
Box: 2, 102, 172
Box: 29, 24, 29
Box: 24, 16, 13
Box: 64, 21, 11
Box: 27, 69, 62
Box: 198, 6, 37
Box: 4, 17, 15
Box: 198, 243, 15
Box: 9, 4, 11
Box: 49, 196, 17
Box: 4, 4, 10
Box: 4, 9, 26
Box: 40, 51, 17
Box: 58, 79, 80
Box: 3, 2, 18
Box: 198, 127, 48
Box: 20, 21, 12
Box: 16, 22, 68
Box: 198, 13, 3
Box: 29, 21, 13
Box: 8, 64, 34
Box: 49, 23, 26
Box: 10, 21, 15
Box: 45, 9, 37
Box: 19, 17, 35
Box: 93, 16, 13
Box: 24, 44, 21
Box: 45, 243, 80
Box: 198, 30, 59
Box: 51, 2, 12
Box: 46, 55, 18
Box: 3, 53, 172
Box: 2, 8, 18
Box: 7, 38, 6
Box: 21, 21, 7
Box: 21, 21, 40
Box: 36, 10, 60
Box: 12, 6, 172
Box: 6, 243, 34
Box: 11, 8, 19
Box: 9, 52, 8
Box: 43, 27, 32
Box: 10, 5, 172
Box: 2, 20, 8
Box: 28, 19, 22
Box: 10, 10, 5
Box: 45, 79, 22
Box: 198, 22, 15
Box: 198, 95, 96
Box: 4, 100, 71
Box: 106, 63, 3
Box: 198, 243, 66
Box: 2, 38, 38
Box: 23, 64, 172
Box: 64, 63, 3
Box: 56, 23, 5
Box: 4, 39, 59
Box: 42, 3, 64
Box: 87, 58, 5
Box: 17, 19, 50
Box: 57, 11, 172
Box: 198, 8, 46
Box: 55, 167, 172
Box: 30, 4, 172
Box: 198, 243, 22
Box: 58, 65, 49
Box: 198, 24, 172
Box: 87, 17, 68
Box: 198, 2, 14
Box: 22, 9, 8
Box: 93, 2, 64
Box: 3, 7, 14
Box: 2, 8, 19
Box: 131, 5, 88
Box: 3, 9, 3
Box: 17, 16, 41
Box: 6, 11, 43
Box: 17, 50, 6
Box: 59, 9, 172
Box: 7, 101, 45
Box: 44, 19, 14
Box: 42, 5, 64
Box: 198, 11, 19
Box: 2, 27, 55
Box: 6, 20, 27
Box: 198, 45, 172
Box: 5, 26, 10
Box: 12, 14, 16
Box: 9, 127, 28
Box: 25, 42, 11
Box: 5, 30, 13
Box: 14, 22, 36
Box: 87, 21, 13
Box: 198, 114, 66
Box: 12, 176, 172
Box: 7, 13, 31
Box: 30, 25, 55
Box: 10, 5, 4
Box: 33, 23, 80
Box: 9, 45, 64
Box: 4, 63, 13
Box: 107, 66, 2
Box: 22, 6, 11
Box: 11, 98, 172
Box: 65, 14, 22
Box: 9, 24, 60
Box: 35, 11, 18
Box: 38, 17, 4
Box: 29, 55, 25
Box: 8, 52, 7
Box: 18, 243, 29
Box: 8, 243, 2
Box: 93, 30, 64
Box: 198, 243, 16
Box: 8, 3, 8
Box: 61, 243, 25
Box: 28, 23, 26
Box: 4, 3, 31
Box: 13, 4, 37
Box: 31, 65, 14
Box: 34, 243, 17
Box: 2, 31, 40
Box: 48, 144, 121
Box: 28, 23, 28
Box: 11, 21, 22
Box: 49, 3, 28
Box: 29, 63, 172
Box: 3, 8, 94
Box: 2, 7, 9
Box: 37, 21, 41
Box: 40, 74, 13
Box: 83, 243, 54
Box: 4, 100, 17
Box: 32, 11, 21
Box: 9, 7, 14
Box: 29, 63, 25
Box: 37, 21, 5
Box: 23, 5, 7
Box: 21, 48, 16
Box: 198, 21, 108
Box: 44, 10, 3
Box: 26, 11, 4
Box: 6, 243, 28
Box: 198, 37, 7
Box: 113, 20, 172
Box: 198, 78, 42
Box: 13, 9, 172
Box: 2, 5, 12
Box: 3, 7, 14
Box: 198, 243, 7
Box: 175, 243, 172
Box: 65, 8, 22
Box: 37, 243, 172
Box: 18, 37, 9
Box: 136, 20, 5
Box: 198, 48, 8
Box: 19, 7, 51
Box: 198, 12, 9
Box: 37, 23, 58
Box: 5, 63, 3
Box: 27, 13, 46
Box: 16, 74, 20
Box: 198, 48, 5
Box: 58, 79, 37
Box: 101, 41, 123
Box: 2, 106, 2
Box: 198, 144, 172
Box: 37, 25, 31
Box: 8, 7, 9
Box: 43, 10, 21
Box: 198, 28, 10
Box: 18, 6, 33
Box: 198, 78, 35
Box: 30, 42, 4
Box: 3, 13, 2
Box: 24, 12, 4
Box: 33, 16, 101
Box: 119, 42, 16
Box: 156, 8, 94
Box: 9, 4, 55
Box: 70, 23, 32
Box: 38, 2, 172
Box: 28, 14, 172
Box: 2, 2, 46
Box: 51, 21, 172
Box: 7, 5, 32
Box: 5, 22, 37
Box: 4, 101, 172
Box: 101, 13, 123
Box: 44, 243, 34
Box: 4, 3, 2
Box: 198, 13, 2
Box: 10, 19, 30
Box: 4, 13, 128
Box: 36, 24, 17
Box: 5, 100, 4
Box: 6, 7, 28
Box: 68, 28, 10
Box: 3, 7, 4
Box: 95, 66, 22
Box: 87, 58, 15
Box: 43, 5, 5
Box: 13, 3, 9
Box: 198, 240, 15
Box: 83, 49, 50
Box: 18, 6, 4
Box: 37, 17, 160
Box: 18, 35, 23
Box: 5, 50, 172
Box: 28, 22, 36
Box: 198, 123, 19
Box: 54, 21, 65
Box: 2, 21, 8
Box: 198, 15, 145
Box: 67, 27, 14
Box: 198, 54, 172
Box: 18, 4, 155
Box: 21, 4, 37
Box: 13, 5, 2
Box: 76, 49, 8
Box: 36, 27, 9
Box: 78, 60, 11
Box: 106, 9, 74
Box: 25, 72, 9
Box: 19, 64, 27
Box: 9, 38, 20
Box: 2, 243, 172
Box: 5, 47, 28
Box: 112, 3, 84
Box: 104, 21, 4
Box: 75, 243, 12
Box: 23, 7, 28
Box: 3, 22, 42
Box: 24, 50, 172
Box: 16, 22, 21
Box: 93, 32, 34
Box: 5, 122, 28
Box: 78, 60, 26
Box: 18, 243, 21
Box: 15, 3, 31
Box: 3, 3, 4
Box: 15, 34, 16
Box: 5, 22, 10
Box: 198, 100, 7
Box: 18, 28, 58
Box: 10, 6, 172
Box: 100, 9, 172
Box: 46, 8, 52
Box: 2, 63, 19
Box: 2, 19, 172
Box: 58, 6, 172
Box: 17, 16, 30
Box: 8, 22, 11
Box: 67, 45, 3
Box: 7, 56, 31
Box: 23, 5, 30
Box: 198, 7, 67
Box: 28, 83, 66
Box: 8, 10, 6
Box: 3, 47, 9
Box: 45, 43, 35
Box: 35, 119, 21
Box: 25, 11, 115
Box: 114, 14, 3
Box: 198, 42, 44
Box: 34, 138, 11
Box: 49, 17, 12
Box: 18, 4, 6
Box: 15, 243, 16
Box: 3, 10, 172
Box: 15, 16, 44
Box: 24, 5, 4
Box: 9, 5, 16
Box: 14, 27, 3
Box: 31, 243, 6
Box: 13, 34, 172
Box: 15, 35, 46
Box: 198, 78, 28
Box: 4, 31, 13
Box: 22, 18, 10
Box: 2, 38, 7
Box: 34, 2, 7
Box: 18, 243, 20
Box: 53, 23, 28
Box: 198, 14, 172
Box: 27, 243, 7
Box: 119, 58, 21
Box: 2, 34, 23
Box: 18, 55, 2
Box: 41, 21, 9
Box: 27, 7, 3
Box: 198, 27, 172
Box: 14, 58, 81
Box: 18, 35, 25
Box: 25, 22, 95
Box: 126, 172, 42
Box: 4, 34, 23
Box: 198, 8, 172
Box: 9, 66, 110
Box: 11, 243, 29
Box: 4, 29, 4
Box: 5, 4, 5
Box: 198, 74, 45
Box: 4, 13, 2
Box: 11, 64, 172
Box: 106, 48, 23
Box: 58, 4, 135
Box: 43, 121, 13
Box: 29, 21, 5
Box: 15, 144, 172
Box: 18, 56, 23
Box: 118, 8, 6
Box: 68, 3, 17
Box: 29, 72, 3
Box: 198, 64, 28
Box: 5, 59, 4
Box: 34, 23, 26
Box: 38, 7, 51
Box: 12, 5, 9
Box: 47, 22, 33
Box: 198, 14, 172
Box: 2, 4, 3
Box: 8, 25, 48
Box: 19, 34, 34
Box: 5, 12, 3
Box: 198, 127, 3
Box: 5, 2, 8
Box: 14, 72, 16
Box: 10, 243, 102
Box: 16, 82, 17
Box: 82, 4, 10
Box: 4, 23, 8
Box: 198, 243, 101
Box: 4, 17, 15
Box: 13, 4, 18
Box: 27, 106, 8
Box: 21, 65, 49
Box: 15, 3, 8
Box: 8, 14, 90
Box: 13, 80, 66
Box: 198, 10, 67
Box: 198, 107, 172
Box: 29, 22, 5
Box: 26, 20, 4
Box: 31, 45, 172
Box: 15, 34, 16
Box: 6, 243, 19
Box: 126, 45, 3
Box: 198, 23, 172
Box: 198, 14, 3
Box: 48, 23, 39
Box: 101, 26, 123
Box: 28, 10, 76
Box: 198, 10, 30
Box: 3, 3, 4
Box: 15, 16, 47
Box: 3, 14, 3
Box: 15, 35, 29
Box: 35, 66, 2
Box: 21, 13, 23
Box: 198, 6, 7
Box: 167, 6, 81
Box: 5, 18, 16
Box: 3, 58, 113
Box: 35, 11, 158
Box: 46, 5, 17
Box: 45, 2, 35
Box: 42, 2, 89
Box: 30, 74, 4
Box: 8, 21, 35
Box: 129, 64, 46
Box: 13, 8, 24
Box: 93, 32, 9
Box: 22, 14, 15
Box: 6, 17, 15
Box: 34, 173, 140
Box: 70, 40, 32
Box: 25, 8, 25
Box: 7, 2, 18
Box: 43, 6, 41
Box: 3, 7, 29
Box: 119, 16, 16
Box: 54, 20, 56
Box: 7, 21, 32
Box: 66, 19, 172
Box: 2, 10, 172
Box: 198, 19, 8
Box: 198, 24, 8
Box: 30, 158, 20
Box: 59, 143, 16
Box: 7, 82, 18
Box: 8, 13, 10
Box: 9, 27, 2
Box: 27, 7, 2
Box: 4, 13, 2
Box: 180, 72, 172
Box: 198, 2, 15
Box: 7, 102, 2
Box: 198, 19, 25
Box: 98, 4, 2
Box: 2, 4, 114
Box: 44, 10, 16
Box: 24, 8, 17
Box: 6, 8, 35
Box: 7, 5, 32
Box: 15, 38, 21
Box: 198, 57, 29
Box: 51, 74, 3
Box: 19, 5, 5
Box: 58, 45, 172
Box: 51, 21, 13
Box: 121, 243, 2
Box: 68, 3, 26
Box: 13, 8, 24
Box: 15, 20, 56
Box: 18, 59, 2
Box: 198, 46, 23
Box: 10, 100, 172
Box: 26, 20, 47
Box: 44, 75, 172
Box: 5, 2, 2
Box: 26, 53, 60
Box: 198, 38, 12
Box: 38, 9, 26
Box: 4, 185, 70
Box: 14, 37, 9
Box: 61, 21, 172
Box: 198, 240, 5
Box: 97, 10, 17
Box: 25, 10, 21
Box: 198, 30, 58
Box: 19, 34, 28
Box: 33, 53, 66
Box: 36, 68, 43
Box: 62, 31, 20
Box: 4, 34, 54
Box: 44, 23, 18
Box: 28, 233, 172
Box: 4, 65, 10
Box: 26, 19, 48
Box: 9, 3, 10
Box: 9, 5, 10
Box: 167, 2, 32
Box: 23, 38, 86
Box: 2, 4, 172
Box: 198, 83, 97
Box: 29, 7, 51
Box: 33, 243, 4
Box: 3, 29, 19
Box: 3, 22, 5
Box: 15, 19, 172
Box: 12, 2, 172
Box: 42, 3, 5
Box: 23, 21, 8
Box: 8, 61, 172
Box: 58, 42, 16
Box: 167, 6, 5
Box: 2, 22, 21
Box: 31, 17, 172
Box: 98, 17, 172
Box: 104, 84, 7
Box: 76, 13, 172
Box: 2, 8, 9
Box: 45, 24, 35
Box: 6, 10, 36
Box: 5, 8, 172
Box: 10, 30, 124
Box: 22, 51, 172
Box: 7, 2, 21
Box: 36, 25, 3
Box: 3, 13, 2
Box: 23, 30, 32
Box: 39, 243, 53
Box: 76, 243, 22
Box: 133, 8, 172
Box: 78, 63, 3
Box: 48, 27, 172
Box: 21, 51, 11
Box: 5, 8, 29
Box: 5, 31, 6
Box: 44, 148, 48
Box: 4, 85, 5
Box: 46, 64, 58
Box: 8, 59, 29
Box: 121, 28, 2
Box: 198, 10, 64
Box: 9, 7, 172
Box: 21, 66, 4
Box: 20, 30, 32
Box: 98, 243, 18
Box: 24, 44, 18
Box: 198, 49, 44
Box: 8, 5, 58
Box: 5, 21, 15
Box: 87, 8, 68
Box: 2, 15, 172
Box: 24, 9, 2
Box: 45, 10, 35
Box: 198, 58, 172
Box: 20, 21, 19
Box: 18, 26, 33
Box: 52, 7, 7
Box: 198, 22, 102
Box: 5, 47, 153
Box: 7, 243, 4
Box: 5, 2, 37
Box: 6, 243, 5
Box: 52, 44, 29
Box: 8, 10, 5
Box: 7, 50, 62
Box: 11, 243, 172
Box: 126, 22, 21
Box: 16, 84, 172
Box: 8, 15, 56
Box: 27, 5, 62
Box: 6, 243, 111
Box: 8, 4, 9
Box: 5, 14, 4
Box: 16, 57, 172
Box: 9, 3, 7
Box: 4, 31, 62
Box: 8, 243, 16
Box: 134, 243, 172
Box: 46, 23, 4
Box: 52, 64, 34
Box: 36, 12, 13
Box: 46, 26, 17
Box: 59, 95, 19
Box: 18, 160, 39
Box: 81, 9, 11
Box: 10, 4, 172
Box: 7, 38, 4
Box: 50, 63, 172
Box: 15, 38, 19
Box: 100, 127, 110
Box: 60, 31, 172
Box: 198, 57, 54
Box: 4, 21, 4
Box: 23, 5, 90
Box: 14, 50, 172
Box: 4, 4, 8
Box: 77, 11, 43
Box: 10, 3, 5
Box: 41, 8, 68
Box: 198, 48, 32
Box: 48, 144, 51
Box: 44, 16, 19
Box: 26, 11, 14
Box: 15, 38, 27
Box: 21, 16, 16
Box: 9, 8, 172
Box: 19, 21, 3
Box: 198, 48, 75
Box: 65, 81, 62
Box: 198, 167, 172
Box: 3, 49, 12
Box: 7, 10, 3
Box: 18, 8, 30
Box: 2, 29, 19
Box: 69, 64, 46
Box: 43, 23, 27
Box: 21, 9, 172
Box: 4, 63, 30
Box: 167, 50, 172
Box: 198, 13, 2
Box: 2, 23, 26
Box: 17, 19, 48
Box: 14, 21, 172
Box: 18, 34, 84
Box: 198, 24, 172
Box: 5, 121, 172
Box: 23, 33, 172
Box: 15, 19, 3
Box: 30, 24, 4
Box: 65, 143, 22
Box: 4, 127, 3
Box: 198, 48, 53
Box: 45, 39, 14
Box: 198, 20, 172
Box: 5, 31, 33
Box: 16, 243, 8
Box: 15, 243, 172
Box: 12, 14, 3
Box: 4, 25, 63
Box: 27, 105, 172
Box: 20, 21, 81
Box: 23, 102, 2
Box: 198, 133, 25
Box: 61, 243, 43
Box: 54, 136, 44
Box: 20, 48, 4
Box: 109, 8, 24
Box: 198, 64, 20
Box: 168, 5, 4
Box: 98, 111, 2
Box: 97, 62, 42
Box: 24, 3, 84
Box: 26, 13, 64
Box: 49, 93, 143
Box: 3, 58, 23
Box: 2, 11, 2
Box: 44, 95, 11
Box: 25, 2, 172
Box: 12, 243, 56
Box: 198, 70, 172
Box: 7, 4, 5
Box: 8, 243, 19
Box: 8, 8, 35
Box: 198, 42, 37
Box: 29, 53, 43
Box: 51, 25, 18
Box: 16, 61, 161
Box: 198, 243, 21
Box: 198, 172, 76
Box: 79, 102, 5
Box: 15, 4, 3
Box: 198, 28, 42
Box: 14, 3, 172
Box: 19, 28, 13
Box: 24, 4, 12
Box: 198, 82, 78
Box: 37, 184, 8
Box: 25, 61, 172
Box: 45, 26, 6
Box: 60, 243, 12
Box: 7, 18, 119
Box: 2, 34, 172
Box: 36, 3, 18
Box: 116, 69, 172
Box: 36, 127, 28
Box: 2, 28, 43
Box: 70, 33, 32
Box: 58, 14, 30
Box: 198, 47, 28
Box: 9, 2, 11
Box: 6, 2, 7
Box: 4, 7, 4
Box: 46, 4, 37
Box: 9, 13, 18
Box: 31, 243, 24
Box: 3, 23, 36
Box: 52, 7, 3
Box: 46, 66, 110
Box: 17, 65, 77
Box: 6, 5, 2
Box: 198, 41, 24
Box: 140, 2, 41
Box: 198, 7, 38
Box: 24, 4, 8
Box: 46, 33, 2
Box: 24, 44, 112
Box: 26, 184, 172
Box: 12, 17, 62
Box: 17, 19, 27
Box: 56, 72, 11
Box: 14, 78, 62
Box: 6, 5, 3
Box: 12, 41, 62
Box: 51, 25, 15
Box: 26, 38, 172
Box: 131, 25, 23
Box: 41, 162, 9
Box: 198, 4, 31
Box: 32, 32, 16
Box: 9, 5, 45
Box: 9, 100, 172
Box: 9, 27, 59
Box: 13, 4, 47
Box: 72, 16, 172
Box: 15, 22, 172
Box: 36, 8, 58
Box: 70, 136, 172
Box: 9, 41, 10
Box: 11, 10, 172
Box: 15, 2, 6
Box: 83, 194, 121
Box: 24, 39, 17
Box: 57, 9, 25
Box: 25, 66, 2
Box: 18, 68, 33
Box: 17, 22, 68
Box: 25, 243, 4
Box: 80, 243, 3
Box: 198, 42, 9
Box: 21, 7, 2
Box: 36, 13, 9
Box: 36, 2, 18
Box: 9, 13, 154
Box: 18, 42, 172
Box: 5, 6, 16
Box: 29, 144, 37
Box: 9, 100, 2
Box: 7, 13, 47
Box: 198, 54, 7
Box: 82, 243, 9
Box: 10, 243, 10
Box: 34, 28, 10
Box: 60, 13, 172
Box: 7, 6, 32
Box: 198, 8, 3
Box: 82, 63, 12
Box: 4, 13, 8
Box: 198, 243, 60
Box: 18, 8, 2
Box: 178, 47, 172
Box: 5, 2, 9
Box: 21, 20, 29
Box: 78, 7, 172
Box: 63, 8, 68
Box: 4, 34, 3
Box: 7, 38, 8
Box: 24, 6, 58
Box: 11, 3, 8
Box: 46, 64, 27
Box: 65, 15, 62
Box: 20, 65, 172
Box: 198, 122, 10
Box: 24, 43, 56
Box: 17, 3, 12
Box: 6, 62, 45
Box: 41, 8, 8
Box: 198, 22, 3
Box: 24, 45, 96
Box: 32, 39, 17
Box: 27, 30, 172
Box: 5, 243, 12
Box: 98, 57, 2
Box: 2, 42, 70
Box: 4, 64, 56
Box: 198, 113, 25
Box: 3, 28, 6
Box: 24, 9, 172
Box: 198, 243, 45
Box: 198, 7, 3
Box: 26, 20, 32
Box: 18, 2, 172
Box: 98, 121, 15
Box: 7, 25, 119
Box: 24, 30, 32
Box: 11, 11, 4
Box: 5, 38, 10
Box: 15, 21, 90
Box: 198, 22, 172
Box: 37, 184, 27
Box: 7, 5, 8
Box: 4, 30, 128
Box: 3, 4, 3
Box: 87, 3, 31
Box: 53, 27, 11
Box: 48, 16, 172
Box: 198, 243, 2
Box: 44, 23, 64
Box: 198, 243, 19
Box: 3, 7, 2
Box: 43, 54, 10
Box: 100, 21, 172
Box: 3, 13, 56
Box: 119, 42, 172
Box: 43, 54, 5
Box: 24, 44, 10
Box: 191, 47, 153
Box: 49, 41, 29
Box: 24, 61, 19
Box: 198, 13, 4
Box: 93, 58, 13
Box: 3, 15, 17
Box: 27, 74, 20
Box: 40, 7, 3
Box: 21, 3, 2
Box: 27, 243, 8
Box: 44, 243, 8
Box: 6, 25, 172
Box: 198, 12, 90
Box: 198, 20, 24
Box: 39, 6, 11
Box: 11, 21, 40
Box: 19, 22, 33
Box: 78, 22, 172
Box: 47, 35, 172
Box: 15, 21, 41
Box: 43, 104, 32
Box: 44, 23, 10
Box: 73, 14, 19
Box: 9, 23, 172
Box: 43, 54, 54
Box: 26, 3, 28
Box: 158, 243, 2
Box: 119, 29, 21
Box: 2, 8, 55
Box: 26, 7, 28
Box: 17, 13, 13
Box: 48, 9, 172
Box: 13, 10, 16
Box: 101, 125, 2
Box: 39, 81, 29
Box: 29, 30, 11
Box: 16, 12, 38
Box: 18, 147, 2
Box: 15, 84, 172
Box: 10, 19, 25
Box: 52, 7, 2
Box: 198, 13, 17
Box: 4, 17, 66
Box: 12, 48, 23
Box: 9, 37, 60
Box: 21, 118, 13
Box: 113, 10, 28
Box: 74, 8, 7
Box: 14, 117, 21
Box: 51, 74, 9
Box: 24, 13, 46
Box: 4, 8, 172
Box: 64, 30, 11
Box: 104, 21, 60
Box: 133, 12, 32
Box: 99, 179, 172
Box: 28, 196, 17
Box: 2, 243, 172
Box: 65, 12, 172
Box: 29, 32, 9
Box: 198, 13, 47
Box: 3, 4, 3
Box: 100, 28, 71
Box: 16, 243, 14
Box: 3, 44, 23
Box: 148, 23, 5
Box: 9, 52, 90
Box: 16, 243, 21
Box: 29, 36, 36
Box: 13, 8, 6
Box: 3, 22, 13
Box: 18, 243, 15
Box: 198, 23, 29
Box: 17, 13, 63
Box: 72, 14, 42
Box: 8, 243, 28
Box: 198, 30, 25
Box: 198, 10, 172
Box: 31, 4, 125
Box: 48, 22, 172
Box: 19, 3, 85
Box: 4, 56, 56
Box: 198, 196, 40
Box: 15, 5, 26
Box: 27, 67, 172
Box: 21, 4, 2
Box: 152, 64, 58
Box: 93, 32, 29
Box: 198, 61, 9
Box: 74, 61, 21
Box: 118, 22, 68
Box: 10, 8, 25
Box: 9, 45, 83
Box: 38, 50, 103
Box: 69, 243, 28
Box: 18, 6, 103
Box: 36, 8, 2
Box: 98, 221, 9
Box: 6, 243, 172
Box: 10, 19, 14
Box: 92, 56, 25
Box: 149, 243, 2
Box: 198, 27, 88
Box: 4, 47, 172
Box: 23, 24, 86
Box: 18, 27, 23
Box: 77, 14, 19
Box: 7, 5, 9
Box: 55, 30, 11
Box: 2, 4, 37
Box: 67, 243, 21
Box: 198, 42, 7
Box: 25, 50, 3
Box: 3, 3, 4
Box: 33, 21, 172
Box: 4, 6, 31
Box: 178, 7, 172
Box: 57, 24, 172
Box: 76, 17, 160
Box: 198, 45, 172
Box: 5, 19, 13
Box: 52, 13, 172
Box: 4, 34, 25
Box: 19, 11, 2
Box: 24, 17, 21
Box: 138, 68, 112
Box: 15, 43, 3
Box: 27, 27, 13
Box: 4, 22, 11
Box: 198, 43, 18
Box: 13, 91, 37
Box: 198, 39, 26
Box: 2, 6, 31
Box: 153, 24, 22
Box: 3, 8, 35
Box: 49, 243, 108
Box: 103, 2, 4
Box: 2, 9, 2
Box: 55, 16, 172
Box: 3, 3, 15
Box: 20, 49, 3
Box: 7, 4, 119
Box: 198, 20, 31
Box: 198, 32, 15
Box: 198, 23, 172
Box: 25, 127, 4
Box: 48, 2, 172
Box: 198, 9, 172
Box: 9, 24, 172
Box: 8, 243, 8
Box: 198, 45, 89
Box: 2, 31, 172
Box: 41, 18, 7
Box: 4, 27, 13
Box: 46, 10, 4
Box: 19, 14, 25
Box: 24, 8, 35
Box: 2, 36, 70
Box: 44, 72, 2
Box: 27, 42, 5
Box: 6, 134, 53
Box: 15, 12, 4
Box: 38, 45, 73
Box: 3, 11, 4
Box: 71, 50, 121
Box: 79, 34, 107
Box: 27, 43, 9
Box: 44, 23, 13
Box: 198, 127, 7
Box: 14, 27, 49
Box: 13, 10, 2
Box: 3, 16, 19
Box: 12, 10, 12
Box: 48, 23, 27
Box: 2, 2, 7
Box: 198, 2, 23
Box: 13, 5, 2
Box: 28, 243, 172
Box: 131, 3, 88
Box: 30, 23, 20
Box: 6, 22, 37
Box: 25, 31, 115
Box: 198, 72, 46
Box: 49, 33, 172
Box: 87, 133, 172
Box: 44, 23, 4
Box: 96, 24, 172
Box: 27, 243, 12
Box: 27, 243, 4
Box: 40, 21, 7
Box: 25, 11, 21
Box: 5, 4, 10
Box: 38, 118, 125
Box: 100, 4, 172
Box: 6, 23, 80
Box: 198, 43, 22
Box: 7, 8, 21
Box: 11, 17, 15
Box: 19, 17, 12
Box: 17, 16, 77
Box: 9, 12, 55
Box: 22, 80, 141
Box: 26, 243, 4
Box: 5, 3, 15
Box: 198, 45, 49
Box: 3, 38, 172
Box: 15, 25, 5
Box: 33, 53, 5
Box: 6, 79, 17
Box: 42, 14, 40
Box: 16, 61, 9
Box: 198, 5, 4
Box: 98, 243, 70
Box: 22, 47, 172
Box: 9, 2, 7
Box: 2, 19, 5
Box: 3, 58, 12
Box: 45, 25, 9
Box: 18, 15, 72
Box: 12, 3, 16
Box: 53, 27, 5
Box: 33, 8, 172
Box: 9, 24, 13
Box: 49, 2, 29
Box: 94, 89, 25
Box: 23, 16, 172
Box: 37, 11, 2
Box: 2, 3, 5
Box: 198, 7, 26
Box: 35, 11, 14
Box: 7, 58, 64
Box: 24, 43, 34
Box: 37, 243, 33
Box: 114, 4, 3
Box: 198, 8, 10
Box: 198, 65, 61
Box: 198, 243, 2
Box: 46, 30, 18
Box: 7, 13, 14
Box: 27, 17, 21
Box: 12, 3, 14
Box: 44, 27, 31
Box: 15, 75, 47
Box: 15, 31, 44
Box: 42, 3, 27
Box: 12, 40, 22
Box: 5, 4, 5
Box: 18, 5, 172
Box: 9, 2, 14
Box: 101, 13, 172
Box: 8, 50, 6
Box: 136, 2, 172
Box: 6, 57, 172
Box: 8, 13, 13
Box: 22, 10, 3
Box: 44, 5, 172
Box: 46, 54, 4
Box: 13, 65, 51
Box: 87, 18, 31
Box: 28, 8, 21
Box: 23, 158, 39
Box: 198, 24, 11
Box: 68, 3, 21
Box: 26, 50, 35
Box: 45, 25, 14
Box: 3, 19, 172
Box: 10, 4, 5
Box: 87, 27, 24
Box: 23, 5, 2
Box: 68, 3, 36
Box: 4, 8, 6
Box: 52, 7, 4
Box: 198, 14, 14
Box: 27, 4, 62
Box: 12, 7, 26
Box: 95, 12, 29
Box: 14, 50, 10
Box: 22, 45, 15
Box: 198, 62, 172
Box: 27, 243, 24
Box: 38, 3, 172
Box: 45, 12, 9
Box: 15, 63, 58
Box: 11, 27, 172
Box: 15, 40, 12
Box: 44, 9, 53
Box: 5, 21, 172
Box: 4, 10, 16
Box: 147, 13, 46
Box: 92, 56, 2
Box: 19, 28, 7
Box: 2, 106, 23
Box: 15, 50, 30
Box: 16, 14, 26
Box: 98, 243, 3
Box: 37, 105, 172
Box: 36, 20, 56
Box: 60, 64, 50
Box: 18, 8, 28
Box: 9, 35, 2
Box: 13, 21, 172
Box: 2, 2, 2
Box: 15, 13, 172
Box: 16, 243, 64
Box: 13, 23, 36
Box: 198, 22, 63
Box: 27, 7, 4
Box: 22, 85, 10
Box: 39, 11, 105
Box: 4, 53, 172
Box: 198, 6, 3
Box: 9, 7, 2
Box: 26, 23, 28
Box: 21, 16, 16
Box: 119, 136, 40
Box: 70, 243, 38
Box: 5, 31, 3
Box: 42, 72, 3
Box: 13, 34, 84
Box: 9, 15, 10
Box: 198, 32, 32
Box: 3, 243, 8
Box: 44, 19, 10
Box: 5, 8, 12
Box: 2, 106, 33
Box: 198, 66, 4
Box: 53, 27, 12
Box: 71, 66, 2
Box: 198, 50, 4
Box: 90, 25, 31
Box: 155, 5, 48
Box: 43, 54, 71
Box: 11, 5, 37
Box: 10, 3, 172
Box: 7, 43, 24
Box: 7, 110, 35
Box: 2, 8, 28
Box: 87, 32, 87
Box: 24, 48, 4
Box: 198, 45, 56
Box: 11, 6, 172
Box: 198, 172, 10
Box: 18, 8, 14
Box: 7, 243, 5
Box: 15, 4, 17
Box: 20, 12, 23
Box: 2, 7, 8
Box: 121, 26, 2
Box: 3, 4, 4
Box: 4, 4, 24
Box: 33, 243, 25
Box: 11, 243, 22
Box: 8, 243, 19
Box: 45, 79, 63
Box: 198, 12, 8
Box: 13, 32, 47
Box: 20, 12, 23
Box: 58, 3, 172
Box: 87, 13, 172
Box: 48, 23, 36
Box: 6, 6, 28
Box: 54, 83, 172
Box: 42, 31, 4
Box: 22, 72, 11
Box: 82, 84, 172
Box: 45, 5, 14
Box: 2, 57, 5
Box: 34, 2, 15
Box: 19, 8, 6
Box: 44, 95, 41
Box: 15, 6, 12
Box: 11, 57, 172
Box: 90, 21, 11
Box: 15, 8, 12
Box: 37, 79, 172
Box: 44, 9, 9
Box: 147, 74, 52
Box: 103, 45, 4
Box: 24, 10, 5
Box: 8, 13, 11
Box: 198, 243, 13
Box: 2, 43, 13
Box: 2, 47, 153
Box: 4, 6, 128
Box: 15, 26, 6
Box: 198, 47, 27
Box: 62, 31, 33
Box: 85, 59, 113
Box: 12, 2, 46
Box: 52, 176, 172
Box: 57, 41, 172
Box: 15, 39, 44
Box: 7, 48, 119
Box: 72, 77, 42
Box: 75, 17, 36
Box: 198, 12, 115
Box: 20, 64, 76
Box: 25, 14, 172
Box: 5, 6, 31
Box: 198, 59, 30
Box: 2, 2, 5
Box: 17, 50, 10
Box: 4, 8, 12
Box: 6, 132, 17
Box: 96, 23, 3
Box: 6, 7, 4
Box: 198, 62, 172
Box: 198, 15, 46
Box: 167, 6, 20
Box: 19, 34, 35
Box: 17, 2, 59
Box: 12, 32, 62
Box: 198, 25, 5
Box: 56, 65, 46
Box: 65, 64, 62
Box: 198, 3, 153
Box: 43, 27, 18
Box: 52, 160, 97
Box: 7, 12, 44
Box: 62, 22, 36
Box: 4, 14, 16
Box: 17, 22, 51
Box: 38, 126, 172
Box: 4, 51, 145
Box: 17, 243, 172
Box: 9, 36, 16
Box: 27, 3, 62
Box: 33, 243, 54
Box: 15, 22, 12
Box: 62, 4, 23
Box: 198, 38, 34
Box: 7, 105, 172
Box: 195, 7, 8
Box: 198, 58, 54
Box: 76, 5, 2
Box: 36, 57, 8
Box: 14, 31, 53
Box: 34, 5, 11
Box: 65, 26, 63
Box: 24, 9, 172
Box: 198, 15, 8
Box: 24, 8, 9
Box: 198, 5, 5
Box: 10, 22, 12
Box: 198, 9, 14
Box: 7, 45, 119
Box: 13, 243, 5
Box: 66, 36, 29
Box: 198, 71, 59
Box: 32, 8, 172
Box: 44, 3, 12
Box: 26, 50, 7
Box: 9, 10, 10
Box: 198, 57, 172
Box: 21, 3, 2
Box: 42, 30, 172
Box: 19, 14, 25
Box: 25, 50, 3
Box: 49, 5, 29
Box: 23, 20, 172
Box: 198, 24, 2
Box: 64, 8, 55
Box: 22, 17, 172
Box: 99, 54, 172
Box: 198, 240, 65
Box: 57, 31, 24
Box: 198, 243, 3
Box: 34, 5, 67
Box: 126, 243, 28
Box: 25, 50, 2
Box: 24, 6, 114
Box: 45, 8, 35
Box: 25, 102, 2
Box: 53, 243, 172
Box: 15, 17, 15
Box: 17, 36, 3
Box: 3, 7, 15
Box: 76, 56, 2
Box: 25, 93, 172
Box: 5, 3, 15
Box: 2, 121, 18
Box: 10, 11, 21
Box: 13, 25, 5
Box: 63, 64, 76
Box: 136, 50, 5
Box: 9, 10, 10
Box: 24, 14, 26
Box: 198, 19, 5
Box: 16, 117, 21
Box: 198, 111, 172
Box: 6, 2, 7
Box: 15, 38, 33
Box: 2, 4, 13
Box: 22, 65, 10
Box: 198, 39, 10
Box: 36, 48, 28
Box: 3, 41, 62
Box: 51, 74, 14
Box: 5, 39, 10
Box: 10, 12, 43
Box: 8, 13, 17
Box: 29, 3, 36
Box: 28, 18, 72
Box: 18, 23, 10
Box: 6, 243, 20
Box: 2, 23, 10
Box: 18, 243, 61
Box: 16, 135, 17
Box: 12, 4, 6
Box: 58, 14, 172
Box: 6, 19, 23
Box: 5, 8, 10
Box: 51, 33, 2
Box: 198, 20, 23
Box: 198, 7, 29
Box: 70, 243, 48
Box: 34, 6, 11
Box: 80, 182, 76
Box: 41, 2, 41
Box: 98, 243, 16
Box: 69, 243, 43
Box: 30, 196, 17
Box: 8, 11, 172
Box: 49, 5, 29
Box: 12, 50, 172
Box: 198, 13, 10
Box: 72, 21, 42
Box: 17, 21, 40
Box: 35, 16, 5
Box: 82, 243, 172
Box: 12, 38, 158
Box: 22, 10, 9
Box: 26, 15, 172
Box: 4, 34, 18
Box: 68, 70, 172
Box: 16, 13, 2
Box: 79, 25, 172
Box: 4, 3, 147
Box: 198, 243, 12
Box: 6, 20, 5
Box: 75, 12, 172
Box: 20, 22, 11
Box: 5, 9, 28
Box: 55, 61, 172
Box: 38, 118, 9
Box: 132, 142, 172
Box: 13, 8, 94
Box: 9, 23, 27
Box: 36, 57, 34
Box: 45, 79, 7
Box: 28, 34, 84
Box: 198, 66, 17
Box: 3, 7, 9
Box: 198, 7, 2
Box: 35, 16, 75
Box: 17, 13, 25
Box: 4, 4, 6
Box: 25, 65, 10
Box: 19, 83, 172
Box: 6, 3, 9
Box: 45, 26, 20
Box: 38, 16, 13
Box: 12, 3, 8
Box: 19, 11, 44
Box: 198, 64, 5
Box: 41, 5, 90
Box: 24, 43, 7
Box: 45, 243, 26
Box: 40, 9, 8
Box: 198, 57, 57
Box: 198, 6, 153
Box: 45, 76, 14
Box: 79, 34, 59
Box: 44, 23, 4
Box: 25, 243, 43
Box: 198, 32, 16
Box: 198, 22, 46
Box: 24, 4, 3
Box: 97, 15, 172
Box: 15, 21, 27
Box: 24, 7, 2
Box: 26, 132, 172
Box: 97, 125, 80
Box: 22, 80, 31
Box: 34, 10, 11
Box: 18, 9, 9
Box: 14, 137, 53
Box: 2, 22, 3
Box: 198, 186, 84
Box: 23, 21, 108
Box: 21, 18, 16
Box: 198, 7, 2
Box: 36, 68, 3
Box: 15, 79, 8
Box: 42, 9, 5
Box: 198, 24, 13
Box: 7, 8, 7
Box: 198, 47, 13
Box: 45, 10, 35
Box: 135, 11, 2
Box: 16, 12, 50
Box: 10, 19, 13
Box: 16, 8, 2
Box: 131, 7, 88
Box: 87, 32, 30
Box: 198, 57, 172
Box: 85, 30, 6
Box: 37, 184, 3
Box: 47, 84, 172
Box: 65, 43, 17
Box: 12, 17, 160
Box: 36, 66, 112
Box: 57, 25, 172
Box: 90, 17, 45
Box: 27, 44, 21
Box: 182, 98, 172
Box: 19, 18, 23
Box: 26, 7, 64
Box: 198, 3, 11
Box: 22, 27, 18
Box: 44, 8, 48
Box: 93, 25, 64
Box: 3, 28, 6
Box: 198, 11, 22
Box: 198, 31, 172
Box: 38, 17, 30
Box: 93, 61, 172
Box: 198, 12, 57
Box: 24, 105, 19
Box: 7, 2, 10
Box: 80, 97, 172
Box: 10, 2, 10
Box: 54, 65, 96
Box: 198, 48, 36
Box: 29, 26, 25
Box: 198, 73, 56
Box: 15, 21, 14
Box: 14, 9, 5
Box: 51, 15, 12
Box: 173, 9, 77
Box: 198, 122, 109
Box: 38, 45, 66
Box: 25, 106, 172
Box: 45, 243, 21
Box: 5, 31, 16
Box: 90, 7, 4
Box: 44, 19, 61
Box: 2, 243, 7
Box: 9, 2, 11
Box: 3, 2, 22
Box: 22, 10, 10
Box: 39, 27, 3
Box: 119, 71, 3
Box: 107, 33, 2
Box: 15, 79, 172
Box: 12, 7, 51
Box: 9, 54, 10
Box: 39, 22, 2
Box: 75, 110, 35
Box: 3, 8, 19
Box: 44, 72, 70
Box: 2, 3, 19
Box: 107, 28, 6
Box: 198, 96, 9
Box: 64, 6, 28
Box: 2, 21, 11
Box: 13, 5, 6
Box: 8, 174, 29
Box: 2, 10, 5
Box: 79, 10, 18
Box: 24, 16, 172
Box: 3, 243, 158
Box: 11, 23, 4
Box: 70, 43, 2
Box: 9, 12, 172
Box: 29, 243, 18
Box: 5, 12, 14
Box: 198, 38, 43
Box: 7, 6, 8
Box: 77, 24, 29
Box: 198, 13, 37
Box: 75, 17, 30
Box: 44, 17, 20
Box: 44, 72, 16
Box: 75, 17, 2
Box: 20, 32, 16
Box: 14, 39, 49
Box: 14, 25, 3
Box: 18, 8, 70
Box: 8, 21, 9
Box: 198, 19, 172
Box: 21, 2, 13
Box: 9, 8, 172
Box: 21, 61, 16
Box: 24, 77, 19
Box: 29, 102, 172
Box: 15, 53, 4
Box: 97, 12, 50
Box: 5, 5, 172
Box: 55, 27, 30
Box: 10, 5, 5
Box: 2, 20, 23
Box: 27, 23, 26
Box: 85, 30, 8
Box: 13, 36, 172
Box: 17, 30, 11
Box: 25, 243, 16
Box: 15, 50, 62
Box: 48, 43, 172
Box: 29, 16, 36
Box: 15, 4, 4
Box: 198, 33, 172
Box: 24, 9, 172
Box: 15, 17, 12
Box: 5, 28, 10
Box: 17, 4, 18
Box: 15, 38, 15
Box: 33, 29, 19
Box: 53, 39, 7
Box: 52, 18, 29
Box: 5, 64, 56
Box: 107, 66, 10
Box: 37, 35, 58
Box: 16, 23, 80
Box: 14, 10, 45
Box: 96, 37, 3
Box: 79, 10, 21
Box: 38, 84, 7
Box: 46, 15, 4
Box: 16, 124, 172
Box: 91, 37, 9
Box: 9, 2, 172
Box: 29, 243, 13
Box: 8, 19, 172
Box: 14, 5, 4
Box: 198, 28, 4
Box: 7, 5, 119
Box: 13, 127, 28
Box: 2, 4, 58
Box: 2, 82, 5
Box: 11, 5, 4
Box: 48, 16, 172
Box: 14, 128, 49
Box: 65, 43, 31
Box: 5, 44, 11
Box: 198, 38, 83
Box: 23, 5, 6
Box: 3, 136, 44
Box: 119, 11, 21
Box: 21, 243, 8
Box: 42, 6, 89
Box: 114, 27, 3
Box: 36, 17, 58
Box: 53, 243, 172
Box: 44, 147, 172
Box: 15, 91, 37
Box: 13, 32, 16
Box: 198, 243, 26
Box: 58, 79, 7
Box: 57, 2, 7
Box: 9, 2, 10
Box: 178, 121, 172
Box: 9, 21, 60
Box: 155, 150, 28
Box: 198, 117, 24
Box: 2, 9, 33
Box: 26, 11, 6
Box: 198, 27, 172
Box: 4, 3, 25
Box: 79, 6, 18
Box: 70, 80, 66
Box: 8, 8, 4
Box: 30, 36, 119
Box: 5, 59, 172
Box: 7, 35, 28
Box: 35, 60, 21
Box: 111, 5, 172
Box: 16, 61, 2
Box: 27, 10, 5
Box: 43, 36, 172
Box: 68, 51, 121
Box: 37, 241, 5
Box: 198, 150, 172
Box: 56, 27, 59
Box: 198, 5, 46
Box: 198, 84, 2
Box: 198, 17, 172
Box: 198, 132, 16
Box: 3, 10, 172
Box: 154, 12, 8
Box: 13, 27, 13
Box: 198, 122, 63
Box: 7, 9, 8
Box: 62, 31, 20
Box: 198, 48, 17
Box: 22, 10, 9
Box: 36, 108, 60
Box: 46, 5, 17
Box: 198, 86, 172
Box: 66, 16, 38
Box: 76, 11, 172
Box: 23, 5, 5
Box: 198, 136, 172
Box: 198, 24, 14
Box: 7, 48, 40
Box: 46, 142, 31
Box: 55, 69, 172
Box: 7, 27, 13
Box: 9, 21, 11
Box: 75, 17, 28
Box: 2, 13, 34
Box: 26, 23, 21
Box: 10, 74, 13
Box: 6, 33, 42
Box: 15, 16, 25
Box: 15, 20, 79
Box: 24, 4, 2
Box: 44, 72, 8
Box: 8, 75, 172
Box: 42, 93, 172
Box: 25, 119, 172
Box: 23, 5, 3
Box: 26, 11, 4
Box: 198, 21, 172
Box: 12, 31, 54
Box: 76, 5, 40
Box: 48, 141, 172
Box: 4, 63, 12
Box: 198, 9, 20
Box: 21, 16, 2
Box: 71, 50, 31
Box: 12, 14, 3
Box: 4, 85, 19
Box: 62, 43, 2
Box: 198, 66, 15
Box: 9, 52, 124
Box: 33, 93, 172
Box: 72, 159, 172
Box: 198, 13, 15
Box: 44, 9, 19
Box: 198, 10, 172
Box: 3, 92, 42
Box: 84, 7, 16
Box: 41, 243, 7
Box: 31, 243, 12
Box: 198, 32, 17
Box: 4, 29, 19
Box: 3, 9, 29
Box: 31, 23, 21
Box: 111, 243, 172
Box: 198, 53, 22
Box: 79, 102, 11
Box: 28, 10, 96
Box: 51, 15, 72
Box: 25, 50, 25
Box: 3, 17, 12
Box: 15, 28, 10
Box: 8, 8, 29
Box: 5, 124, 172
Box: 7, 42, 11
Box: 3, 8, 2
Box: 81, 83, 53
Box: 28, 19, 34
Box: 17, 25, 31
Box: 19, 6, 3
Box: 4, 74, 20
Box: 15, 15, 26
Box: 198, 59, 172
Box: 45, 13, 172
Box: 44, 13, 48
Box: 2, 21, 40
Box: 71, 64, 56
Box: 3, 32, 5
Box: 15, 74, 144
Box: 16, 243, 172
Box: 5, 124, 172
Box: 72, 21, 172
Box: 18, 144, 142
Box: 9, 9, 26
Box: 8, 47, 172
Box: 19, 21, 47
Box: 38, 22, 5
Box: 10, 7, 43
Box: 72, 6, 28
Box: 62, 4, 39
Box: 39, 25, 11
Box: 2, 5, 3
Box: 58, 14, 11
Box: 2, 160, 13
Box: 87, 28, 172
Box: 6, 82, 5
Box: 167, 40, 172
Box: 22, 15, 172
Box: 2, 22, 2
Box: 9, 9, 11
Box: 4, 243, 158
Box: 10, 30, 10
Box: 36, 64, 27
Box: 27, 3, 2
Box: 198, 33, 63
Box: 64, 18, 7
Box: 198, 158, 65
Box: 2, 41, 4
Box: 5, 17, 5
Box: 198, 66, 15
Box: 97, 10, 26
Box: 26, 53, 28
Box: 31, 243, 37
Box: 2, 41, 3
Box: 58, 42, 4
Box: 198, 215, 42
Box: 2, 38, 30
Box: 68, 3, 23
Box: 50, 172, 23
Box: 88, 135, 172
Box: 27, 21, 13
Box: 5, 4, 13
Box: 2, 9, 11
Box: 198, 94, 3
Box: 2, 30, 172
Box: 100, 9, 59
Box: 38, 4, 172
Box: 8, 8, 2
Box: 45, 79, 34
Box: 3, 8, 4
Box: 10, 72, 172
Box: 80, 243, 7
Box: 66, 16, 18
Box: 6, 21, 18
Box: 36, 8, 24
Box: 198, 8, 91
Box: 5, 28, 172
Box: 16, 28, 172
Box: 45, 26, 47
Box: 76, 45, 172
Box: 36, 38, 3
Box: 198, 16, 23
Box: 128, 243, 119
Box: 79, 66, 4
Box: 198, 134, 45
Box: 40, 24, 17
Box: 18, 103, 9
Box: 2, 2, 172
Box: 55, 9, 8
Box: 16, 26, 172
Box: 20, 21, 18
Box: 76, 243, 5
Box: 96, 118, 58
Box: 34, 23, 70
Box: 198, 58, 32
Box: 198, 36, 28
Box: 56, 21, 172
Box: 13, 5, 4
Box: 12, 4, 11
Box: 11, 47, 172
Box: 23, 30, 11
Box: 49, 5, 37
Box: 5, 59, 23
Box: 5, 19, 172
Box: 98, 9, 59
Box: 78, 84, 172
Box: 9, 136, 5
Box: 7, 2, 140
Box: 3, 40, 172
Box: 47, 63, 3
Box: 98, 106, 172
Box: 10, 243, 15
Box: 66, 16, 24
Box: 101, 243, 12
Box: 18, 243, 44
Box: 18, 50, 172
Box: 43, 121, 100
Box: 45, 79, 24
Box: 6, 48, 23
Box: 5, 108, 2
Box: 198, 9, 5
Box: 23, 5, 18
Box: 93, 2, 22
Box: 4, 82, 5
Box: 4, 8, 19
Box: 198, 9, 153
Box: 198, 13, 80
Box: 136, 50, 15
Box: 5, 39, 17
Box: 93, 2, 2
Box: 17, 50, 172
Box: 198, 22, 2
Box: 18, 19, 48
Box: 6, 8, 21
Box: 36, 8, 18
Box: 24, 5, 4
Box: 6, 127, 3
Box: 12, 30, 172
Box: 198, 10, 172
Box: 14, 73, 49
Box: 21, 20, 8
Box: 29, 8, 5
Box: 25, 72, 4
Box: 2, 4, 5
Box: 28, 2, 7
Box: 3, 22, 20
Box: 198, 127, 104
Box: 198, 11, 172
Box: 58, 6, 65
Box: 19, 30, 11
Box: 29, 4, 24
Box: 92, 9, 74
Box: 9, 45, 9
Box: 2, 72, 16
Box: 40, 24, 17
Box: 51, 66, 3
Box: 40, 30, 11
Box: 19, 51, 44
Box: 57, 15, 29
Box: 57, 160, 97
Box: 46, 12, 17
Box: 10, 3, 107
Box: 28, 46, 2
Box: 17, 243, 8
Box: 22, 10, 14
Box: 65, 3, 22
Box: 17, 13, 172
Box: 35, 13, 172
Box: 58, 79, 17
Box: 10, 98, 172
Box: 198, 243, 16
Box: 198, 159, 59
Box: 40, 51, 109
Box: 101, 25, 123
Box: 18, 84, 172
Box: 198, 46, 10
Box: 54, 2, 19
Box: 9, 12, 172
Box: 33, 53, 38
Box: 14, 8, 63
Box: 52, 2, 29
Box: 18, 243, 172
Box: 16, 125, 34
Box: 198, 200, 2
Box: 198, 10, 18
Box: 45, 5, 35
Box: 198, 11, 8
Box: 8, 21, 6
Box: 66, 55, 29
Box: 44, 39, 172
Box: 198, 47, 7
Box: 10, 10, 172
Box: 33, 59, 113
Box: 7, 3, 8
Box: 8, 50, 172
Box: 9, 4, 7
Box: 14, 11, 45
Box: 6, 243, 58
Box: 18, 11, 33
Box: 37, 243, 6
Box: 8, 48, 23
Box: 198, 4, 172
Box: 198, 73, 25
Box: 80, 13, 172
Box: 31, 42, 11
Box: 2, 243, 16
Box: 103, 39, 4
Box: 35, 175, 172
Box: 8, 30, 11
Box: 38, 17, 11
Box: 198, 214, 13
Box: 101, 79, 37
Box: 71, 13, 172
Box: 22, 4, 172
Box: 198, 40, 172
Box: 4, 13, 6
Box: 62, 18, 7
Box: 198, 75, 66
Box: 22, 15, 172
Box: 5, 11, 172
Box: 58, 36, 11
Box: 28, 21, 11
Box: 11, 20, 56
Box: 70, 52, 20
Box: 27, 95, 19
Box: 20, 4, 6
Box: 17, 30, 48
Box: 10, 19, 48
Box: 198, 2, 153
Box: 198, 243, 33
Box: 89, 56, 20
Box: 5, 70, 16
Box: 7, 50, 6
Box: 12, 65, 172
Box: 3, 8, 68
Box: 36, 64, 76
Box: 16, 17, 26
Box: 94, 51, 25
Box: 4, 6, 31
Box: 81, 83, 15
Box: 45, 63, 14
Box: 23, 2, 22
Box: 41, 12, 54
Box: 18, 62, 172
Box: 40, 22, 37
Box: 31, 57, 172
Box: 4, 13, 22
Box: 198, 85, 172
Box: 45, 79, 5
Box: 56, 54, 172
Box: 18, 90, 33
Box: 9, 4, 10
Box: 6, 21, 40
Box: 198, 243, 3
Box: 10, 19, 86
Box: 8, 17, 56
Box: 5, 17, 21
Box: 29, 22, 33
Box: 37, 25, 16
Box: 198, 15, 65
Box: 26, 79, 8
Box: 198, 22, 19
Box: 46, 12, 172
Box: 11, 9, 2
Box: 19, 12, 3
Box: 22, 34, 172
Box: 5, 7, 16
Box: 4, 7, 51
Box: 34, 243, 4
Box: 42, 31, 16
Box: 198, 243, 12
Box: 7, 47, 28
Box: 16, 58, 64
Box: 70, 243, 54
Box: 65, 51, 22
Box: 4, 36, 172
Box: 3, 16, 13
Box: 21, 72, 11
Box: 25, 72, 33
Box: 79, 102, 13
Box: 15, 4, 26
Box: 198, 16, 5
Box: 3, 23, 36
Box: 3, 43, 23
Box: 198, 25, 13
Box: 30, 7, 20
Box: 198, 3, 172
Box: 7, 5, 119
Box: 3, 49, 3
Box: 60, 26, 172
Box: 29, 2, 36
Box: 155, 10, 48
Box: 12, 6, 57
Box: 66, 48, 23
Box: 17, 58, 64
####################
#Expected Output: 98
#Number of Bins: 98.
