Bin: 134, 102, 293
Box: 5, 59, 293
Box: 7, 13, 17
Box: 46, 5, 28
Box: 134, 7, 15
Box: 56, 4, 3
Box: 77, 16, 25
Box: 23, 102, 138
Box: 3, 3, 45
Box: 17, 4, 2
Box: 16, 22, 6
Box: 31, 49, 79
Box: 8, 3, 63
Box: 26, 2, 7
Box: 39, 2, 17
Box: 46, 20, 28
Box: 6, 30, 10
Box: 6, 23, 49
Box: 3, 102, 6
Box: 2, 11, 46
Box: 6, 5, 209
Box: 3, 11, 11
Box: 49, 102, 49
Box: 5, 4, 40
Box: 72, 9, 23
Box: 134, 102, 72
Box: 67, 12, 11
Box: 2, 2, 4
Box: 134, 2, 4
Box: 32, 33, 4
Box: 24, 22, 122
Box: 7, 102, 50
Box: 58, 15, 3
Box: 134, 38, 129
Box: 134, 15, 293
Box: 35, 15, 197
Box: 134, 3, 58
Box: 134, 2, 4
Box: 69, 3, 55
Box: 17, 26, 46
Box: 21, 6, 27
Box: 16, 102, 6
Box: 21, 5, 54
Box: 27, 3, 31
Box: 14, 13, 33
Box: 41, 73, 5
Box: 122, 46, 21
Box: 5, 3, 4
Box: 74, 102, 23
Box: 41, 102, 46
Box: 43, 29, 7
Box: 134, 6, 293
Box: 26, 102, 59
Box: 134, 102, 2
Box: 7, 102, 14
Box: 19, 5, 3
Box: 53, 26, 47
Box: 31, 102, 8
Box: 82, 22, 289
Box: 10, 17, 18
Box: 21, 17, 28
Box: 134, 102, 20
Box: 11, 27, 6
Box: 6, 102, 27
Box: 134, 5, 40
Box: 10, 32, 59
Box: 52, 75, 293
Box: 134, 40, 4
Box: 38, 25, 14
Box: 35, 4, 11
Box: 3, 13, 22
Box: 9, 11, 2
Box: 31, 22, 34
Box: 19, 24, 50
Box: 4, 29, 114
Box: 134, 38, 13
Box: 11, 19, 37
Box: 46, 3, 10
Box: 108, 14, 206
Box: 12, 18, 8
Box: 23, 87, 23
Box: 25, 25, 3
Box: 134, 51, 12
Box: 16, 71, 50
Box: 49, 38, 61
Box: 6, 8, 8
Box: 7, 71, 111
Box: 6, 102, 30
Box: 4, 18, 28
Box: 24, 102, 15
Box: 16, 22, 4
Box: 134, 102, 12
Box: 128, 9, 11
Box: 11, 13, 13
Box: 19, 30, 34
Box: 16, 102, 42
Box: 13, 67, 3
Box: 57, 19, 25
Box: 77, 3, 14
Box: 3, 33, 25
Box: 5, 102, 282
Box: 134, 86, 2
Box: 29, 42, 45
Box: 20, 48, 10
Box: 19, 5, 14
Box: 3, 34, 58
Box: 13, 54, 14
Box: 27, 14, 113
Box: 31, 6, 51
Box: 18, 34, 9
Box: 134, 47, 17
Box: 20, 22, 20
Box: 12, 3, 8
Box: 27, 68, 29
Box: 134, 102, 66
Box: 27, 8, 2
Box: 26, 15, 16
Box: 2, 6, 14
Box: 25, 102, 34
Box: 2, 6, 82
Box: 44, 13, 293
Box: 2, 15, 6
Box: 103, 5, 8
Box: 7, 35, 24
Box: 82, 8, 4
Box: 92, 24, 27
Box: 134, 15, 40
Box: 6, 9, 14
Box: 134, 102, 6
Box: 11, 6, 26
Box: 35, 8, 45
Box: 14, 102, 30
Box: 23, 2, 17
Box: 3, 14, 50
Box: 31, 19, 29
Box: 134, 2, 61
Box: 34, 15, 10
Box: 134, 2, 22
Box: 31, 102, 31
Box: 33, 2, 17
Box: 134, 7, 35
Box: 134, 51, 49
Box: 44, 9, 55
Box: 18, 75, 51
Box: 60, 34, 7
Box: 10, 102, 67
Box: 3, 6, 36
Box: 32, 16, 24
Box: 53, 3, 2
Box: 134, 12, 15
Box: 42, 102, 64
Box: 31, 25, 133
Box: 3, 4, 37
Box: 65, 102, 13
Box: 44, 102, 138
Box: 8, 13, 40
Box: 29, 6, 17
Box: 15, 6, 10
Box: 16, 26, 48
Box: 77, 6, 14
Box: 36, 7, 25
Box: 77, 5, 11
Box: 4, 38, 41
Box: 14, 23, 144
Box: 34, 14, 16
Box: 17, 4, 15
Box: 37, 102, 60
Box: 5, 102, 83
Box: 26, 102, 10
Box: 94, 102, 85
Box: 15, 6, 12
Box: 7, 28, 15
Box: 134, 68, 16
Box: 2, 4, 4
Box: 36, 7, 12
Box: 2, 27, 12
Box: 72, 7, 11
Box: 4, 102, 13
Box: 19, 102, 69
Box: 2, 25, 293
Box: 50, 96, 29
Box: 8, 30, 11
Box: 12, 73, 37
Box: 12, 23, 7
Box: 11, 49, 293
Box: 15, 102, 45
Box: 13, 73, 293
Box: 6, 38, 4
Box: 19, 7, 50
Box: 8, 6, 14
Box: 28, 3, 293
Box: 13, 17, 18
Box: 9, 4, 24
Box: 20, 102, 293
Box: 3, 13, 90
Box: 15, 102, 16
Box: 30, 7, 36
Box: 8, 15, 293
Box: 52, 72, 124
Box: 40, 2, 11
Box: 4, 28, 40
Box: 16, 73, 136
Box: 9, 11, 3
Box: 26, 14, 113
Box: 2, 19, 3
Box: 29, 5, 17
Box: 9, 102, 130
Box: 32, 45, 24
Box: 21, 24, 8
Box: 33, 22, 16
Box: 134, 75, 3
Box: 9, 22, 20
Box: 31, 102, 23
Box: 2, 22, 4
Box: 3, 37, 26
Box: 11, 102, 20
Box: 16, 46, 2
Box: 34, 102, 137
Box: 92, 39, 27
Box: 4, 5, 23
Box: 36, 22, 38
Box: 13, 19, 37
Box: 54, 4, 31
Box: 46, 51, 28
Box: 39, 102, 65
Box: 11, 7, 14
Box: 14, 29, 14
Box: 7, 13, 67
Box: 3, 46, 30
Box: 40, 102, 293
Box: 2, 102, 42
Box: 18, 2, 17
Box: 29, 8, 2
Box: 3, 3, 22
Box: 37, 63, 19
Box: 30, 102, 282
Box: 31, 57, 8
Box: 10, 48, 18
Box: 2, 33, 25
Box: 66, 7, 73
Box: 12, 102, 18
Box: 11, 27, 5
Box: 2, 25, 7
Box: 15, 102, 13
Box: 5, 94, 18
Box: 3, 9, 25
Box: 11, 22, 122
Box: 5, 26, 31
Box: 42, 102, 13
Box: 38, 30, 20
Box: 10, 102, 53
Box: 6, 48, 7
Box: 49, 102, 293
Box: 57, 27, 10
Box: 6, 3, 114
Box: 16, 46, 3
Box: 23, 87, 11
Box: 107, 15, 15
Box: 2, 4, 11
Box: 9, 43, 53
Box: 2, 5, 2
Box: 4, 8, 45
Box: 7, 102, 59
Box: 2, 19, 10
Box: 4, 102, 41
Box: 9, 75, 7
Box: 69, 19, 293
Box: 3, 16, 25
Box: 134, 18, 12
Box: 40, 102, 33
Box: 134, 4, 99
Box: 38, 14, 3
Box: 134, 52, 245
Box: 46, 5, 40
Box: 96, 34, 83
Box: 13, 22, 27
Box: 16, 3, 233
Box: 3, 102, 41
Box: 134, 102, 109
Box: 56, 102, 138
Box: 29, 102, 12
Box: 6, 102, 40
Box: 134, 11, 157
Box: 7, 16, 22
Box: 92, 2, 27
Box: 32, 2, 70
Box: 66, 22, 110
Box: 21, 31, 3
Box: 31, 15, 44
Box: 7, 4, 28
Box: 134, 94, 18
Box: 10, 102, 70
Box: 9, 63, 40
Box: 69, 11, 11
Box: 8, 102, 11
Box: 2, 19, 6
Box: 3, 57, 5
Box: 3, 15, 27
Box: 6, 3, 14
Box: 3, 32, 2
Box: 103, 5, 10
Box: 25, 2, 37
Box: 4, 8, 17
Box: 12, 5, 119
Box: 4, 4, 3
Box: 30, 4, 37
Box: 31, 51, 57
Box: 11, 9, 9
Box: 134, 17, 42
Box: 12, 4, 27
Box: 2, 4, 48
Box: 134, 102, 8
Box: 23, 96, 10
Box: 120, 102, 11
Box: 6, 4, 8
Box: 17, 32, 111
Box: 13, 24, 27
Box: 77, 102, 133
Box: 57, 18, 10
Box: 134, 102, 56
Box: 134, 102, 65
Box: 6, 48, 20
Box: 27, 75, 7
Box: 12, 71, 124
Box: 25, 12, 6
Box: 69, 48, 37
Box: 8, 2, 5
Box: 10, 35, 2
Box: 12, 16, 24
Box: 5, 5, 11
Box: 20, 102, 130
Box: 11, 27, 4
Box: 50, 19, 7
Box: 17, 2, 62
Box: 8, 6, 3
Box: 17, 4, 18
Box: 3, 3, 2
Box: 13, 102, 235
Box: 134, 102, 48
Box: 2, 4, 2
Box: 39, 102, 67
Box: 15, 6, 11
Box: 134, 102, 11
Box: 13, 26, 4
Box: 4, 102, 181
Box: 96, 102, 42
Box: 16, 26, 46
Box: 134, 9, 61
Box: 134, 102, 15
Box: 6, 26, 46
Box: 34, 15, 13
Box: 6, 102, 293
Box: 134, 9, 64
Box: 48, 29, 15
Box: 10, 16, 293
Box: 3, 6, 8
Box: 134, 102, 24
Box: 13, 4, 8
Box: 4, 21, 3
Box: 66, 102, 44
Box: 22, 102, 42
Box: 97, 17, 13
Box: 60, 34, 39
Box: 44, 4, 5
Box: 25, 9, 45
Box: 2, 4, 6
Box: 68, 35, 3
Box: 41, 73, 3
Box: 134, 21, 73
Box: 2, 4, 2
Box: 5, 6, 73
Box: 9, 102, 6
Box: 13, 27, 58
Box: 23, 102, 41
Box: 4, 102, 107
Box: 18, 65, 58
Box: 30, 5, 14
Box: 40, 5, 119
Box: 25, 75, 236
Box: 134, 17, 10
Box: 9, 102, 7
Box: 67, 102, 43
Box: 2, 80, 17
Box: 7, 3, 4
Box: 3, 102, 6
Box: 7, 102, 14
Box: 4, 8, 38
Box: 120, 46, 3
Box: 3, 24, 12
Box: 16, 102, 293
Box: 11, 102, 124
Box: 134, 2, 21
Box: 26, 69, 26
Box: 5, 5, 18
Box: 39, 102, 31
Box: 6, 6, 40
Box: 79, 17, 31
Box: 16, 73, 5
Box: 132, 21, 17
Box: 134, 57, 16
Box: 25, 24, 33
Box: 9, 65, 58
Box: 20, 2, 9
Box: 57, 11, 10
Box: 14, 8, 14
Box: 3, 37, 79
Box: 41, 22, 137
Box: 17, 102, 293
Box: 7, 35, 18
Box: 7, 13, 29
Box: 93, 9, 293
Box: 134, 4, 22
Box: 25, 24, 3
Box: 21, 102, 118
Box: 134, 102, 3
Box: 4, 11, 14
Box: 9, 39, 40
Box: 37, 20, 11
Box: 25, 102, 63
Box: 11, 102, 45
Box: 44, 8, 15
Box: 16, 7, 83
Box: 41, 13, 10
Box: 18, 2, 31
Box: 23, 102, 114
Box: 134, 102, 50
Box: 60, 34, 2
Box: 8, 26, 5
Box: 55, 2, 2
Box: 26, 10, 7
Box: 2, 4, 30
Box: 53, 5, 2
Box: 134, 2, 80
Box: 12, 15, 4
Box: 2, 73, 7
Box: 7, 4, 3
Box: 44, 7, 238
Box: 3, 102, 3
Box: 8, 6, 11
Box: 11, 15, 108
Box: 28, 102, 85
Box: 70, 102, 160
Box: 63, 23, 49
Box: 11, 5, 37
Box: 108, 83, 293
Box: 3, 5, 11
Box: 2, 3, 63
Box: 19, 16, 34
Box: 8, 35, 40
Box: 12, 21, 8
Box: 134, 102, 31
Box: 3, 102, 10
Box: 134, 102, 31
Box: 134, 102, 12
Box: 103, 5, 5
Box: 8, 7, 20
Box: 4, 16, 45
Box: 54, 30, 31
Box: 134, 51, 95
Box: 19, 102, 93
Box: 3, 102, 52
Box: 8, 10, 16
Box: 20, 18, 93
Box: 3, 102, 94
Box: 39, 19, 37
Box: 32, 102, 130
Box: 14, 6, 18
Box: 11, 18, 133
Box: 82, 22, 16
Box: 18, 102, 31
Box: 106, 17, 18
Box: 90, 102, 12
Box: 3, 7, 37
Box: 91, 12, 37
Box: 35, 40, 2
Box: 29, 2, 197
Box: 3, 15, 26
Box: 43, 2, 18
Box: 16, 46, 2
Box: 32, 69, 29
Box: 77, 6, 14
Box: 21, 6, 7
Box: 12, 17, 8
Box: 134, 26, 19
Box: 134, 17, 4
Box: 9, 4, 23
Box: 100, 74, 50
Box: 16, 22, 20
Box: 10, 10, 15
Box: 7, 5, 28
Box: 31, 14, 22
Box: 2, 38, 163
Box: 61, 22, 71
Box: 6, 14, 7
Box: 3, 25, 3
Box: 41, 102, 46
Box: 7, 65, 42
Box: 52, 6, 32
Box: 41, 73, 38
Box: 7, 7, 29
Box: 11, 46, 32
Box: 54, 19, 69
Box: 2, 7, 83
Box: 69, 91, 189
Box: 4, 102, 21
Box: 22, 38, 41
Box: 44, 9, 24
Box: 26, 2, 24
Box: 37, 52, 293
Box: 33, 102, 18
Box: 134, 102, 30
Box: 134, 6, 83
Box: 24, 25, 197
Box: 12, 4, 46
Box: 16, 7, 18
Box: 6, 9, 27
Box: 16, 46, 9
Box: 2, 102, 59
Box: 26, 28, 16
Box: 2, 102, 5
Box: 28, 102, 43
Box: 4, 26, 155
Box: 28, 5, 7
Box: 30, 13, 14
Box: 134, 7, 5
Box: 9, 5, 130
Box: 34, 5, 59
Box: 49, 8, 38
Box: 2, 10, 30
Box: 18, 102, 39
Box: 74, 15, 293
Box: 57, 6, 10
Box: 11, 53, 293
Box: 14, 13, 258
Box: 134, 102, 11
Box: 2, 8, 14
Box: 7, 90, 29
Box: 10, 14, 31
Box: 22, 24, 20
Box: 4, 45, 20
Box: 68, 8, 17
Box: 134, 57, 31
Box: 33, 83, 160
Box: 10, 7, 11
Box: 16, 16, 14
Box: 134, 102, 30
Box: 5, 13, 53
Box: 8, 27, 40
Box: 4, 6, 26
Box: 21, 24, 3
Box: 134, 102, 282
Box: 16, 16, 14
Box: 15, 6, 51
Box: 42, 99, 17
Box: 134, 33, 293
Box: 16, 8, 112
Box: 26, 7, 83
Box: 7, 9, 23
Box: 127, 8, 11
Box: 8, 26, 112
Box: 134, 9, 15
Box: 8, 34, 9
Box: 9, 26, 10
Box: 23, 102, 108
Box: 19, 2, 50
Box: 41, 13, 132
Box: 66, 24, 28
Box: 50, 23, 34
Box: 3, 73, 7
Box: 24, 39, 11
Box: 5, 11, 98
Box: 10, 102, 17
Box: 34, 37, 59
Box: 4, 4, 8
Box: 10, 12, 18
Box: 41, 102, 64
Box: 7, 5, 38
Box: 3, 15, 108
Box: 15, 102, 31
Box: 10, 9, 2
Box: 134, 102, 71
Box: 134, 23, 72
Box: 9, 9, 5
Box: 19, 11, 50
Box: 134, 102, 23
Box: 134, 57, 3
Box: 19, 46, 53
Box: 25, 11, 3
Box: 12, 4, 41
Box: 6, 25, 11
Box: 32, 17, 4
Box: 28, 102, 39
Box: 9, 47, 50
Box: 134, 46, 26
Box: 16, 102, 27
Box: 14, 29, 3
Box: 40, 50, 32
Box: 67, 7, 25
Box: 72, 45, 45
Box: 25, 7, 73
Box: 107, 41, 17
Box: 57, 28, 31
Box: 2, 65, 58
Box: 2, 4, 4
Box: 16, 25, 14
Box: 44, 102, 293
Box: 77, 38, 116
Box: 23, 87, 3
Box: 35, 102, 293
Box: 10, 9, 96
Box: 14, 24, 20
Box: 23, 102, 68
Box: 134, 30, 31
Box: 8, 6, 293
Box: 4, 41, 20
Box: 2, 5, 43
Box: 42, 13, 16
Box: 134, 102, 19
Box: 14, 63, 11
Box: 3, 37, 69
Box: 10, 102, 39
Box: 9, 4, 8
Box: 17, 32, 51
Box: 8, 5, 5
Box: 134, 27, 22
Box: 30, 102, 14
Box: 13, 20, 18
Box: 7, 102, 34
Box: 44, 56, 55
Box: 16, 73, 13
Box: 10, 48, 18
Box: 3, 32, 23
Box: 134, 51, 3
Box: 5, 15, 7
Box: 16, 9, 56
Box: 17, 17, 20
Box: 77, 8, 116
Box: 134, 102, 90
Box: 31, 102, 47
Box: 14, 55, 21
Box: 3, 15, 32
Box: 4, 24, 114
Box: 7, 7, 11
Box: 23, 102, 21
Box: 52, 6, 11
Box: 37, 24, 10
Box: 28, 30, 31
Box: 7, 2, 29
Box: 26, 7, 7
Box: 8, 45, 2
Box: 134, 102, 32
Box: 134, 15, 45
Box: 45, 6, 21
Box: 10, 76, 73
Box: 5, 17, 83
Box: 7, 3, 11
Box: 134, 46, 43
Box: 26, 12, 7
Box: 106, 44, 18
Box: 9, 15, 18
Box: 110, 39, 11
Box: 31, 25, 29
Box: 2, 102, 31
Box: 23, 38, 4
Box: 2, 102, 19
Box: 4, 91, 189
Box: 9, 23, 8
Box: 3, 3, 5
Box: 11, 12, 58
Box: 3, 2, 17
Box: 13, 8, 53
Box: 7, 43, 8
Box: 14, 33, 45
Box: 9, 102, 94
Box: 22, 102, 127
Box: 134, 102, 89
Box: 16, 7, 19
Box: 134, 51, 37
Box: 41, 73, 61
Box: 51, 102, 16
Box: 9, 11, 38
Box: 34, 102, 30
Box: 22, 14, 31
Box: 10, 15, 18
Box: 38, 102, 109
Box: 3, 7, 50
Box: 2, 17, 13
Box: 16, 102, 62
Box: 12, 7, 73
Box: 8, 102, 4
Box: 7, 10, 8
Box: 18, 6, 2
Box: 19, 102, 88
Box: 58, 102, 14
Box: 23, 48, 37
Box: 134, 17, 35
Box: 17, 20, 5
Box: 54, 5, 31
Box: 3, 14, 37
Box: 2, 102, 20
Box: 6, 6, 15
Box: 39, 34, 67
Box: 134, 11, 293
Box: 17, 63, 188
Box: 5, 7, 107
Box: 134, 30, 74
Box: 34, 102, 57
Box: 31, 10, 8
Box: 45, 14, 60
Box: 33, 19, 293
Box: 3, 102, 71
Box: 134, 57, 293
Box: 13, 39, 18
Box: 3, 33, 17
Box: 27, 29, 2
Box: 34, 102, 48
Box: 134, 102, 16
Box: 127, 2, 11
Box: 2, 24, 12
Box: 134, 30, 3
Box: 134, 55, 13
Box: 14, 21, 14
Box: 82, 5, 4
Box: 2, 4, 27
Box: 29, 11, 16
Box: 12, 14, 32
Box: 36, 10, 25
Box: 5, 29, 98
Box: 4, 2, 17
Box: 28, 11, 2
Box: 2, 102, 74
Box: 15, 17, 6
Box: 134, 14, 12
Box: 10, 102, 136
Box: 38, 18, 28
Box: 44, 9, 21
Box: 43, 4, 18
Box: 21, 2, 3
Box: 2, 19, 138
Box: 10, 32, 8
Box: 15, 32, 11
Box: 18, 21, 122
Box: 14, 102, 131
Box: 8, 2, 107
Box: 87, 2, 25
Box: 10, 18, 65
Box: 11, 3, 11
Box: 41, 102, 293
Box: 90, 38, 4
Box: 38, 14, 225
Box: 4, 5, 119
Box: 72, 102, 79
Box: 6, 15, 27
Box: 22, 6, 21
Box: 14, 38, 59
Box: 41, 73, 15
Box: 19, 3, 12
Box: 31, 23, 238
Box: 77, 76, 25
Box: 25, 16, 6
Box: 104, 102, 81
Box: 5, 18, 28
Box: 36, 25, 12
Box: 2, 102, 50
Box: 5, 29, 28
Box: 16, 102, 72
Box: 41, 13, 19
Box: 3, 102, 61
Box: 65, 102, 293
Box: 20, 27, 162
Box: 134, 102, 84
Box: 3, 3, 17
Box: 43, 102, 41
Box: 18, 7, 67
Box: 134, 40, 8
Box: 20, 75, 293
Box: 18, 17, 57
Box: 41, 13, 56
Box: 7, 30, 11
Box: 21, 102, 20
Box: 134, 102, 13
Box: 7, 29, 28
Box: 2, 19, 2
Box: 71, 102, 29
Box: 134, 46, 40
Box: 14, 86, 293
Box: 12, 54, 293
Box: 14, 3, 18
Box: 6, 5, 28
Box: 2, 38, 37
Box: 38, 102, 8
Box: 82, 15, 15
Box: 21, 17, 93
Box: 19, 30, 39
Box: 54, 102, 10
Box: 134, 39, 31
Box: 6, 2, 114
Box: 19, 25, 50
Box: 41, 13, 15
Box: 16, 25, 72
Box: 34, 102, 14
Box: 2, 102, 45
Box: 8, 102, 16
Box: 87, 40, 25
Box: 127, 25, 11
Box: 16, 5, 28
Box: 22, 9, 98
Box: 7, 4, 29
Box: 4, 25, 197
Box: 14, 102, 52
Box: 134, 23, 5
Box: 43, 9, 28
Box: 23, 102, 2
Box: 33, 7, 83
Box: 57, 12, 25
Box: 98, 14, 6
Box: 19, 56, 53
Box: 31, 21, 14
Box: 16, 102, 18
Box: 134, 52, 7
Box: 13, 9, 98
Box: 30, 14, 7
Box: 17, 9, 98
Box: 51, 102, 181
Box: 34, 102, 13
Box: 13, 65, 58
Box: 40, 50, 31
Box: 56, 15, 108
Box: 82, 3, 23
Box: 8, 24, 12
Box: 58, 15, 11
Box: 16, 102, 6
Box: 16, 102, 125
Box: 34, 69, 12
Box: 7, 22, 20
Box: 8, 19, 39
Box: 20, 102, 71
Box: 6, 48, 121
Box: 84, 14, 36
Box: 17, 7, 24
Box: 2, 5, 3
Box: 134, 102, 25
Box: 2, 6, 4
Box: 4, 2, 114
Box: 27, 6, 3
Box: 134, 27, 5
Box: 7, 11, 24
Box: 82, 4, 4
Box: 7, 6, 8
Box: 17, 8, 2
Box: 77, 10, 25
Box: 7, 19, 53
Box: 134, 26, 44
Box: 19, 36, 34
Box: 54, 32, 11
Box: 36, 102, 155
Box: 93, 2, 130
Box: 2, 47, 45
Box: 8, 15, 5
Box: 134, 102, 12
Box: 11, 14, 3
Box: 79, 102, 51
Box: 8, 4, 5
Box: 37, 4, 3
Box: 16, 48, 37
Box: 36, 33, 25
Box: 6, 4, 40
Box: 28, 102, 8
Box: 13, 36, 53
Box: 35, 4, 5
Box: 6, 11, 4
Box: 5, 17, 6
Box: 16, 34, 32
Box: 134, 33, 31
Box: 100, 33, 38
Box: 16, 34, 2
Box: 14, 30, 51
Box: 46, 17, 28
Box: 16, 11, 50
Box: 66, 9, 98
Box: 31, 17, 23
Box: 14, 6, 11
Box: 26, 31, 12
Box: 27, 25, 197
Box: 134, 102, 18
Box: 5, 22, 47
Box: 4, 102, 29
Box: 134, 19, 162
Box: 134, 4, 73
Box: 6, 3, 7
Box: 7, 19, 67
Box: 45, 2, 6
Box: 16, 102, 6
Box: 134, 30, 21
Box: 89, 5, 11
Box: 31, 49, 62
Box: 66, 22, 13
Box: 134, 19, 30
Box: 61, 34, 7
Box: 14, 102, 20
Box: 11, 5, 7
Box: 35, 5, 6
Box: 4, 16, 20
Box: 134, 30, 40
Box: 134, 15, 52
Box: 12, 19, 7
Box: 134, 27, 14
Box: 4, 102, 43
Box: 5, 78, 213
Box: 2, 19, 3
Box: 47, 19, 21
Box: 7, 29, 98
Box: 25, 37, 27
Box: 37, 35, 19
Box: 2, 102, 138
Box: 77, 11, 14
Box: 34, 102, 2
Box: 8, 102, 8
Box: 134, 10, 132
Box: 5, 3, 4
Box: 13, 14, 8
Box: 13, 102, 4
Box: 134, 36, 168
Box: 98, 8, 11
Box: 134, 102, 62
Box: 10, 58, 65
Box: 17, 4, 18
Box: 19, 3, 2
Box: 5, 23, 49
Box: 14, 3, 18
Box: 2, 102, 40
Box: 134, 9, 37
Box: 77, 28, 27
Box: 15, 102, 134
Box: 36, 27, 162
Box: 27, 41, 17
Box: 13, 30, 3
Box: 30, 5, 14
Box: 40, 4, 7
Box: 2, 22, 17
Box: 2, 44, 14
Box: 7, 6, 36
Box: 34, 102, 293
Box: 33, 4, 93
Box: 134, 102, 48
Box: 9, 102, 46
Box: 3, 3, 4
Box: 41, 5, 15
Box: 5, 5, 53
Box: 23, 23, 54
Box: 134, 15, 4
Box: 40, 34, 16
Box: 14, 23, 25
Box: 8, 45, 7
Box: 8, 10, 5
Box: 19, 102, 21
Box: 34, 14, 11
Box: 34, 102, 9
Box: 6, 11, 48
Box: 12, 15, 94
Box: 21, 16, 7
Box: 4, 21, 14
Box: 12, 14, 293
Box: 27, 30, 12
Box: 5, 27, 53
Box: 3, 16, 3
Box: 3, 102, 70
Box: 2, 9, 2
Box: 3, 4, 150
Box: 6, 102, 27
Box: 5, 102, 293
Box: 48, 27, 15
Box: 6, 5, 8
Box: 7, 102, 10
Box: 6, 102, 159
Box: 25, 4, 6
Box: 10, 40, 107
Box: 6, 71, 6
Box: 45, 7, 12
Box: 13, 10, 53
Box: 134, 102, 6
Box: 41, 38, 4
Box: 94, 2, 37
Box: 32, 25, 293
Box: 2, 4, 5
Box: 134, 11, 157
Box: 30, 102, 25
Box: 37, 20, 70
Box: 134, 23, 73
Box: 31, 16, 2
Box: 9, 102, 293
Box: 2, 102, 18
Box: 10, 22, 71
Box: 89, 4, 45
Box: 134, 19, 15
Box: 88, 62, 129
Box: 10, 10, 22
Box: 36, 2, 11
Box: 31, 25, 53
Box: 10, 102, 54
Box: 5, 6, 31
Box: 45, 102, 12
Box: 20, 102, 14
Box: 44, 24, 15
Box: 134, 28, 162
Box: 44, 7, 83
Box: 134, 102, 12
Box: 4, 3, 4
Box: 12, 21, 14
Box: 53, 102, 33
Box: 134, 9, 13
Box: 14, 10, 45
Box: 14, 102, 136
Box: 5, 9, 124
Box: 105, 15, 17
Box: 10, 32, 11
Box: 6, 15, 10
Box: 2, 4, 293
Box: 79, 9, 31
Box: 27, 47, 45
Box: 134, 17, 14
Box: 134, 22, 84
Box: 25, 8, 17
Box: 3, 73, 293
Box: 82, 2, 4
Box: 134, 75, 103
Box: 6, 102, 50
Box: 21, 17, 80
Box: 134, 102, 3
Box: 7, 3, 11
Box: 5, 15, 293
Box: 6, 7, 36
Box: 93, 2, 9
Box: 20, 102, 30
Box: 25, 102, 27
Box: 29, 32, 11
Box: 100, 31, 72
Box: 134, 102, 86
Box: 79, 102, 37
Box: 7, 3, 28
Box: 16, 52, 3
Box: 3, 14, 32
Box: 66, 22, 58
Box: 10, 6, 96
Box: 7, 7, 18
Box: 8, 102, 293
Box: 70, 102, 43
Box: 13, 102, 35
Box: 3, 24, 32
Box: 9, 26, 10
Box: 55, 17, 2
Box: 134, 27, 12
Box: 19, 5, 45
Box: 3, 3, 32
Box: 2, 85, 8
Box: 27, 7, 11
Box: 7, 3, 11
Box: 8, 2, 3
Box: 71, 29, 24
Box: 40, 47, 130
Box: 48, 41, 3
Box: 38, 102, 141
Box: 48, 85, 31
Box: 2, 4, 54
Box: 134, 75, 36
Box: 3, 6, 29
Box: 12, 10, 45
Box: 2, 12, 8
Box: 30, 11, 24
Box: 12, 4, 156
Box: 20, 26, 23
Box: 10, 102, 50
Box: 6, 5, 209
Box: 5, 39, 107
Box: 27, 30, 111
Box: 37, 23, 33
Box: 18, 58, 7
Box: 29, 48, 34
Box: 3, 3, 45
Box: 5, 22, 20
Box: 10, 102, 15
Box: 40, 4, 13
Box: 2, 51, 57
Box: 41, 5, 11
Box: 27, 94, 7
Box: 9, 13, 20
Box: 5, 6, 53
Box: 10, 3, 32
Box: 8, 6, 5
Box: 77, 28, 29
Box: 69, 3, 24
Box: 6, 2, 7
Box: 2, 102, 293
Box: 17, 21, 193
Box: 7, 102, 70
Box: 70, 102, 25
Box: 15, 6, 36
Box: 6, 102, 7
Box: 4, 14, 3
Box: 10, 12, 27
Box: 49, 102, 66
Box: 7, 102, 69
Box: 16, 73, 37
Box: 32, 9, 7
Box: 58, 15, 3
Box: 10, 48, 16
Box: 4, 3, 282
Box: 7, 27, 44
Box: 36, 61, 105
Box: 5, 10, 59
Box: 134, 23, 4
Box: 21, 33, 3
Box: 134, 15, 56
Box: 38, 15, 15
Box: 50, 102, 50
Box: 14, 15, 15
Box: 122, 34, 293
Box: 134, 9, 131
Box: 33, 24, 54
Box: 37, 102, 27
Box: 4, 4, 3
Box: 12, 5, 130
Box: 134, 23, 27
Box: 14, 7, 11
Box: 13, 28, 4
Box: 134, 40, 56
Box: 40, 102, 31
Box: 36, 28, 140
Box: 8, 102, 72
Box: 18, 29, 98
Box: 3, 15, 37
Box: 26, 3, 24
Box: 58, 12, 28
Box: 36, 102, 14
Box: 19, 102, 43
Box: 134, 11, 9
Box: 2, 102, 9
Box: 15, 10, 15
Box: 2, 26, 3
Box: 134, 102, 160
Box: 46, 26, 46
Box: 20, 5, 93
Box: 44, 7, 14
Box: 134, 2, 8
Box: 16, 26, 13
Box: 20, 76, 23
Box: 16, 16, 24
Box: 4, 26, 40
Box: 43, 75, 7
Box: 16, 87, 98
Box: 3, 19, 293
Box: 14, 13, 21
Box: 51, 24, 36
Box: 66, 24, 26
Box: 48, 102, 59
Box: 3, 24, 133
Box: 21, 8, 11
Box: 132, 14, 17
Box: 3, 9, 37
Box: 134, 58, 15
Box: 4, 6, 36
Box: 7, 3, 10
Box: 134, 102, 126
Box: 2, 102, 19
Box: 7, 7, 11
Box: 6, 11, 50
Box: 9, 102, 65
Box: 134, 30, 8
Box: 77, 4, 14
Box: 134, 10, 98
Box: 7, 35, 82
Box: 77, 28, 58
Box: 12, 17, 8
Box: 10, 23, 34
Box: 28, 30, 26
Box: 9, 102, 96
Box: 134, 102, 158
Box: 2, 4, 11
Box: 60, 23, 33
Box: 134, 23, 6
Box: 9, 15, 32
Box: 93, 29, 48
Box: 10, 10, 293
Box: 37, 20, 9
Box: 132, 33, 17
Box: 7, 10, 3
Box: 38, 102, 29
Box: 14, 30, 45
Box: 134, 30, 41
Box: 27, 102, 8
Box: 4, 102, 23
Box: 6, 102, 70
Box: 6, 102, 130
Box: 10, 2, 18
Box: 134, 24, 7
Box: 134, 9, 3
Box: 16, 102, 111
Box: 19, 11, 14
Box: 6, 5, 7
Box: 134, 9, 222
Box: 23, 102, 4
Box: 134, 5, 100
Box: 95, 97, 38
Box: 46, 102, 133
Box: 50, 73, 293
Box: 22, 5, 21
Box: 40, 26, 32
Box: 21, 3, 12
Box: 30, 102, 66
Box: 40, 4, 4
Box: 5, 22, 20
Box: 31, 5, 238
Box: 79, 6, 31
Box: 5, 24, 21
Box: 44, 56, 15
Box: 2, 16, 14
Box: 43, 29, 95
Box: 134, 14, 40
Box: 83, 61, 45
Box: 16, 46, 2
Box: 9, 9, 13
Box: 134, 102, 49
Box: 41, 13, 61
Box: 12, 3, 282
Box: 134, 18, 6
Box: 3, 7, 59
Box: 29, 102, 10
Box: 2, 38, 59
Box: 17, 102, 25
Box: 4, 17, 13
Box: 69, 80, 293
Box: 134, 3, 3
Box: 20, 24, 18
Box: 4, 102, 49
Box: 7, 58, 7
Box: 40, 4, 11
Box: 24, 102, 114
Box: 12, 16, 45
Box: 17, 48, 33
Box: 5, 5, 28
Box: 13, 14, 4
Box: 53, 102, 16
Box: 3, 102, 26
Box: 79, 18, 31
Box: 26, 7, 7
Box: 32, 6, 70
Box: 8, 8, 107
Box: 134, 102, 19
Box: 134, 102, 9
Box: 8, 102, 114
Box: 122, 46, 25
Box: 7, 16, 28
Box: 43, 15, 28
Box: 134, 8, 3
Box: 16, 26, 10
Box: 134, 4, 45
Box: 134, 35, 94
Box: 3, 33, 9
Box: 75, 5, 11
Box: 3, 94, 18
Box: 2, 25, 80
Box: 16, 3, 18
Box: 2, 102, 40
Box: 4, 12, 11
Box: 26, 8, 7
Box: 32, 9, 6
Box: 91, 2, 121
Box: 35, 49, 50
Box: 17, 21, 20
Box: 23, 102, 26
Box: 28, 30, 31
Box: 15, 7, 11
Box: 134, 7, 60
Box: 16, 21, 3
Box: 26, 102, 6
Box: 16, 26, 42
Box: 39, 51, 66
Box: 134, 27, 25
Box: 25, 22, 4
Box: 20, 65, 42
Box: 32, 102, 10
Box: 82, 3, 44
Box: 47, 5, 21
Box: 3, 3, 2
Box: 2, 3, 7
Box: 17, 8, 5
Box: 106, 21, 12
Box: 134, 102, 17
Box: 39, 19, 66
Box: 26, 28, 83
Box: 134, 9, 30
Box: 17, 4, 9
Box: 78, 2, 3
Box: 134, 16, 179
Box: 5, 76, 98
Box: 8, 6, 76
Box: 30, 102, 155
Box: 3, 13, 3
Box: 11, 27, 101
Box: 3, 15, 13
Box: 16, 22, 6
Box: 134, 102, 15
Box: 134, 30, 26
Box: 7, 18, 28
Box: 16, 2, 14
Box: 7, 17, 181
Box: 11, 6, 32
Box: 38, 30, 34
Box: 48, 102, 42
Box: 134, 46, 73
Box: 23, 2, 6
Box: 2, 17, 2
Box: 35, 102, 57
Box: 65, 22, 38
Box: 22, 14, 282
Box: 10, 10, 160
Box: 77, 102, 30
Box: 134, 4, 12
Box: 7, 16, 14
Box: 56, 102, 190
Box: 15, 102, 131
Box: 2, 4, 5
Box: 32, 2, 70
Box: 6, 71, 19
Box: 5, 29, 10
Box: 13, 102, 176
Box: 5, 102, 66
Box: 6, 12, 16
Box: 29, 102, 68
Box: 3, 33, 23
Box: 89, 14, 60
Box: 2, 22, 23
Box: 16, 9, 23
Box: 20, 51, 57
Box: 54, 102, 53
Box: 16, 46, 5
Box: 134, 41, 20
Box: 54, 16, 25
Box: 8, 45, 2
Box: 134, 2, 21
Box: 11, 53, 93
Box: 4, 31, 114
Box: 7, 26, 181
Box: 7, 6, 38
Box: 4, 2, 17
Box: 18, 6, 9
Box: 2, 4, 3
Box: 134, 13, 3
Box: 8, 2, 39
Box: 37, 27, 10
Box: 47, 14, 15
Box: 8, 16, 107
Box: 31, 8, 23
Box: 18, 58, 10
Box: 43, 102, 18
Box: 3, 102, 8
Box: 30, 36, 18
Box: 134, 100, 8
Box: 46, 102, 3
Box: 11, 4, 7
Box: 19, 11, 3
Box: 108, 5, 5
Box: 21, 4, 12
Box: 5, 8, 40
Box: 16, 102, 141
Box: 46, 5, 17
Box: 4, 25, 3
Box: 20, 29, 28
Box: 20, 58, 196
Box: 94, 24, 37
Box: 4, 102, 14
Box: 25, 32, 3
Box: 82, 102, 5
Box: 65, 102, 81
Box: 6, 102, 10
Box: 7, 83, 15
Box: 13, 2, 4
Box: 134, 26, 7
Box: 10, 102, 2
Box: 8, 32, 29
Box: 9, 102, 31
Box: 134, 69, 3
Box: 66, 22, 112
Box: 5, 9, 124
Box: 8, 102, 27
Box: 20, 102, 40
Box: 52, 102, 5
Box: 3, 3, 3
Box: 33, 102, 53
Box: 134, 102, 67
Box: 27, 29, 3
Box: 134, 8, 41
Box: 12, 7, 73
Box: 9, 19, 7
Box: 34, 14, 2
Box: 6, 24, 11
Box: 13, 38, 41
Box: 134, 2, 55
Box: 6, 11, 88
Box: 61, 4, 37
Box: 69, 3, 23
Box: 35, 8, 38
Box: 9, 102, 138
Box: 10, 12, 132
Box: 39, 31, 78
Box: 37, 2, 24
Box: 4, 60, 140
Box: 24, 102, 17
Box: 2, 3, 2
Box: 10, 29, 3
Box: 35, 49, 5
Box: 96, 6, 83
Box: 4, 26, 46
Box: 134, 102, 4
Box: 8, 22, 34
Box: 3, 3, 11
Box: 50, 102, 114
Box: 15, 102, 126
Box: 55, 38, 8
Box: 10, 17, 57
Box: 134, 17, 40
Box: 30, 20, 14
Box: 46, 102, 249
Box: 30, 102, 136
Box: 7, 19, 8
Box: 14, 30, 60
Box: 13, 2, 45
Box: 85, 57, 5
Box: 46, 102, 7
Box: 3, 12, 50
Box: 13, 7, 11
Box: 78, 26, 112
Box: 20, 7, 36
Box: 8, 22, 6
Box: 134, 17, 11
Box: 14, 39, 11
Box: 46, 102, 4
Box: 5, 22, 90
Box: 45, 35, 12
Box: 3, 37, 19
Box: 30, 102, 24
Box: 48, 102, 143
Box: 6, 26, 47
Box: 26, 25, 11
Box: 134, 30, 10
Box: 134, 46, 14
Box: 44, 26, 293
Box: 28, 38, 8
Box: 17, 31, 32
Box: 18, 2, 17
Box: 7, 102, 107
Box: 24, 5, 60
Box: 134, 61, 53
Box: 22, 57, 5
Box: 37, 9, 11
Box: 23, 68, 8
Box: 15, 102, 49
Box: 134, 11, 56
Box: 78, 2, 3
Box: 2, 102, 57
Box: 4, 29, 40
Box: 4, 11, 40
Box: 39, 4, 78
Box: 12, 102, 17
Box: 5, 24, 20
Box: 93, 30, 27
Box: 12, 12, 8
Box: 3, 26, 6
Box: 134, 102, 13
Box: 134, 102, 28
Box: 53, 102, 50
Box: 3, 4, 3
Box: 134, 41, 32
Box: 12, 9, 11
Box: 26, 102, 23
Box: 5, 44, 45
Box: 27, 29, 7
Box: 7, 102, 65
Box: 29, 11, 18
Box: 6, 2, 14
Box: 122, 46, 69
Box: 6, 38, 4
Box: 9, 2, 53
Box: 20, 102, 8
Box: 17, 18, 293
Box: 23, 7, 8
Box: 26, 3, 16
Box: 34, 22, 59
Box: 28, 5, 34
Box: 57, 28, 40
Box: 15, 91, 189
Box: 134, 57, 2
Box: 57, 32, 10
Box: 26, 24, 21
Box: 134, 27, 182
Box: 54, 61, 25
Box: 14, 102, 59
Box: 16, 46, 22
Box: 15, 38, 41
Box: 3, 102, 31
Box: 26, 102, 5
Box: 37, 102, 141
Box: 25, 75, 57
Box: 134, 102, 48
Box: 7, 7, 2
Box: 7, 10, 4
Box: 40, 2, 7
Box: 17, 2, 37
Box: 9, 8, 8
Box: 19, 8, 38
Box: 25, 102, 15
Box: 33, 2, 6
Box: 2, 38, 86
Box: 4, 12, 11
Box: 77, 18, 14
Box: 16, 20, 5
Box: 22, 45, 42
Box: 26, 16, 2
Box: 134, 102, 25
Box: 60, 34, 6
Box: 18, 15, 3
Box: 21, 14, 7
Box: 2, 102, 11
Box: 43, 29, 2
Box: 12, 10, 10
Box: 37, 38, 10
Box: 46, 102, 107
Box: 134, 17, 103
Box: 2, 6, 26
Box: 3, 4, 57
Box: 32, 31, 29
Box: 9, 40, 53
Box: 63, 29, 24
Box: 134, 15, 47
Box: 6, 20, 11
Box: 7, 20, 67
Box: 134, 4, 33
Box: 13, 34, 9
Box: 134, 6, 14
Box: 2, 2, 25
Box: 77, 2, 14
Box: 15, 6, 15
Box: 93, 23, 46
Box: 34, 102, 8
Box: 66, 102, 161
Box: 41, 102, 53
Box: 41, 7, 4
Box: 2, 3, 6
Box: 9, 11, 3
Box: 20, 102, 42
Box: 28, 11, 9
Box: 11, 47, 45
Box: 26, 11, 7
Box: 2, 13, 7
Box: 26, 102, 235
Box: 2, 102, 47
Box: 6, 102, 233
Box: 5, 22, 111
Box: 25, 12, 23
Box: 35, 4, 10
Box: 3, 36, 116
Box: 34, 102, 156
Box: 7, 6, 293
Box: 7, 4, 23
Box: 134, 102, 92
Box: 21, 68, 29
Box: 5, 102, 20
Box: 39, 102, 75
Box: 3, 16, 25
Box: 8, 102, 11
Box: 28, 73, 293
Box: 2, 15, 11
Box: 100, 15, 72
Box: 10, 13, 18
Box: 20, 35, 18
Box: 51, 61, 45
Box: 2, 30, 94
Box: 9, 25, 293
Box: 12, 5, 14
Box: 57, 102, 5
Box: 37, 20, 38
Box: 36, 2, 4
Box: 13, 30, 23
Box: 2, 44, 2
Box: 14, 5, 11
Box: 3, 69, 17
Box: 96, 22, 83
Box: 27, 8, 3
Box: 26, 9, 24
Box: 93, 2, 56
Box: 8, 25, 3
Box: 34, 102, 27
Box: 28, 80, 42
Box: 5, 29, 4
Box: 20, 29, 14
Box: 24, 102, 32
Box: 23, 102, 70
Box: 42, 18, 17
Box: 93, 2, 28
Box: 37, 23, 19
Box: 71, 102, 6
Box: 134, 15, 37
Box: 2, 16, 22
Box: 134, 14, 37
Box: 2, 19, 89
Box: 12, 31, 124
Box: 14, 8, 14
Box: 39, 102, 130
Box: 5, 12, 40
Box: 52, 17, 293
Box: 40, 50, 4
Box: 3, 15, 2
Box: 80, 102, 53
Box: 19, 5, 11
Box: 16, 34, 4
Box: 3, 26, 14
Box: 134, 9, 38
Box: 12, 102, 85
Box: 35, 49, 6
Box: 17, 32, 15
Box: 77, 2, 83
Box: 5, 11, 13
Box: 7, 2, 17
Box: 27, 26, 12
Box: 21, 17, 94
Box: 25, 11, 3
Box: 52, 102, 5
Box: 34, 38, 61
Box: 17, 9, 28
Box: 37, 14, 15
Box: 40, 16, 9
Box: 82, 6, 4
Box: 8, 12, 18
Box: 8, 102, 25
Box: 3, 102, 84
Box: 7, 9, 38
Box: 134, 15, 13
Box: 32, 19, 4
Box: 5, 11, 2
Box: 32, 2, 5
Box: 134, 58, 15
Box: 4, 2, 24
Box: 134, 24, 9
Box: 16, 50, 112
Box: 46, 39, 10
Box: 44, 37, 55
Box: 13, 15, 5
Box: 5, 102, 59
Box: 36, 2, 12
Box: 11, 23, 40
Box: 6, 10, 3
Box: 121, 102, 25
Box: 8, 7, 5
Box: 45, 50, 21
Box: 28, 29, 3
Box: 17, 19, 20
Box: 37, 67, 3
Box: 82, 67, 67
Box: 7, 3, 15
Box: 2, 22, 70
Box: 5, 102, 11
Box: 34, 102, 84
Box: 2, 4, 8
Box: 5, 22, 44
Box: 8, 26, 5
Box: 78, 2, 20
Box: 16, 46, 3
Box: 33, 20, 93
Box: 39, 32, 66
Box: 8, 10, 3
Box: 6, 102, 45
Box: 67, 3, 40
Box: 15, 6, 3
Box: 36, 25, 15
Box: 31, 22, 37
Box: 4, 22, 131
Box: 3, 4, 3
Box: 29, 4, 17
Box: 9, 102, 28
Box: 49, 102, 20
Box: 6, 79, 7
Box: 134, 88, 61
Box: 48, 29, 98
Box: 3, 2, 17
Box: 2, 102, 6
Box: 36, 25, 34
Box: 7, 102, 76
Box: 134, 102, 15
Box: 106, 63, 12
Box: 43, 102, 62
Box: 2, 25, 23
Box: 2, 9, 25
Box: 134, 18, 7
Box: 134, 7, 162
Box: 41, 72, 18
Box: 57, 10, 25
Box: 20, 9, 11
Box: 2, 12, 16
Box: 11, 10, 32
Box: 46, 102, 114
Box: 134, 102, 145
Box: 134, 48, 17
Box: 4, 52, 16
Box: 41, 20, 15
Box: 6, 3, 282
Box: 134, 88, 100
Box: 9, 102, 43
Box: 2, 29, 293
Box: 9, 102, 107
Box: 10, 35, 293
Box: 54, 83, 69
Box: 62, 102, 12
Box: 7, 48, 121
Box: 77, 8, 83
Box: 134, 26, 24
Box: 7, 102, 118
Box: 17, 102, 293
Box: 4, 102, 53
Box: 2, 27, 3
Box: 38, 30, 18
Box: 134, 10, 5
Box: 24, 23, 40
Box: 38, 48, 121
Box: 47, 9, 124
Box: 8, 6, 13
Box: 80, 17, 28
Box: 106, 102, 6
Box: 16, 102, 83
Box: 93, 2, 28
Box: 53, 26, 47
Box: 53, 19, 7
Box: 7, 6, 2
Box: 113, 102, 12
Box: 30, 3, 36
Box: 19, 11, 21
Box: 95, 102, 62
Box: 60, 7, 36
Box: 3, 102, 2
Box: 4, 9, 28
Box: 5, 40, 93
Box: 25, 24, 3
Box: 15, 102, 83
Box: 5, 35, 83
Box: 46, 15, 7
Box: 77, 11, 116
Box: 2, 22, 19
Box: 82, 4, 94
Box: 37, 4, 19
Box: 134, 46, 26
Box: 3, 102, 18
Box: 28, 3, 7
Box: 10, 12, 13
Box: 13, 2, 14
Box: 134, 49, 121
Box: 16, 34, 13
Box: 30, 102, 10
Box: 33, 5, 34
Box: 13, 102, 85
Box: 7, 3, 28
Box: 28, 27, 293
Box: 17, 11, 20
Box: 5, 34, 16
Box: 134, 15, 185
Box: 11, 27, 6
Box: 26, 25, 76
Box: 27, 9, 28
Box: 8, 7, 4
Box: 38, 67, 18
Box: 7, 58, 4
Box: 38, 6, 34
Box: 7, 13, 7
Box: 134, 19, 94
Box: 68, 15, 3
Box: 31, 49, 12
Box: 2, 43, 82
Box: 106, 102, 34
Box: 60, 34, 8
Box: 14, 14, 293
Box: 17, 32, 24
Box: 5, 25, 73
Box: 14, 37, 4
Box: 26, 102, 4
Box: 15, 25, 7
Box: 15, 13, 7
Box: 37, 102, 293
Box: 17, 17, 37
Box: 20, 16, 93
Box: 9, 5, 50
Box: 7, 21, 20
Box: 16, 25, 79
Box: 10, 16, 49
Box: 12, 26, 10
Box: 41, 91, 189
Box: 29, 102, 293
Box: 44, 4, 3
Box: 20, 46, 47
Box: 93, 10, 293
Box: 93, 2, 9
Box: 41, 102, 235
Box: 18, 6, 3
Box: 7, 52, 15
Box: 14, 16, 293
Box: 21, 7, 23
Box: 2, 4, 35
Box: 5, 11, 13
Box: 7, 12, 20
Box: 3, 32, 4
Box: 37, 5, 3
Box: 11, 33, 4
Box: 134, 21, 171
Box: 20, 22, 90
Box: 5, 27, 11
Box: 9, 32, 8
Box: 20, 26, 93
Box: 6, 7, 23
Box: 52, 102, 25
Box: 134, 76, 12
Box: 6, 2, 8
Box: 27, 2, 13
Box: 9, 13, 7
Box: 11, 4, 11
Box: 29, 27, 34
Box: 10, 10, 6
Box: 4, 102, 43
Box: 24, 102, 9
Box: 5, 36, 40
Box: 3, 36, 3
Box: 3, 33, 12
Box: 41, 22, 156
Box: 64, 17, 6
Box: 16, 9, 86
Box: 9, 102, 13
Box: 34, 7, 6
Box: 134, 57, 126
Box: 5, 29, 14
Box: 15, 38, 41
Box: 3, 46, 19
Box: 3, 3, 11
Box: 5, 2, 4
Box: 39, 52, 78
Box: 134, 4, 3
Box: 19, 5, 15
Box: 56, 58, 196
Box: 16, 45, 23
Box: 114, 14, 54
Box: 134, 14, 13
Box: 3, 2, 25
Box: 13, 4, 32
Box: 23, 102, 131
Box: 23, 89, 8
Box: 2, 25, 75
Box: 4, 16, 14
Box: 25, 24, 54
Box: 12, 2, 8
Box: 67, 32, 65
Box: 13, 65, 42
Box: 16, 46, 113
Box: 11, 14, 37
Box: 134, 7, 114
Box: 37, 20, 64
Box: 2, 40, 29
Box: 11, 27, 11
Box: 17, 21, 15
Box: 14, 19, 11
Box: 52, 102, 10
Box: 45, 12, 21
Box: 14, 15, 32
Box: 134, 41, 157
Box: 134, 102, 10
Box: 26, 17, 12
Box: 4, 102, 57
Box: 107, 102, 14
Box: 25, 34, 27
Box: 4, 12, 16
Box: 28, 102, 7
Box: 5, 102, 293
Box: 3, 28, 83
Box: 74, 6, 14
Box: 134, 23, 33
Box: 37, 23, 14
Box: 16, 8, 50
Box: 9, 8, 53
Box: 13, 15, 5
Box: 67, 19, 65
Box: 17, 102, 27
Box: 15, 14, 32
Box: 134, 84, 9
Box: 17, 63, 105
Box: 9, 9, 11
Box: 19, 14, 15
Box: 17, 16, 15
Box: 100, 28, 50
Box: 41, 58, 15
Box: 3, 7, 61
Box: 15, 6, 27
Box: 5, 39, 107
Box: 4, 12, 16
Box: 11, 102, 33
Box: 3, 4, 3
Box: 18, 28, 28
Box: 16, 15, 13
Box: 9, 102, 97
Box: 31, 102, 43
Box: 4, 102, 293
Box: 28, 8, 81
Box: 134, 19, 25
Box: 2, 3, 4
Box: 25, 102, 23
Box: 134, 102, 50
Box: 77, 6, 14
Box: 134, 40, 153
Box: 16, 22, 148
Box: 20, 56, 47
Box: 134, 19, 162
Box: 134, 2, 11
Box: 4, 102, 11
Box: 19, 30, 39
Box: 134, 31, 293
Box: 134, 102, 14
Box: 36, 14, 12
Box: 4, 102, 21
Box: 44, 8, 166
Box: 9, 91, 27
Box: 24, 15, 293
Box: 54, 102, 111
Box: 51, 102, 13
Box: 103, 5, 25
Box: 38, 5, 119
Box: 17, 10, 32
Box: 8, 7, 23
Box: 32, 20, 70
Box: 2, 11, 5
Box: 21, 14, 7
Box: 112, 102, 127
Box: 2, 102, 30
Box: 15, 6, 8
Box: 5, 4, 27
Box: 44, 47, 166
Box: 134, 19, 92
Box: 5, 102, 50
Box: 24, 25, 197
Box: 23, 102, 104
Box: 3, 7, 55
Box: 134, 53, 17
Box: 4, 102, 8
Box: 12, 9, 23
Box: 55, 102, 37
Box: 14, 14, 42
Box: 3, 102, 238
Box: 2, 11, 41
Box: 18, 75, 13
Box: 53, 102, 28
Box: 134, 24, 197
Box: 52, 4, 94
Box: 31, 74, 51
Box: 7, 102, 34
Box: 52, 102, 14
Box: 4, 102, 15
Box: 31, 2, 8
Box: 134, 27, 56
Box: 10, 102, 43
Box: 32, 11, 70
Box: 26, 15, 7
Box: 134, 15, 25
Box: 8, 60, 14
Box: 3, 8, 38
Box: 7, 6, 18
Box: 15, 102, 83
Box: 26, 102, 37
Box: 4, 3, 24
Box: 54, 23, 38
Box: 3, 102, 11
Box: 12, 3, 63
Box: 4, 94, 18
Box: 16, 64, 86
Box: 134, 2, 45
Box: 12, 12, 10
Box: 7, 35, 21
Box: 106, 102, 19
Box: 12, 4, 8
Box: 5, 23, 40
Box: 29, 13, 197
Box: 134, 5, 11
Box: 134, 11, 98
Box: 134, 30, 293
Box: 54, 8, 2
Box: 7, 6, 67
Box: 53, 26, 9
Box: 2, 4, 2
Box: 22, 45, 12
Box: 3, 33, 25
Box: 5, 102, 40
Box: 31, 19, 37
Box: 10, 41, 2
Box: 19, 12, 50
Box: 3, 13, 21
Box: 10, 67, 293
Box: 79, 102, 182
Box: 6, 9, 33
Box: 9, 102, 84
Box: 134, 3, 73
Box: 15, 102, 7
Box: 34, 33, 12
Box: 43, 102, 128
Box: 2, 58, 5
Box: 58, 15, 44
Box: 134, 41, 3
Box: 10, 21, 42
Box: 116, 21, 122
Box: 134, 30, 51
Box: 2, 5, 119
Box: 79, 102, 34
Box: 13, 38, 58
Box: 93, 30, 44
Box: 13, 6, 15
Box: 46, 102, 18
Box: 33, 14, 8
Box: 104, 24, 57
Box: 11, 9, 14
Box: 134, 57, 114
Box: 10, 48, 4
Box: 66, 102, 4
Box: 18, 17, 93
Box: 74, 23, 34
Box: 134, 102, 111
Box: 48, 57, 18
Box: 10, 102, 8
Box: 43, 29, 14
Box: 8, 102, 293
Box: 40, 2, 42
Box: 22, 45, 159
Box: 5, 4, 213
Box: 31, 102, 55
Box: 8, 6, 22
Box: 134, 102, 11
Box: 45, 24, 21
Box: 4, 14, 3
Box: 128, 25, 40
Box: 13, 15, 7
Box: 4, 10, 14
Box: 14, 23, 67
Box: 29, 4, 34
Box: 46, 102, 36
Box: 93, 29, 30
Box: 29, 42, 88
Box: 29, 102, 2
Box: 7, 102, 45
Box: 14, 15, 13
Box: 50, 6, 29
Box: 23, 102, 20
Box: 6, 6, 209
Box: 23, 102, 17
Box: 103, 5, 6
Box: 46, 3, 28
Box: 58, 102, 88
Box: 14, 2, 11
Box: 55, 87, 98
Box: 8, 18, 16
Box: 33, 9, 93
Box: 4, 87, 98
Box: 134, 102, 19
Box: 45, 4, 45
Box: 134, 23, 14
Box: 12, 7, 8
Box: 79, 5, 18
Box: 31, 14, 15
Box: 52, 83, 15
Box: 134, 2, 293
Box: 4, 22, 9
Box: 2, 47, 45
Box: 8, 47, 45
Box: 75, 22, 122
Box: 8, 42, 233
Box: 30, 57, 63
Box: 17, 4, 62
Box: 15, 6, 71
Box: 78, 27, 162
Box: 8, 7, 17
Box: 3, 102, 3
Box: 32, 5, 70
Box: 25, 102, 233
Box: 8, 102, 4
Box: 13, 102, 92
Box: 7, 19, 11
Box: 10, 70, 59
Box: 5, 5, 2
Box: 58, 39, 28
Box: 134, 26, 12
Box: 11, 2, 9
Box: 17, 25, 20
Box: 134, 102, 11
Box: 15, 8, 38
Box: 134, 11, 7
Box: 36, 25, 24
Box: 30, 102, 20
Box: 7, 22, 20
Box: 42, 102, 23
Box: 29, 102, 17
Box: 29, 102, 10
Box: 48, 46, 15
Box: 7, 38, 8
Box: 134, 11, 136
Box: 3, 102, 11
Box: 3, 7, 131
Box: 54, 10, 25
Box: 42, 2, 16
Box: 46, 102, 50
Box: 16, 20, 4
Box: 7, 5, 60
Box: 7, 7, 53
Box: 10, 83, 17
Box: 7, 13, 67
Box: 134, 2, 162
Box: 2, 11, 17
Box: 4, 5, 11
Box: 18, 24, 15
Box: 134, 12, 15
Box: 93, 22, 4
Box: 134, 23, 34
Box: 2, 102, 34
Box: 2, 57, 18
Box: 41, 4, 23
Box: 40, 13, 7
Box: 23, 13, 8
Box: 21, 102, 31
Box: 10, 18, 18
Box: 4, 102, 293
Box: 40, 102, 17
Box: 29, 102, 15
Box: 2, 78, 29
Box: 2, 4, 2
Box: 53, 102, 6
Box: 3, 26, 5
Box: 19, 3, 15
Box: 134, 41, 5
Box: 5, 4, 8
Box: 17, 6, 62
Box: 57, 28, 93
Box: 30, 102, 90
Box: 36, 102, 22
Box: 7, 4, 8
Box: 53, 26, 3
Box: 134, 19, 83
Box: 78, 2, 3
Box: 31, 14, 3
Box: 21, 24, 4
Box: 6, 4, 114
Box: 9, 102, 15
Box: 10, 102, 31
Box: 37, 15, 197
Box: 51, 20, 36
Box: 7, 102, 131
Box: 3, 43, 32
Box: 3, 57, 18
Box: 134, 57, 23
Box: 5, 14, 31
Box: 83, 102, 69
Box: 6, 14, 209
Box: 30, 102, 52
Box: 20, 48, 21
Box: 2, 16, 24
Box: 3, 102, 20
Box: 10, 102, 23
Box: 44, 71, 238
Box: 38, 102, 31
Box: 4, 4, 4
Box: 27, 2, 24
Box: 12, 15, 10
Box: 134, 23, 4
Box: 7, 15, 44
Box: 93, 2, 9
Box: 134, 102, 54
Box: 134, 10, 37
Box: 5, 8, 17
Box: 3, 4, 8
Box: 7, 42, 4
Box: 8, 14, 12
Box: 134, 2, 83
Box: 28, 12, 7
Box: 16, 46, 6
Box: 27, 15, 3
Box: 12, 3, 14
Box: 10, 25, 14
Box: 76, 23, 11
Box: 10, 48, 96
Box: 3, 15, 12
Box: 17, 19, 15
Box: 25, 102, 37
Box: 29, 16, 2
Box: 4, 4, 24
Box: 26, 3, 9
Box: 5, 22, 207
Box: 134, 24, 161
Box: 3, 33, 10
Box: 8, 6, 20
Box: 7, 53, 20
Box: 10, 10, 2
Box: 89, 14, 12
Box: 7, 102, 40
Box: 19, 5, 26
Box: 34, 15, 2
Box: 134, 24, 25
Box: 3, 4, 122
Box: 104, 102, 293
Box: 38, 7, 23
Box: 43, 4, 18
Box: 30, 10, 63
Box: 10, 4, 43
Box: 26, 102, 40
Box: 17, 3, 32
Box: 37, 4, 3
Box: 84, 14, 20
Box: 26, 24, 20
Box: 21, 83, 17
Box: 134, 102, 8
Box: 7, 4, 44
Box: 13, 102, 10
Box: 6, 14, 8
Box: 134, 14, 222
Box: 3, 102, 18
Box: 6, 48, 2
Box: 7, 26, 121
Box: 9, 15, 3
Box: 43, 13, 18
Box: 16, 26, 13
Box: 13, 15, 3
Box: 15, 102, 293
Box: 17, 29, 20
Box: 134, 19, 16
Box: 134, 30, 13
Box: 6, 3, 63
Box: 41, 73, 3
Box: 134, 102, 102
Box: 134, 102, 14
Box: 13, 94, 18
Box: 9, 29, 14
Box: 5, 34, 2
Box: 13, 102, 8
Box: 3, 13, 50
Box: 13, 23, 8
Box: 4, 5, 11
Box: 58, 6, 293
Box: 35, 16, 24
Box: 134, 11, 15
Box: 7, 102, 23
Box: 4, 15, 3
Box: 134, 102, 18
Box: 45, 15, 12
Box: 43, 29, 38
Box: 134, 102, 126
Box: 33, 15, 8
Box: 134, 17, 6
Box: 134, 46, 2
Box: 134, 102, 33
Box: 13, 4, 4
Box: 134, 87, 293
Box: 107, 26, 15
Box: 10, 12, 11
Box: 134, 75, 33
Box: 3, 34, 9
Box: 3, 102, 36
Box: 6, 102, 293
Box: 41, 73, 3
Box: 16, 22, 2
Box: 2, 25, 19
Box: 2, 31, 293
Box: 29, 12, 34
Box: 5, 38, 61
Box: 134, 22, 14
Box: 8, 45, 6
Box: 30, 102, 88
Box: 31, 102, 11
Box: 37, 30, 293
Box: 7, 9, 8
Box: 61, 102, 293
Box: 24, 102, 62
Box: 15, 102, 7
Box: 46, 38, 61
Box: 15, 102, 47
Box: 45, 26, 46
Box: 127, 6, 11
Box: 5, 40, 40
Box: 34, 102, 14
Box: 44, 17, 166
Box: 100, 38, 38
Box: 17, 4, 4
Box: 19, 29, 8
Box: 5, 22, 25
Box: 19, 102, 71
Box: 2, 29, 28
Box: 8, 3, 45
Box: 9, 11, 6
Box: 134, 42, 155
Box: 21, 19, 7
Box: 9, 15, 11
Box: 2, 5, 5
Box: 134, 15, 151
Box: 12, 2, 293
Box: 3, 5, 11
Box: 3, 7, 25
Box: 8, 45, 3
Box: 6, 102, 69
Box: 2, 22, 4
Box: 17, 32, 34
Box: 3, 32, 3
Box: 18, 6, 3
Box: 16, 34, 18
Box: 134, 17, 14
Box: 2, 11, 5
Box: 7, 5, 181
Box: 5, 10, 73
Box: 38, 102, 23
Box: 3, 33, 5
Box: 7, 5, 119
Box: 9, 8, 38
Box: 2, 5, 17
Box: 6, 102, 30
Box: 10, 16, 12
Box: 7, 23, 40
Box: 5, 16, 53
Box: 4, 5, 62
Box: 31, 102, 17
Box: 16, 46, 2
Box: 134, 102, 52
Box: 14, 23, 2
Box: 19, 5, 34
Box: 40, 26, 16
Box: 16, 38, 59
Box: 3, 102, 7
Box: 134, 30, 110
Box: 17, 102, 44
Box: 2, 22, 14
Box: 8, 15, 2
Box: 134, 102, 23
Box: 6, 22, 88
Box: 16, 65, 18
Box: 134, 37, 120
Box: 26, 10, 7
Box: 2, 11, 5
Box: 5, 102, 107
Box: 42, 72, 16
Box: 25, 22, 33
Box: 134, 88, 152
Box: 17, 35, 24
Box: 5, 51, 31
Box: 38, 6, 121
Box: 12, 15, 10
Box: 27, 7, 12
Box: 17, 4, 11
Box: 2, 102, 4
Box: 7, 15, 3
Box: 5, 3, 2
Box: 43, 6, 15
Box: 3, 37, 67
Box: 17, 4, 136
Box: 16, 34, 7
Box: 8, 7, 4
Box: 51, 23, 11
Box: 8, 7, 6
Box: 16, 102, 32
Box: 134, 30, 5
Box: 11, 26, 112
Box: 31, 27, 8
Box: 5, 19, 37
Box: 21, 2, 17
Box: 51, 4, 11
Box: 134, 102, 16
Box: 28, 51, 293
Box: 27, 28, 37
Box: 18, 6, 3
Box: 8, 3, 40
Box: 48, 102, 293
Box: 4, 4, 140
Box: 106, 102, 47
Box: 124, 20, 54
Box: 21, 24, 3
Box: 37, 5, 3
Box: 48, 31, 3
Box: 17, 102, 175
Box: 43, 9, 8
Box: 6, 37, 88
Box: 46, 60, 10
Box: 2, 30, 11
Box: 107, 102, 76
Box: 16, 102, 8
Box: 7, 3, 11
Box: 134, 102, 87
Box: 7, 102, 21
Box: 134, 102, 4
Box: 59, 29, 69
Box: 12, 48, 121
Box: 30, 15, 14
Box: 6, 102, 14
Box: 11, 4, 3
Box: 26, 2, 7
Box: 26, 102, 107
Box: 16, 5, 9
Box: 46, 102, 52
Box: 7, 16, 20
Box: 3, 12, 5
Box: 29, 102, 137
Box: 8, 51, 57
Box: 17, 29, 12
Box: 8, 15, 7
Box: 3, 102, 83
Box: 22, 22, 122
Box: 4, 3, 45
Box: 17, 4, 56
Box: 134, 102, 14
Box: 32, 102, 11
Box: 11, 17, 293
Box: 21, 17, 26
Box: 134, 3, 168
Box: 51, 102, 88
Box: 32, 102, 14
Box: 52, 6, 11
Box: 31, 2, 29
Box: 11, 31, 32
Box: 2, 18, 3
Box: 6, 102, 6
Box: 28, 7, 11
Box: 20, 35, 45
Box: 134, 102, 13
Box: 134, 49, 73
Box: 14, 14, 3
Box: 51, 4, 9
Box: 11, 6, 36
Box: 134, 102, 33
Box: 55, 23, 49
Box: 19, 3, 3
Box: 27, 15, 12
Box: 11, 8, 2
Box: 134, 102, 84
Box: 26, 25, 174
Box: 26, 2, 6
Box: 13, 5, 130
Box: 17, 5, 32
Box: 12, 23, 46
Box: 2, 17, 6
Box: 21, 18, 3
Box: 8, 2, 5
Box: 2, 25, 8
Box: 2, 24, 25
Box: 10, 16, 40
Box: 9, 2, 45
Box: 18, 7, 36
Box: 2, 72, 94
Box: 34, 15, 14
Box: 19, 3, 2
Box: 35, 54, 45
Box: 2, 22, 2
Box: 134, 102, 95
Box: 13, 18, 14
Box: 11, 22, 38
Box: 19, 102, 293
Box: 6, 2, 19
Box: 40, 4, 14
Box: 20, 15, 90
Box: 9, 4, 20
Box: 2, 4, 4
Box: 14, 102, 21
Box: 30, 102, 95
Box: 19, 11, 12
Box: 122, 6, 66
Box: 13, 15, 3
Box: 6, 2, 14
Box: 9, 34, 50
Box: 9, 11, 17
Box: 2, 12, 14
Box: 45, 102, 17
Box: 2, 16, 22
Box: 134, 10, 49
Box: 2, 102, 69
Box: 34, 14, 2
Box: 24, 73, 293
Box: 10, 3, 257
Box: 4, 16, 140
Box: 134, 102, 194
Box: 11, 4, 7
Box: 2, 15, 4
Box: 48, 16, 2
Box: 134, 16, 43
Box: 134, 57, 5
Box: 2, 4, 3
Box: 108, 5, 51
Box: 7, 31, 3
Box: 55, 31, 25
Box: 67, 7, 40
Box: 78, 64, 8
Box: 8, 26, 233
Box: 2, 102, 62
Box: 3, 4, 2
Box: 3, 102, 2
Box: 3, 24, 20
Box: 134, 20, 245
Box: 4, 38, 16
Box: 3, 3, 18
Box: 10, 102, 7
Box: 41, 30, 18
Box: 8, 3, 5
Box: 134, 2, 92
Box: 42, 22, 20
Box: 6, 13, 8
Box: 26, 8, 7
Box: 46, 102, 44
Box: 21, 27, 12
Box: 128, 62, 11
Box: 13, 102, 44
Box: 134, 3, 5
Box: 14, 5, 11
Box: 20, 11, 18
Box: 32, 2, 2
Box: 134, 102, 136
Box: 17, 7, 62
Box: 41, 16, 293
Box: 3, 69, 114
Box: 3, 41, 50
Box: 22, 4, 21
Box: 22, 7, 38
Box: 44, 4, 2
Box: 6, 11, 12
Box: 10, 21, 23
Box: 8, 6, 95
Box: 35, 40, 31
Box: 51, 4, 9
Box: 17, 102, 18
Box: 10, 3, 43
Box: 22, 22, 293
Box: 13, 15, 5
Box: 80, 102, 14
Box: 46, 6, 28
Box: 4, 3, 24
Box: 15, 8, 11
Box: 134, 5, 14
Box: 53, 102, 119
Box: 18, 17, 143
Box: 23, 12, 11
Box: 8, 10, 18
Box: 134, 72, 293
Box: 8, 24, 39
Box: 14, 9, 21
Box: 21, 52, 12
Box: 29, 60, 293
Box: 6, 102, 40
Box: 134, 31, 129
Box: 23, 102, 18
Box: 43, 6, 18
Box: 35, 4, 6
Box: 19, 12, 34
Box: 14, 2, 18
Box: 13, 12, 11
Box: 47, 102, 20
Box: 19, 61, 31
Box: 12, 102, 21
Box: 40, 50, 36
Box: 134, 21, 37
Box: 46, 5, 40
Box: 17, 48, 65
Box: 33, 102, 140
Box: 132, 24, 17
Box: 96, 31, 83
Box: 5, 11, 49
Box: 134, 51, 51
Box: 24, 9, 11
Box: 20, 7, 11
Box: 48, 30, 3
Box: 51, 102, 29
Box: 17, 28, 24
Box: 16, 5, 41
Box: 26, 13, 16
Box: 100, 102, 41
Box: 43, 29, 2
Box: 19, 102, 174
Box: 134, 11, 8
Box: 22, 9, 282
Box: 2, 102, 13
Box: 19, 10, 50
Box: 3, 46, 5
Box: 14, 102, 13
Box: 11, 10, 37
Box: 7, 2, 6
Box: 12, 13, 14
Box: 19, 4, 31
Box: 3, 14, 14
Box: 12, 102, 128
Box: 26, 102, 66
Box: 5, 4, 3
Box: 134, 18, 2
Box: 51, 4, 7
Box: 10, 21, 106
Box: 8, 6, 2
Box: 134, 26, 53
Box: 44, 102, 93
Box: 2, 27, 9
Box: 102, 102, 70
Box: 55, 102, 141
Box: 5, 102, 293
Box: 51, 38, 8
Box: 3, 59, 131
Box: 36, 19, 105
Box: 43, 29, 3
Box: 6, 10, 11
Box: 61, 34, 23
Box: 107, 7, 20
Box: 7, 102, 60
Box: 134, 57, 11
Box: 4, 8, 40
Box: 9, 15, 3
Box: 46, 102, 14
Box: 2, 102, 22
Box: 3, 102, 3
Box: 46, 51, 57
Box: 20, 81, 65
Box: 7, 14, 121
Box: 5, 23, 49
Box: 30, 66, 18
Box: 28, 102, 18
Box: 8, 30, 18
Box: 3, 33, 9
Box: 134, 14, 293
Box: 2, 15, 23
Box: 5, 4, 121
Box: 46, 62, 129
Box: 26, 31, 12
Box: 38, 102, 69
Box: 11, 22, 58
Box: 37, 102, 206
Box: 26, 6, 9
Box: 134, 102, 32
Box: 16, 6, 233
Box: 3, 31, 3
Box: 26, 25, 13
Box: 6, 15, 11
Box: 134, 26, 22
Box: 11, 33, 122
Box: 23, 102, 45
Box: 17, 23, 20
Box: 16, 20, 8
Box: 16, 46, 17
Box: 58, 102, 14
Box: 51, 48, 36
Box: 21, 102, 93
Box: 20, 22, 71
Box: 10, 40, 84
Box: 6, 13, 27
Box: 44, 12, 238
Box: 38, 6, 112
Box: 134, 62, 4
Box: 5, 29, 3
Box: 79, 15, 31
Box: 77, 19, 14
Box: 2, 4, 7
Box: 28, 11, 293
Box: 10, 13, 293
Box: 134, 3, 121
Box: 30, 102, 28
Box: 22, 45, 24
Box: 7, 24, 12
Box: 57, 8, 10
Box: 7, 21, 20
Box: 5, 34, 7
Box: 79, 37, 31
Box: 7, 34, 58
Box: 95, 102, 63
Box: 12, 6, 26
Box: 20, 32, 18
Box: 43, 29, 15
Box: 7, 102, 177
Box: 6, 9, 16
Box: 9, 11, 29
Box: 22, 5, 21
Box: 43, 29, 7
Box: 9, 15, 30
Box: 17, 3, 20
Box: 108, 5, 152
Box: 134, 6, 24
Box: 10, 12, 101
Box: 15, 6, 24
Box: 4, 26, 10
Box: 10, 4, 57
Box: 5, 102, 167
Box: 9, 102, 79
Box: 6, 2, 8
Box: 134, 102, 11
Box: 41, 28, 83
Box: 18, 75, 48
Box: 21, 24, 2
Box: 4, 5, 45
Box: 43, 2, 121
Box: 2, 30, 11
Box: 39, 15, 78
Box: 134, 102, 22
Box: 7, 7, 181
Box: 19, 102, 25
Box: 32, 17, 293
Box: 7, 19, 4
Box: 37, 20, 15
Box: 14, 102, 79
Box: 3, 2, 9
Box: 3, 2, 9
Box: 38, 21, 18
Box: 134, 30, 17
Box: 11, 5, 7
Box: 3, 7, 83
Box: 36, 2, 12
Box: 45, 29, 12
Box: 14, 9, 21
Box: 122, 9, 20
Box: 13, 3, 8
Box: 33, 22, 93
Box: 134, 102, 12
Box: 13, 41, 53
Box: 14, 35, 4
Box: 2, 65, 58
Box: 4, 7, 11
Box: 2, 25, 293
Box: 9, 11, 5
Box: 61, 26, 155
Box: 7, 60, 11
Box: 2, 11, 47
Box: 29, 25, 293
Box: 10, 16, 78
Box: 42, 17, 6
Box: 11, 4, 3
Box: 107, 102, 63
Box: 23, 15, 293
Box: 35, 102, 16
Box: 12, 9, 45
Box: 2, 8, 14
Box: 22, 7, 45
Box: 16, 17, 23
Box: 9, 30, 11
Box: 89, 3, 293
Box: 60, 5, 17
Box: 2, 28, 5
Box: 28, 41, 81
Box: 22, 4, 21
Box: 41, 102, 92
Box: 40, 50, 59
Box: 2, 12, 16
Box: 8, 6, 33
Box: 15, 102, 5
Box: 2, 7, 28
Box: 5, 4, 121
Box: 12, 26, 10
Box: 37, 7, 24
Box: 12, 102, 19
Box: 12, 23, 9
Box: 5, 57, 93
Box: 23, 19, 37
Box: 9, 102, 25
Box: 82, 13, 4
Box: 7, 4, 7
Box: 26, 58, 196
Box: 28, 22, 42
Box: 23, 102, 82
Box: 80, 87, 25
Box: 16, 22, 2
Box: 36, 25, 24
Box: 20, 11, 90
Box: 12, 5, 119
Box: 21, 4, 12
Box: 134, 2, 36
Box: 6, 21, 88
Box: 3, 15, 27
Box: 134, 2, 14
Box: 22, 12, 282
Box: 15, 38, 41
Box: 2, 5, 30
Box: 44, 9, 19
Box: 11, 49, 93
Box: 29, 102, 7
Box: 12, 4, 15
Box: 9, 5, 20
Box: 19, 34, 9
Box: 50, 30, 2
Box: 4, 4, 16
Box: 7, 4, 23
Box: 134, 102, 78
Box: 100, 8, 38
Box: 23, 75, 7
Box: 3, 31, 37
Box: 13, 102, 9
Box: 81, 5, 98
Box: 7, 16, 67
Box: 2, 38, 29
Box: 34, 24, 21
Box: 85, 102, 49
Box: 2, 15, 24
Box: 60, 34, 5
Box: 58, 16, 28
Box: 5, 22, 18
Box: 35, 5, 2
Box: 18, 6, 3
Box: 30, 24, 57
Box: 5, 14, 32
Box: 122, 8, 20
Box: 26, 5, 60
Box: 45, 7, 12
Box: 9, 24, 124
Box: 16, 25, 82
Box: 9, 7, 14
Box: 32, 29, 293
Box: 19, 5, 5
Box: 55, 4, 23
Box: 15, 102, 14
Box: 17, 19, 4
Box: 17, 21, 57
Box: 134, 102, 82
Box: 10, 40, 14
Box: 25, 102, 210
Box: 3, 102, 14
Box: 5, 10, 110
Box: 10, 102, 83
Box: 134, 102, 80
Box: 73, 5, 34
Box: 77, 11, 83
Box: 77, 5, 3
Box: 2, 5, 130
Box: 2, 5, 31
Box: 134, 102, 133
Box: 23, 87, 61
Box: 32, 14, 12
Box: 34, 15, 3
Box: 2, 3, 2
Box: 106, 102, 10
Box: 4, 23, 4
Box: 38, 9, 18
Box: 134, 5, 5
Box: 33, 20, 8
Box: 30, 3, 16
Box: 7, 3, 15
Box: 33, 3, 8
Box: 6, 30, 7
Box: 12, 23, 19
Box: 33, 23, 38
Box: 134, 26, 39
Box: 29, 42, 114
Box: 7, 35, 36
Box: 32, 2, 22
Box: 122, 5, 66
Box: 44, 9, 4
Box: 2, 24, 82
Box: 6, 29, 98
Box: 29, 23, 46
Box: 2, 2, 11
Box: 107, 61, 15
Box: 134, 45, 60
Box: 16, 102, 12
Box: 3, 102, 10
Box: 67, 102, 293
Box: 8, 7, 18
Box: 45, 3, 293
Box: 53, 26, 23
Box: 8, 29, 16
Box: 3, 3, 11
Box: 20, 2, 18
Box: 93, 29, 114
Box: 28, 53, 81
Box: 34, 2, 45
Box: 29, 102, 9
Box: 37, 20, 51
Box: 5, 5, 93
Box: 134, 102, 47
Box: 3, 4, 39
Box: 52, 6, 60
Box: 134, 17, 99
Box: 46, 7, 83
Box: 10, 11, 2
Box: 24, 4, 3
Box: 10, 91, 50
Box: 134, 102, 15
Box: 7, 32, 11
Box: 14, 102, 3
Box: 33, 7, 14
Box: 134, 102, 19
Box: 2, 10, 14
Box: 134, 26, 11
Box: 22, 47, 45
Box: 14, 102, 140
Box: 8, 2, 40
Box: 2, 23, 38
Box: 9, 29, 98
Box: 52, 6, 10
Box: 16, 22, 4
Box: 25, 26, 97
Box: 10, 16, 29
Box: 17, 32, 82
Box: 23, 102, 8
Box: 20, 2, 38
Box: 2, 4, 3
Box: 26, 4, 9
Box: 18, 95, 67
Box: 25, 102, 20
Box: 2, 83, 17
Box: 9, 38, 4
Box: 2, 4, 2
Box: 98, 2, 4
Box: 6, 18, 27
Box: 16, 40, 112
Box: 62, 102, 79
Box: 65, 102, 293
Box: 34, 7, 5
Box: 27, 5, 31
Box: 40, 15, 42
Box: 3, 6, 14
Box: 2, 4, 2
Box: 42, 5, 16
Box: 22, 45, 45
Box: 45, 9, 12
Box: 26, 16, 24
Box: 36, 25, 62
Box: 49, 102, 293
Box: 134, 4, 222
Box: 7, 31, 34
Box: 9, 2, 50
Box: 17, 4, 20
Box: 19, 102, 293
Box: 57, 28, 33
Box: 2, 12, 11
Box: 23, 102, 14
Box: 15, 102, 48
Box: 13, 11, 27
Box: 5, 11, 47
Box: 4, 7, 14
Box: 48, 17, 31
Box: 4, 26, 112
Box: 5, 11, 16
Box: 7, 21, 5
Box: 77, 36, 116
Box: 3, 102, 3
Box: 134, 102, 33
Box: 20, 102, 45
Box: 36, 52, 25
Box: 3, 15, 2
Box: 67, 12, 40
Box: 20, 102, 11
Box: 17, 19, 114
Box: 30, 102, 101
Box: 13, 23, 18
Box: 5, 3, 2
Box: 12, 2, 45
Box: 134, 38, 114
Box: 131, 14, 14
Box: 17, 59, 5
Box: 134, 88, 93
Box: 12, 18, 293
Box: 67, 44, 65
Box: 6, 6, 12
Box: 31, 102, 6
Box: 57, 61, 25
Box: 38, 5, 18
Box: 46, 102, 14
Box: 77, 65, 58
Box: 21, 6, 7
Box: 14, 9, 124
Box: 134, 102, 2
Box: 134, 16, 53
Box: 36, 102, 118
Box: 5, 10, 124
Box: 134, 46, 80
Box: 22, 19, 282
Box: 23, 38, 41
Box: 134, 7, 60
Box: 17, 48, 23
Box: 2, 11, 6
Box: 82, 32, 67
Box: 134, 18, 9
Box: 5, 9, 73
Box: 32, 9, 10
Box: 38, 102, 31
Box: 5, 16, 83
Box: 13, 102, 39
Box: 2, 4, 7
Box: 40, 102, 40
Box: 10, 73, 37
Box: 19, 102, 110
Box: 20, 17, 13
Box: 10, 76, 27
Box: 128, 8, 11
Box: 31, 14, 91
Box: 76, 102, 8
Box: 79, 4, 24
Box: 134, 102, 145
Box: 7, 12, 8
Box: 13, 5, 53
Box: 77, 5, 37
Box: 13, 12, 14
Box: 134, 68, 22
Box: 37, 8, 2
Box: 7, 12, 181
Box: 11, 9, 32
Box: 134, 38, 37
Box: 49, 84, 28
Box: 9, 9, 24
Box: 54, 8, 2
Box: 56, 102, 128
Box: 43, 20, 8
Box: 17, 4, 3
Box: 31, 6, 8
Box: 28, 10, 293
Box: 134, 2, 33
Box: 10, 9, 28
Box: 17, 4, 27
Box: 34, 102, 21
Box: 6, 7, 40
Box: 9, 2, 9
Box: 9, 25, 7
Box: 2, 34, 25
Box: 134, 102, 29
Box: 107, 102, 6
Box: 43, 29, 6
Box: 3, 46, 79
Box: 134, 2, 13
Box: 11, 4, 13
Box: 6, 2, 81
Box: 40, 37, 7
Box: 25, 102, 7
Box: 17, 19, 28
Box: 77, 5, 9
Box: 20, 58, 196
Box: 106, 18, 12
Box: 51, 102, 187
Box: 16, 26, 21
Box: 27, 102, 81
Box: 5, 3, 73
Box: 134, 23, 17
Box: 12, 12, 11
Box: 10, 48, 65
Box: 16, 26, 8
Box: 134, 30, 10
Box: 134, 9, 17
Box: 17, 7, 83
Box: 9, 48, 121
Box: 36, 14, 6
Box: 6, 8, 6
Box: 5, 22, 20
Box: 14, 102, 7
Box: 7, 6, 3
Box: 12, 5, 8
Box: 53, 102, 119
Box: 87, 29, 25
Box: 108, 5, 50
Box: 44, 30, 90
Box: 3, 36, 12
Box: 33, 16, 24
Box: 8, 7, 73
Box: 6, 6, 7
Box: 27, 57, 5
Box: 2, 102, 45
Box: 16, 46, 4
Box: 7, 102, 31
Box: 3, 33, 31
Box: 25, 10, 3
Box: 23, 7, 54
Box: 27, 30, 111
Box: 3, 15, 5
Box: 84, 14, 30
Box: 34, 102, 68
Box: 16, 7, 2
Box: 5, 22, 68
Box: 3, 4, 4
Box: 10, 13, 96
Box: 3, 102, 38
Box: 16, 102, 54
Box: 35, 5, 3
Box: 5, 2, 40
Box: 122, 46, 89
Box: 58, 15, 37
Box: 47, 68, 29
Box: 40, 46, 7
Box: 134, 13, 83
Box: 5, 11, 26
Box: 36, 102, 107
Box: 8, 40, 7
Box: 134, 25, 73
Box: 58, 17, 28
Box: 26, 8, 2
Box: 14, 102, 176
Box: 123, 102, 33
Box: 5, 14, 32
Box: 69, 3, 39
Box: 7, 31, 30
Box: 134, 7, 126
Box: 26, 7, 9
Box: 31, 102, 48
Box: 32, 54, 70
Box: 6, 102, 107
Box: 30, 12, 14
Box: 13, 102, 25
Box: 5, 35, 53
Box: 11, 12, 16
Box: 2, 4, 5
Box: 134, 58, 41
Box: 5, 3, 121
Box: 23, 27, 8
Box: 7, 102, 8
Box: 3, 33, 3
Box: 37, 13, 10
Box: 10, 10, 15
Box: 13, 16, 22
Box: 29, 102, 6
Box: 14, 14, 11
Box: 15, 102, 66
Box: 8, 8, 2
Box: 134, 102, 59
Box: 134, 3, 3
Box: 134, 88, 5
Box: 19, 9, 124
Box: 4, 4, 4
Box: 6, 4, 7
Box: 6, 76, 47
Box: 6, 2, 14
Box: 18, 22, 20
Box: 59, 29, 84
Box: 103, 102, 17
Box: 18, 32, 11
Box: 14, 44, 11
Box: 7, 102, 69
Box: 6, 57, 10
Box: 8, 43, 18
Box: 4, 29, 28
Box: 21, 102, 293
Box: 25, 26, 6
Box: 9, 9, 50
Box: 9, 35, 8
Box: 69, 3, 15
Box: 8, 16, 16
Box: 8, 64, 8
Box: 134, 102, 14
Box: 16, 46, 36
Box: 7, 102, 235
Box: 13, 15, 2
Box: 9, 6, 26
Box: 53, 45, 18
Box: 85, 102, 39
Box: 53, 5, 98
Box: 15, 6, 42
Box: 16, 29, 14
Box: 53, 102, 47
Box: 34, 102, 22
Box: 26, 5, 7
Box: 27, 94, 6
Box: 134, 102, 25
Box: 30, 29, 63
Box: 134, 2, 24
Box: 26, 23, 12
Box: 21, 102, 133
Box: 16, 20, 2
Box: 42, 72, 17
Box: 5, 91, 189
Box: 134, 25, 53
Box: 5, 14, 12
Box: 12, 23, 2
Box: 106, 102, 9
Box: 29, 102, 11
Box: 59, 29, 3
Box: 10, 44, 8
Box: 44, 63, 293
Box: 134, 15, 20
Box: 13, 102, 62
Box: 134, 10, 40
Box: 2, 8, 2
Box: 16, 22, 41
Box: 14, 102, 206
Box: 44, 12, 238
Box: 53, 102, 8
Box: 10, 3, 4
Box: 19, 22, 16
Box: 2, 7, 14
Box: 24, 29, 8
Box: 40, 102, 113
Box: 12, 58, 196
Box: 124, 19, 24
Box: 36, 22, 105
Box: 7, 102, 39
Box: 2, 16, 5
Box: 5, 102, 12
Box: 109, 11, 3
Box: 36, 74, 140
Box: 134, 102, 120
Box: 2, 38, 7
Box: 17, 16, 32
Box: 4, 4, 24
Box: 134, 2, 25
Box: 134, 34, 15
Box: 11, 7, 73
Box: 124, 19, 23
Box: 8, 12, 39
Box: 29, 102, 7
Box: 42, 5, 40
Box: 27, 102, 13
Box: 7, 83, 11
Box: 32, 102, 293
Box: 2, 5, 30
Box: 24, 102, 8
Box: 8, 29, 16
Box: 23, 19, 37
Box: 122, 22, 293
Box: 10, 8, 2
Box: 42, 12, 17
Box: 3, 37, 33
Box: 14, 4, 24
Box: 134, 18, 5
Box: 6, 36, 27
Box: 37, 20, 8
Box: 29, 42, 28
Box: 17, 21, 8
Box: 4, 102, 4
Box: 4, 23, 38
Box: 14, 52, 293
Box: 8, 40, 16
Box: 134, 19, 7
Box: 44, 30, 76
Box: 67, 102, 17
Box: 71, 6, 27
Box: 16, 25, 14
Box: 40, 16, 5
Box: 3, 4, 5
Box: 66, 102, 28
Box: 35, 34, 67
Box: 17, 102, 45
Box: 31, 81, 29
Box: 23, 6, 10
Box: 30, 8, 17
Box: 54, 41, 31
Box: 13, 2, 53
Box: 14, 102, 124
Box: 32, 24, 20
Box: 134, 11, 5
Box: 30, 102, 29
Box: 7, 21, 17
Box: 35, 49, 39
Box: 5, 3, 4
Box: 2, 18, 30
Box: 41, 28, 4
Box: 134, 9, 33
Box: 134, 40, 63
Box: 134, 88, 36
Box: 7, 27, 4
Box: 134, 44, 94
Box: 10, 12, 2
Box: 35, 4, 18
Box: 20, 2, 14
Box: 16, 7, 8
Box: 5, 3, 5
Box: 23, 102, 65
Box: 25, 102, 207
Box: 8, 6, 18
Box: 7, 102, 33
Box: 7, 3, 38
Box: 67, 8, 40
Box: 5, 34, 58
Box: 5, 75, 7
Box: 134, 2, 25
Box: 99, 102, 81
Box: 2, 18, 293
Box: 32, 4, 24
Box: 134, 5, 60
Box: 34, 11, 11
Box: 134, 18, 37
Box: 8, 102, 164
Box: 6, 48, 37
Box: 7, 30, 2
Box: 3, 22, 38
Box: 64, 28, 83
Box: 33, 83, 23
Box: 21, 6, 12
Box: 33, 7, 8
Box: 12, 23, 3
Box: 14, 16, 21
Box: 5, 102, 128
Box: 15, 6, 31
Box: 134, 102, 97
Box: 7, 21, 11
Box: 17, 15, 44
Box: 11, 15, 7
Box: 8, 38, 39
Box: 10, 102, 11
Box: 7, 10, 15
Box: 134, 40, 21
Box: 45, 10, 21
Box: 134, 102, 104
Box: 106, 102, 81
Box: 2, 38, 41
Box: 21, 15, 44
Box: 5, 102, 40
Box: 134, 32, 73
Box: 106, 6, 18
Box: 6, 8, 11
Box: 27, 54, 15
Box: 8, 102, 23
Box: 20, 33, 18
Box: 7, 25, 3
Box: 26, 43, 16
Box: 7, 102, 43
Box: 6, 34, 7
Box: 40, 42, 16
Box: 13, 3, 18
Box: 30, 88, 7
Box: 2, 4, 5
Box: 4, 102, 57
Box: 27, 51, 57
Box: 134, 30, 36
Box: 28, 102, 293
Box: 134, 2, 56
Box: 5, 102, 49
Box: 31, 87, 98
Box: 25, 31, 27
Box: 42, 10, 16
Box: 134, 2, 17
Box: 2, 102, 93
Box: 7, 8, 121
Box: 6, 9, 6
Box: 7, 102, 97
Box: 8, 36, 14
Box: 13, 7, 8
Box: 4, 25, 14
Box: 17, 102, 124
Box: 8, 34, 5
Box: 35, 14, 3
Box: 19, 102, 235
Box: 8, 7, 8
Box: 2, 4, 8
Box: 18, 16, 28
Box: 134, 2, 56
Box: 2, 4, 3
Box: 7, 102, 87
Box: 46, 102, 197
Box: 122, 35, 66
Box: 53, 102, 50
Box: 134, 102, 134
Box: 34, 102, 32
Box: 13, 41, 8
Box: 25, 4, 6
Box: 3, 102, 59
Box: 134, 58, 26
Box: 134, 102, 64
Box: 7, 34, 58
Box: 8, 40, 4
Box: 28, 102, 24
Box: 134, 15, 22
Box: 9, 5, 50
Box: 25, 26, 9
Box: 6, 2, 114
Box: 93, 2, 24
Box: 10, 31, 43
Box: 20, 2, 13
Box: 35, 102, 8
Box: 38, 14, 65
Box: 12, 102, 4
Box: 13, 26, 27
Box: 15, 67, 3
Box: 10, 21, 65
Box: 3, 7, 118
Box: 3, 37, 25
Box: 16, 4, 112
Box: 3, 8, 2
Box: 79, 102, 20
Box: 10, 40, 16
Box: 28, 10, 7
Box: 26, 69, 23
Box: 3, 7, 3
Box: 59, 29, 137
Box: 2, 15, 18
Box: 100, 50, 72
Box: 128, 11, 11
Box: 3, 8, 293
Box: 3, 48, 37
Box: 2, 102, 29
Box: 134, 49, 38
Box: 43, 15, 108
Box: 5, 27, 62
Box: 134, 9, 2
Box: 134, 30, 27
Box: 10, 15, 3
Box: 9, 15, 14
Box: 32, 2, 70
Box: 2, 2, 3
Box: 2, 44, 45
Box: 134, 13, 5
Box: 42, 3, 17
Box: 32, 33, 4
Box: 7, 102, 93
Box: 96, 7, 83
Box: 16, 7, 23
Box: 2, 8, 2
Box: 18, 75, 51
Box: 25, 38, 41
Box: 13, 10, 8
Box: 134, 2, 30
Box: 59, 102, 13
Box: 3, 25, 25
Box: 36, 25, 110
Box: 23, 62, 54
Box: 54, 16, 31
Box: 9, 102, 34
Box: 3, 4, 26
Box: 2, 5, 28
Box: 3, 3, 3
Box: 31, 68, 29
Box: 7, 102, 51
Box: 18, 24, 109
Box: 7, 26, 10
Box: 66, 102, 88
Box: 134, 2, 24
Box: 14, 23, 22
Box: 3, 102, 293
Box: 18, 102, 128
Box: 134, 32, 293
Box: 13, 30, 11
Box: 107, 102, 32
Box: 40, 16, 6
Box: 7, 4, 8
Box: 32, 7, 11
Box: 4, 3, 45
Box: 3, 102, 26
Box: 2, 24, 29
Box: 20, 102, 62
Box: 54, 6, 31
Box: 26, 3, 9
Box: 20, 35, 30
Box: 34, 9, 11
Box: 6, 71, 24
Box: 7, 58, 9
Box: 6, 7, 114
Box: 44, 4, 5
Box: 12, 22, 71
Box: 69, 3, 137
Box: 7, 102, 9
Box: 8, 34, 233
Box: 6, 12, 37
Box: 34, 15, 12
Box: 4, 102, 106
Box: 10, 2, 2
Box: 23, 102, 12
Box: 5, 13, 44
Box: 5, 29, 7
Box: 31, 102, 118
Box: 4, 2, 114
Box: 3, 102, 142
Box: 14, 9, 18
Box: 41, 73, 124
Box: 9, 102, 34
Box: 10, 102, 293
Box: 34, 102, 26
Box: 13, 102, 43
Box: 58, 9, 28
Box: 31, 102, 22
Box: 26, 102, 45
Box: 4, 78, 45
Box: 2, 11, 6
Box: 7, 24, 12
Box: 84, 14, 19
Box: 10, 19, 4
Box: 6, 20, 27
Box: 108, 12, 11
Box: 17, 102, 23
Box: 29, 10, 197
Box: 62, 15, 197
Box: 6, 71, 65
Box: 10, 102, 50
Box: 12, 24, 293
Box: 49, 14, 3
Box: 6, 102, 12
Box: 26, 102, 232
Box: 81, 102, 7
Box: 134, 10, 16
Box: 6, 9, 8
Box: 2, 68, 28
Box: 2, 86, 23
Box: 17, 4, 14
Box: 30, 24, 14
Box: 10, 11, 18
Box: 7, 42, 53
Box: 17, 19, 33
Box: 8, 48, 121
Box: 16, 46, 7
Box: 17, 102, 67
Box: 6, 6, 31
Box: 10, 22, 38
Box: 16, 20, 2
Box: 84, 14, 14
Box: 7, 4, 4
Box: 134, 6, 293
Box: 16, 16, 22
Box: 37, 12, 37
Box: 14, 23, 15
Box: 61, 7, 23
Box: 55, 3, 2
Box: 7, 102, 6
Box: 134, 102, 33
Box: 10, 10, 6
Box: 10, 9, 98
Box: 93, 30, 222
Box: 119, 102, 134
Box: 9, 102, 9
Box: 5, 67, 44
Box: 16, 73, 25
Box: 6, 72, 209
Box: 33, 17, 28
Box: 4, 19, 4
Box: 41, 15, 7
Box: 7, 5, 28
Box: 5, 44, 45
Box: 134, 102, 38
Box: 3, 4, 4
Box: 99, 2, 17
Box: 8, 45, 4
Box: 4, 57, 4
Box: 9, 29, 3
Box: 26, 13, 24
Box: 38, 4, 23
Box: 134, 65, 165
Box: 2, 94, 18
Box: 10, 14, 54
Box: 10, 10, 15
Box: 2, 16, 23
Box: 10, 10, 82
Box: 72, 6, 15
Box: 53, 26, 16
Box: 18, 75, 130
Box: 7, 21, 8
Box: 14, 13, 2
Box: 19, 37, 31
Box: 20, 2, 19
Box: 30, 102, 69
Box: 17, 15, 5
Box: 17, 20, 133
Box: 52, 38, 4
Box: 44, 9, 56
Box: 134, 15, 56
Box: 10, 11, 50
Box: 9, 102, 36
Box: 51, 102, 14
Box: 6, 102, 25
Box: 10, 50, 4
Box: 8, 31, 29
Box: 10, 16, 85
Box: 17, 20, 145
Box: 5, 15, 3
Box: 34, 87, 54
Box: 8, 32, 11
Box: 16, 75, 293
Box: 134, 46, 20
Box: 78, 2, 5
Box: 40, 12, 32
Box: 2, 11, 115
Box: 92, 19, 27
Box: 33, 5, 8
Box: 134, 19, 60
Box: 44, 102, 11
Box: 134, 9, 80
Box: 134, 7, 17
Box: 11, 24, 133
Box: 18, 6, 3
Box: 2, 25, 88
Box: 30, 102, 3
Box: 21, 102, 8
Box: 13, 25, 14
Box: 14, 102, 110
Box: 27, 29, 3
Box: 53, 25, 14
Box: 134, 15, 37
Box: 13, 102, 206
Box: 2, 18, 28
Box: 14, 30, 4
Box: 5, 17, 107
Box: 3, 3, 3
Box: 31, 49, 85
Box: 134, 24, 32
Box: 8, 23, 40
Box: 134, 9, 21
Box: 134, 102, 66
Box: 17, 27, 293
Box: 10, 2, 43
Box: 96, 2, 83
Box: 26, 25, 197
Box: 2, 5, 3
Box: 30, 102, 15
Box: 100, 6, 72
Box: 77, 9, 116
Box: 11, 102, 45
Box: 134, 51, 16
Box: 18, 6, 5
Box: 17, 4, 23
Box: 134, 51, 14
Box: 9, 102, 118
Box: 35, 40, 12
Box: 2, 9, 82
Box: 134, 102, 138
Box: 134, 102, 16
Box: 61, 34, 19
Box: 10, 89, 293
Box: 23, 5, 54
Box: 134, 4, 2
Box: 6, 102, 11
Box: 31, 102, 4
Box: 19, 102, 7
Box: 7, 11, 67
Box: 33, 2, 93
Box: 68, 45, 24
Box: 44, 102, 43
Box: 134, 14, 57
Box: 2, 13, 2
Box: 24, 5, 18
Box: 26, 33, 49
Box: 3, 26, 17
Box: 29, 2, 3
Box: 16, 73, 38
Box: 26, 7, 7
Box: 2, 3, 42
Box: 108, 14, 87
Box: 5, 102, 131
Box: 23, 102, 293
Box: 2, 19, 44
Box: 2, 102, 31
Box: 16, 20, 2
Box: 21, 8, 3
Box: 76, 15, 54
Box: 84, 14, 30
Box: 29, 42, 18
Box: 7, 102, 54
Box: 134, 102, 85
Box: 4, 8, 114
Box: 11, 22, 289
Box: 26, 2, 24
Box: 134, 14, 38
Box: 8, 40, 2
Box: 23, 7, 14
Box: 5, 11, 31
Box: 5, 20, 213
Box: 16, 14, 13
Box: 5, 22, 73
Box: 3, 3, 45
Box: 18, 58, 11
Box: 16, 102, 22
Box: 70, 102, 61
Box: 2, 5, 3
Box: 115, 102, 21
Box: 9, 102, 37
Box: 134, 28, 49
Box: 2, 7, 14
Box: 134, 27, 101
Box: 6, 11, 88
Box: 31, 22, 51
Box: 31, 102, 5
Box: 20, 21, 65
Box: 72, 10, 45
Box: 8, 5, 29
Box: 5, 102, 9
Box: 79, 102, 293
Box: 7, 102, 293
Box: 16, 93, 56
Box: 7, 5, 11
Box: 8, 4, 27
Box: 18, 102, 40
Box: 95, 5, 38
Box: 32, 31, 25
Box: 134, 102, 10
Box: 130, 102, 21
Box: 38, 102, 65
Box: 10, 7, 4
Box: 2, 10, 15
Box: 23, 5, 54
Box: 7, 102, 116
Box: 4, 6, 114
Box: 124, 20, 54
Box: 16, 14, 14
Box: 2, 7, 83
Box: 16, 102, 7
Box: 12, 65, 10
Box: 33, 26, 93
Box: 29, 34, 58
Box: 5, 102, 8
Box: 12, 21, 45
Box: 15, 64, 8
Box: 39, 102, 8
Box: 28, 30, 5
Box: 17, 4, 4
Box: 12, 30, 2
Box: 3, 102, 82
Box: 134, 6, 15
Box: 14, 4, 3
Box: 11, 24, 20
Box: 96, 102, 5
Box: 134, 89, 5
Box: 106, 35, 18
Box: 30, 102, 118
Box: 3, 3, 17
Box: 6, 8, 40
Box: 16, 7, 3
Box: 11, 6, 36
Box: 13, 28, 4
Box: 92, 12, 27
####################
#Expected Output: 88
#Number of Bins: 88.
