Bin: 188, 210, 77
Box: 32, 66, 77
Box: 7, 4, 16
Box: 11, 6, 43
Box: 12, 14, 37
Box: 52, 59, 77
Box: 78, 20, 19
Box: 188, 21, 5
Box: 6, 61, 15
Box: 14, 9, 5
Box: 51, 52, 77
Box: 10, 47, 77
Box: 8, 57, 77
Box: 22, 14, 10
Box: 17, 61, 77
Box: 26, 46, 77
Box: 13, 4, 77
Box: 48, 4, 77
Box: 52, 51, 2
Box: 4, 17, 12
Box: 3, 23, 62
Box: 82, 43, 10
Box: 11, 6, 2
Box: 35, 30, 36
Box: 6, 61, 8
Box: 70, 43, 47
Box: 11, 6, 6
Box: 52, 11, 77
Box: 63, 61, 77
Box: 20, 29, 77
Box: 137, 3, 2
Box: 52, 2, 11
Box: 34, 28, 77
Box: 20, 210, 23
Box: 2, 210, 19
Box: 28, 28, 61
Box: 13, 2, 7
Box: 93, 73, 8
Box: 77, 3, 33
Box: 53, 29, 77
Box: 5, 13, 2
Box: 4, 19, 30
Box: 43, 18, 23
Box: 85, 210, 45
Box: 26, 52, 77
Box: 10, 2, 12
Box: 3, 5, 7
Box: 188, 9, 19
Box: 188, 3, 4
Box: 2, 5, 6
Box: 14, 53, 2
Box: 40, 210, 77
Box: 40, 25, 77
Box: 52, 107, 77
Box: 8, 28, 61
Box: 107, 121, 21
Box: 5, 121, 21
Box: 10, 2, 58
Box: 137, 53, 77
Box: 40, 63, 77
Box: 49, 14, 4
Box: 48, 44, 77
Box: 11, 5, 34
Box: 60, 18, 77
Box: 11, 18, 3
Box: 54, 20, 77
Box: 5, 10, 9
Box: 55, 14, 4
Box: 14, 17, 13
Box: 22, 34, 77
Box: 33, 43, 4
Box: 33, 43, 7
Box: 2, 18, 13
Box: 23, 19, 77
Box: 34, 13, 16
Box: 41, 33, 77
Box: 8, 2, 77
Box: 188, 2, 77
Box: 26, 40, 77
Box: 77, 31, 6
Box: 17, 14, 37
Box: 55, 37, 77
Box: 9, 131, 42
Box: 49, 14, 8
Box: 5, 9, 2
Box: 7, 55, 77
Box: 18, 4, 9
Box: 13, 25, 21
Box: 2, 10, 77
Box: 7, 44, 65
Box: 4, 16, 77
Box: 54, 5, 77
Box: 188, 9, 77
Box: 9, 131, 19
Box: 18, 2, 6
Box: 34, 10, 32
Box: 28, 69, 77
Box: 54, 33, 77
Box: 10, 12, 4
Box: 42, 148, 13
Box: 4, 19, 7
Box: 77, 3, 31
Box: 16, 18, 11
Box: 104, 2, 77
Box: 76, 14, 21
Box: 59, 18, 7
Box: 50, 18, 23
Box: 77, 2, 51
Box: 34, 13, 8
Box: 6, 25, 8
Box: 20, 11, 77
Box: 23, 11, 3
Box: 82, 43, 10
Box: 3, 67, 5
Box: 19, 25, 30
Box: 19, 28, 61
Box: 17, 26, 58
Box: 3, 14, 37
Box: 40, 87, 77
Box: 96, 6, 77
Box: 9, 13, 77
Box: 23, 63, 77
Box: 12, 24, 8
Box: 18, 122, 9
Box: 7, 4, 5
Box: 35, 20, 36
Box: 35, 58, 18
Box: 188, 6, 63
Box: 14, 53, 8
Box: 3, 12, 16
Box: 19, 10, 77
Box: 23, 11, 14
Box: 27, 57, 77
Box: 16, 26, 2
Box: 42, 210, 59
Box: 104, 56, 77
Box: 6, 3, 38
Box: 24, 210, 13
Box: 20, 30, 77
Box: 38, 5, 23
Box: 38, 5, 20
Box: 8, 175, 32
Box: 7, 25, 4
Box: 11, 12, 77
Box: 61, 26, 58
Box: 19, 210, 28
Box: 35, 101, 77
Box: 2, 210, 2
Box: 7, 6, 24
Box: 5, 25, 30
Box: 28, 5, 6
Box: 12, 16, 7
Box: 23, 15, 77
Box: 46, 203, 56
Box: 26, 58, 22
Box: 16, 47, 77
Box: 51, 2, 3
Box: 78, 3, 19
Box: 104, 14, 77
Box: 37, 17, 12
Box: 2, 52, 77
Box: 52, 2, 3
Box: 6, 7, 8
Box: 70, 75, 28
Box: 89, 34, 77
Box: 52, 26, 77
Box: 22, 4, 23
Box: 20, 210, 2
Box: 14, 5, 4
Box: 26, 2, 3
Box: 35, 5, 36
Box: 40, 58, 77
Box: 46, 54, 77
Box: 76, 65, 21
Box: 10, 30, 34
Box: 8, 65, 77
Box: 66, 9, 77
Box: 11, 2, 7
Box: 3, 67, 12
Box: 3, 33, 77
Box: 18, 40, 9
Box: 49, 14, 38
Box: 9, 159, 20
Box: 38, 18, 66
Box: 25, 57, 77
Box: 30, 18, 5
Box: 73, 55, 15
Box: 7, 44, 12
Box: 188, 21, 4
Box: 54, 37, 77
Box: 23, 30, 77
Box: 8, 2, 9
Box: 20, 9, 56
Box: 72, 53, 26
Box: 4, 40, 74
Box: 20, 57, 77
Box: 11, 6, 77
Box: 22, 8, 23
Box: 42, 62, 13
Box: 51, 42, 6
Box: 8, 28, 77
Box: 7, 3, 77
Box: 85, 9, 15
Box: 52, 3, 4
Box: 10, 30, 15
Box: 3, 25, 30
Box: 19, 210, 34
Box: 89, 27, 9
Box: 7, 25, 30
Box: 78, 13, 19
Box: 92, 3, 20
Box: 23, 6, 30
Box: 35, 28, 7
Box: 3, 9, 9
Box: 96, 2, 67
Box: 6, 210, 24
Box: 11, 210, 77
Box: 10, 5, 77
Box: 11, 5, 32
Box: 3, 21, 20
Box: 82, 43, 12
Box: 52, 29, 77
Box: 8, 2, 7
Box: 54, 2, 77
Box: 33, 2, 58
Box: 78, 53, 23
Box: 17, 119, 7
Box: 103, 175, 41
Box: 188, 42, 21
Box: 23, 26, 28
Box: 29, 21, 24
Box: 4, 25, 5
Box: 28, 119, 58
Box: 78, 51, 20
Box: 14, 128, 16
Box: 11, 13, 13
Box: 31, 6, 77
Box: 96, 4, 77
Box: 17, 119, 20
Box: 7, 2, 12
Box: 3, 2, 58
Box: 35, 4, 7
Box: 24, 44, 77
Box: 5, 33, 77
Box: 80, 26, 77
Box: 10, 2, 77
Box: 17, 119, 23
Box: 4, 25, 16
Box: 2, 28, 77
Box: 23, 2, 30
Box: 17, 25, 30
Box: 7, 23, 15
Box: 96, 17, 18
Box: 25, 9, 21
Box: 11, 14, 77
Box: 33, 2, 58
Box: 27, 57, 77
Box: 11, 20, 15
Box: 7, 9, 13
Box: 3, 5, 5
Box: 29, 21, 5
Box: 83, 175, 32
Box: 67, 18, 7
Box: 104, 20, 77
Box: 9, 14, 37
Box: 188, 39, 77
Box: 15, 48, 15
Box: 7, 13, 5
Box: 52, 20, 12
Box: 14, 5, 3
Box: 23, 40, 77
Box: 10, 72, 3
Box: 22, 23, 15
Box: 8, 10, 9
Box: 81, 91, 77
Box: 28, 28, 77
Box: 7, 9, 10
Box: 34, 2, 77
Box: 6, 50, 77
Box: 24, 42, 11
Box: 7, 51, 77
Box: 96, 42, 12
Box: 14, 18, 7
Box: 15, 210, 3
Box: 85, 210, 11
Box: 11, 5, 7
Box: 6, 19, 8
Box: 97, 191, 6
Box: 6, 2, 7
Box: 39, 42, 11
Box: 35, 21, 5
Box: 7, 15, 20
Box: 26, 58, 39
Box: 44, 35, 77
Box: 82, 43, 22
Box: 10, 30, 15
Box: 16, 210, 9
Box: 96, 20, 13
Box: 2, 14, 77
Box: 19, 54, 5
Box: 104, 3, 24
Box: 15, 57, 77
Box: 16, 33, 77
Box: 9, 40, 77
Box: 9, 51, 77
Box: 8, 9, 10
Box: 178, 2, 77
Box: 34, 10, 40
Box: 34, 13, 18
Box: 55, 30, 12
Box: 23, 85, 38
Box: 59, 50, 13
Box: 6, 15, 8
Box: 35, 210, 41
Box: 18, 210, 9
Box: 20, 210, 10
Box: 188, 49, 77
Box: 2, 57, 77
Box: 15, 23, 3
Box: 12, 25, 77
Box: 30, 18, 35
Box: 54, 33, 77
Box: 23, 5, 14
Box: 15, 2, 77
Box: 11, 9, 77
Box: 10, 21, 5
Box: 26, 12, 77
Box: 34, 10, 5
Box: 33, 64, 77
Box: 15, 9, 2
Box: 3, 210, 77
Box: 78, 11, 19
Box: 96, 20, 4
Box: 52, 51, 6
Box: 19, 9, 15
Box: 33, 43, 27
Box: 39, 65, 77
Box: 188, 3, 2
Box: 16, 13, 3
Box: 11, 6, 8
Box: 12, 35, 9
Box: 4, 25, 30
Box: 69, 79, 15
Box: 137, 6, 77
Box: 70, 28, 28
Box: 9, 51, 12
Box: 11, 20, 8
Box: 55, 12, 77
Box: 14, 5, 17
Box: 9, 21, 77
Box: 22, 25, 25
Box: 188, 121, 32
Box: 52, 51, 33
Box: 18, 18, 7
Box: 11, 13, 9
Box: 24, 210, 34
Box: 3, 18, 5
Box: 18, 34, 77
Box: 87, 18, 3
Box: 30, 18, 16
Box: 25, 9, 7
Box: 85, 57, 15
Box: 16, 13, 10
Box: 11, 5, 77
Box: 22, 44, 77
Box: 188, 150, 77
Box: 8, 18, 44
Box: 20, 3, 20
Box: 72, 53, 6
Box: 77, 102, 7
Box: 29, 139, 13
Box: 4, 25, 52
Box: 11, 5, 11
Box: 21, 159, 20
Box: 7, 4, 26
Box: 96, 28, 29
Box: 34, 4, 77
Box: 15, 66, 77
Box: 19, 42, 77
Box: 8, 46, 77
Box: 8, 6, 9
Box: 16, 43, 4
Box: 113, 52, 77
Box: 27, 3, 38
Box: 3, 52, 77
Box: 48, 5, 21
Box: 96, 13, 24
Box: 70, 19, 28
Box: 19, 9, 15
Box: 12, 14, 9
Box: 38, 210, 77
Box: 5, 44, 77
Box: 4, 5, 6
Box: 42, 210, 10
Box: 25, 11, 77
Box: 27, 64, 77
Box: 3, 43, 77
Box: 89, 54, 77
Box: 52, 5, 77
Box: 24, 26, 21
Box: 28, 11, 21
Box: 14, 210, 77
Box: 38, 23, 77
Box: 22, 119, 77
Box: 55, 64, 77
Box: 70, 210, 13
Box: 12, 61, 77
Box: 30, 6, 9
Box: 66, 39, 77
Box: 4, 73, 8
Box: 96, 28, 10
Box: 4, 40, 50
Box: 18, 21, 5
Box: 7, 23, 6
Box: 61, 121, 5
Box: 12, 9, 8
Box: 23, 2, 30
Box: 41, 85, 20
Box: 58, 26, 23
Box: 19, 210, 8
Box: 23, 14, 14
Box: 5, 43, 4
Box: 140, 203, 56
Box: 47, 12, 77
Box: 12, 85, 77
Box: 12, 210, 9
Box: 14, 53, 21
Box: 4, 69, 77
Box: 33, 5, 28
Box: 63, 23, 3
Box: 5, 35, 9
Box: 11, 20, 27
Box: 18, 10, 15
Box: 188, 23, 13
Box: 16, 28, 77
Box: 96, 17, 18
Box: 25, 28, 77
Box: 74, 23, 3
Box: 4, 10, 77
Box: 51, 18, 6
Box: 10, 25, 3
Box: 66, 31, 77
Box: 20, 51, 20
Box: 15, 48, 3
Box: 172, 24, 77
Box: 6, 210, 5
Box: 14, 19, 77
Box: 6, 18, 3
Box: 41, 85, 19
Box: 12, 13, 2
Box: 78, 29, 19
Box: 85, 16, 15
Box: 11, 6, 14
Box: 7, 44, 77
Box: 16, 13, 9
Box: 3, 55, 15
Box: 116, 4, 77
Box: 112, 32, 9
Box: 3, 12, 21
Box: 70, 210, 13
Box: 20, 11, 77
Box: 96, 37, 77
Box: 2, 69, 63
Box: 77, 18, 77
Box: 97, 60, 8
Box: 18, 131, 77
Box: 5, 38, 22
Box: 75, 74, 15
Box: 5, 40, 77
Box: 16, 3, 77
Box: 14, 27, 5
Box: 13, 23, 6
Box: 104, 40, 27
Box: 6, 210, 18
Box: 10, 12, 66
Box: 89, 76, 77
Box: 13, 40, 30
Box: 132, 81, 77
Box: 6, 25, 30
Box: 11, 2, 77
Box: 38, 5, 15
Box: 20, 16, 20
Box: 11, 26, 77
Box: 51, 42, 3
Box: 33, 9, 9
Box: 55, 26, 9
Box: 96, 5, 77
Box: 101, 40, 77
Box: 9, 85, 77
Box: 188, 5, 77
Box: 96, 16, 77
Box: 3, 67, 9
Box: 14, 13, 21
Box: 18, 11, 77
Box: 120, 119, 58
Box: 12, 79, 8
Box: 54, 20, 77
Box: 7, 15, 54
Box: 23, 10, 30
Box: 34, 37, 77
Box: 9, 131, 12
Box: 52, 3, 8
Box: 188, 21, 6
Box: 4, 44, 77
Box: 188, 7, 56
Box: 96, 42, 54
Box: 34, 13, 27
Box: 29, 79, 77
Box: 33, 43, 29
Box: 22, 18, 77
Box: 19, 210, 2
Box: 3, 102, 64
Box: 2, 2, 77
Box: 15, 79, 8
Box: 7, 40, 50
Box: 58, 26, 11
Box: 11, 73, 77
Box: 3, 8, 77
Box: 41, 25, 17
Box: 7, 23, 15
Box: 30, 12, 9
Box: 54, 80, 21
Box: 55, 2, 61
Box: 52, 3, 4
Box: 19, 82, 5
Box: 6, 2, 77
Box: 85, 14, 15
Box: 6, 66, 32
Box: 11, 102, 64
Box: 65, 25, 25
Box: 36, 6, 77
Box: 188, 23, 36
Box: 5, 65, 77
Box: 20, 21, 5
Box: 4, 25, 20
Box: 69, 79, 6
Box: 35, 18, 7
Box: 70, 19, 28
Box: 16, 20, 77
Box: 6, 32, 77
Box: 5, 9, 2
Box: 13, 210, 77
Box: 23, 29, 14
Box: 69, 79, 34
Box: 22, 2, 2
Box: 188, 4, 77
Box: 12, 33, 77
Box: 34, 50, 77
Box: 15, 48, 36
Box: 8, 13, 77
Box: 12, 6, 8
Box: 84, 101, 77
Box: 14, 5, 42
Box: 11, 6, 11
Box: 4, 19, 8
Box: 34, 9, 9
Box: 59, 50, 9
Box: 188, 106, 77
Box: 30, 44, 77
Box: 41, 25, 9
Box: 35, 58, 27
Box: 7, 4, 13
Box: 188, 11, 77
Box: 32, 210, 77
Box: 13, 40, 20
Box: 55, 30, 59
Box: 7, 2, 13
Box: 20, 150, 13
Box: 59, 50, 25
Box: 51, 42, 7
Box: 2, 13, 2
Box: 4, 19, 5
Box: 3, 2, 8
Box: 33, 42, 11
Box: 3, 120, 77
Box: 3, 13, 2
Box: 4, 32, 9
Box: 28, 6, 21
Box: 69, 25, 77
Box: 77, 41, 15
Box: 8, 18, 5
Box: 6, 36, 77
Box: 8, 7, 77
Box: 11, 11, 77
Box: 26, 3, 38
Box: 23, 85, 25
Box: 21, 32, 77
Box: 14, 18, 3
Box: 16, 26, 21
Box: 23, 122, 77
Box: 8, 12, 9
Box: 51, 42, 16
Box: 111, 51, 77
Box: 11, 38, 77
Box: 3, 3, 3
Box: 71, 61, 19
Box: 2, 18, 11
Box: 23, 22, 77
Box: 11, 2, 77
Box: 64, 32, 9
Box: 87, 26, 58
Box: 188, 3, 77
Box: 9, 51, 8
Box: 188, 21, 33
Box: 188, 50, 77
Box: 11, 5, 12
Box: 148, 18, 13
Box: 2, 210, 33
Box: 2, 54, 77
Box: 188, 5, 77
Box: 8, 18, 2
Box: 11, 21, 5
Box: 97, 19, 6
Box: 85, 107, 6
Box: 24, 210, 43
Box: 33, 77, 8
Box: 42, 210, 8
Box: 106, 34, 77
Box: 33, 18, 3
Box: 16, 14, 9
Box: 15, 48, 12
Box: 52, 2, 14
Box: 55, 29, 77
Box: 11, 5, 23
Box: 22, 210, 9
Box: 96, 20, 4
Box: 15, 17, 12
Box: 7, 25, 77
Box: 19, 89, 77
Box: 11, 2, 7
Box: 9, 210, 77
Box: 18, 141, 59
Box: 10, 25, 17
Box: 21, 40, 77
Box: 41, 25, 26
Box: 119, 121, 5
Box: 7, 85, 77
Box: 2, 210, 10
Box: 23, 2, 30
Box: 21, 79, 8
Box: 104, 4, 77
Box: 44, 20, 12
Box: 52, 25, 77
Box: 10, 55, 77
Box: 2, 27, 77
Box: 70, 43, 30
Box: 52, 5, 77
Box: 13, 79, 77
Box: 52, 14, 77
Box: 20, 18, 7
Box: 73, 5, 77
Box: 188, 51, 35
Box: 17, 52, 77
Box: 188, 125, 19
Box: 75, 210, 77
Box: 28, 2, 12
Box: 41, 85, 3
Box: 188, 74, 9
Box: 104, 5, 77
Box: 6, 5, 8
Box: 22, 2, 8
Box: 5, 26, 21
Box: 188, 23, 12
Box: 97, 84, 15
Box: 77, 9, 19
Box: 2, 23, 6
Box: 16, 29, 6
Box: 3, 20, 21
Box: 35, 102, 36
Box: 20, 210, 24
Box: 4, 19, 2
Box: 4, 19, 9
Box: 137, 3, 17
Box: 14, 6, 6
Box: 14, 6, 7
Box: 6, 61, 6
Box: 69, 79, 7
Box: 2, 26, 77
Box: 5, 38, 30
Box: 22, 4, 23
Box: 29, 2, 7
Box: 2, 210, 11
Box: 8, 12, 31
Box: 23, 15, 14
Box: 34, 2, 77
Box: 17, 119, 8
Box: 52, 16, 77
Box: 104, 16, 77
Box: 97, 210, 39
Box: 15, 210, 9
Box: 76, 4, 21
Box: 27, 131, 77
Box: 34, 25, 77
Box: 20, 7, 77
Box: 10, 2, 8
Box: 3, 38, 20
Box: 15, 23, 27
Box: 89, 70, 9
Box: 97, 210, 6
Box: 3, 21, 9
Box: 25, 2, 77
Box: 52, 3, 10
Box: 90, 210, 77
Box: 153, 65, 58
Box: 22, 2, 6
Box: 8, 5, 77
Box: 63, 53, 77
Box: 25, 43, 6
Box: 4, 33, 9
Box: 9, 30, 77
Box: 7, 3, 13
Box: 188, 18, 13
Box: 6, 50, 77
Box: 33, 18, 3
Box: 14, 18, 23
Box: 35, 58, 10
Box: 16, 4, 77
Box: 51, 18, 31
Box: 6, 66, 4
Box: 7, 4, 3
Box: 14, 6, 13
Box: 15, 210, 77
Box: 58, 26, 23
Box: 6, 23, 6
Box: 18, 23, 6
Box: 54, 80, 46
Box: 8, 57, 77
Box: 31, 64, 77
Box: 70, 69, 28
Box: 5, 48, 77
Box: 47, 65, 73
Box: 2, 69, 11
Box: 188, 26, 15
Box: 17, 18, 5
Box: 60, 25, 21
Box: 14, 53, 5
Box: 21, 33, 77
Box: 51, 54, 77
Box: 8, 3, 9
Box: 4, 19, 7
Box: 11, 2, 20
Box: 33, 14, 10
Box: 35, 58, 13
Box: 4, 25, 16
Box: 12, 14, 9
Box: 16, 44, 77
Box: 7, 40, 77
Box: 89, 27, 77
Box: 3, 55, 15
Box: 49, 14, 23
Box: 27, 14, 9
Box: 8, 23, 77
Box: 11, 6, 4
Box: 8, 12, 10
Box: 3, 3, 77
Box: 6, 2, 58
Box: 78, 210, 15
Box: 10, 55, 15
Box: 188, 18, 18
Box: 8, 121, 5
Box: 4, 38, 77
Box: 33, 2, 58
Box: 3, 40, 55
Box: 16, 5, 77
Box: 103, 96, 4
Box: 96, 28, 38
Box: 33, 5, 14
Box: 188, 54, 15
Box: 26, 210, 4
Box: 9, 18, 11
Box: 9, 2, 58
Box: 38, 18, 11
Box: 14, 210, 13
Box: 9, 210, 77
Box: 4, 13, 2
Box: 15, 28, 77
Box: 29, 5, 77
Box: 16, 7, 77
Box: 17, 64, 77
Box: 23, 11, 4
Box: 18, 2, 53
Box: 18, 67, 77
Box: 100, 131, 77
Box: 188, 2, 77
Box: 16, 26, 8
Box: 3, 2, 58
Box: 103, 79, 4
Box: 2, 2, 7
Box: 30, 25, 77
Box: 64, 25, 77
Box: 132, 3, 77
Box: 4, 91, 34
Box: 51, 13, 77
Box: 11, 6, 50
Box: 16, 6, 41
Box: 8, 11, 9
Box: 54, 80, 10
Box: 4, 13, 2
Box: 8, 12, 9
Box: 78, 71, 19
Box: 34, 13, 20
Box: 5, 18, 23
Box: 52, 2, 27
Box: 2, 5, 6
Box: 12, 5, 77
Box: 12, 43, 4
Box: 26, 56, 3
Box: 23, 150, 77
Box: 188, 23, 15
Box: 72, 53, 17
Box: 36, 25, 25
Box: 12, 26, 77
Box: 4, 36, 77
Box: 11, 6, 3
Box: 18, 44, 9
Box: 188, 15, 77
Box: 11, 5, 8
Box: 19, 69, 77
Box: 3, 67, 6
Box: 96, 13, 2
Box: 69, 79, 7
Box: 78, 142, 23
Box: 3, 119, 58
Box: 76, 210, 77
Box: 188, 25, 22
Box: 9, 159, 20
Box: 8, 26, 9
Box: 10, 44, 77
Box: 45, 25, 30
Box: 188, 210, 11
Box: 34, 19, 77
Box: 188, 3, 77
Box: 26, 9, 15
Box: 70, 210, 6
Box: 7, 18, 7
Box: 51, 4, 77
Box: 188, 5, 77
Box: 34, 91, 77
Box: 12, 175, 32
Box: 161, 23, 10
Box: 78, 4, 19
Box: 12, 9, 15
Box: 34, 13, 6
Box: 33, 2, 8
Box: 104, 6, 77
Box: 54, 18, 23
Box: 54, 32, 77
Box: 85, 65, 15
Box: 16, 44, 77
Box: 4, 18, 3
Box: 72, 53, 22
Box: 91, 210, 77
Box: 3, 9, 77
Box: 49, 14, 4
Box: 23, 25, 77
Box: 16, 6, 24
Box: 26, 58, 10
Box: 15, 48, 11
Box: 2, 2, 58
Box: 57, 14, 77
Box: 7, 4, 9
Box: 5, 21, 5
Box: 96, 17, 3
Box: 77, 2, 6
Box: 26, 210, 43
Box: 96, 2, 10
Box: 68, 11, 77
Box: 3, 8, 20
Box: 52, 51, 3
Box: 46, 13, 5
Box: 8, 33, 77
Box: 34, 13, 43
Box: 4, 210, 77
Box: 188, 9, 21
Box: 77, 59, 6
Box: 18, 31, 59
Box: 11, 18, 13
Box: 5, 40, 50
Box: 97, 47, 15
Box: 9, 51, 2
Box: 13, 2, 77
Box: 19, 40, 77
Box: 34, 3, 77
Box: 77, 9, 47
Box: 24, 14, 37
Box: 23, 4, 30
Box: 4, 40, 3
Box: 14, 119, 58
Box: 8, 21, 5
Box: 33, 14, 58
Box: 55, 210, 77
Box: 16, 13, 46
Box: 29, 23, 15
Box: 10, 25, 16
Box: 110, 5, 21
Box: 2, 13, 2
Box: 14, 53, 8
Box: 23, 13, 77
Box: 188, 32, 7
Box: 188, 28, 77
Box: 51, 21, 77
Box: 11, 13, 8
Box: 65, 25, 30
Box: 63, 102, 64
Box: 11, 54, 77
Box: 89, 60, 9
Box: 54, 210, 9
Box: 9, 51, 50
Box: 58, 26, 20
Box: 7, 210, 77
Box: 16, 25, 16
Box: 89, 19, 77
Box: 3, 67, 3
Box: 3, 3, 16
Box: 14, 6, 13
Box: 30, 61, 77
Box: 188, 19, 21
Box: 35, 53, 36
Box: 15, 44, 77
Box: 11, 10, 15
Box: 3, 25, 77
Box: 29, 150, 77
Box: 3, 2, 7
Box: 28, 9, 21
Box: 20, 80, 77
Box: 7, 52, 29
Box: 54, 19, 77
Box: 34, 13, 14
Box: 78, 22, 19
Box: 159, 21, 24
Box: 6, 65, 77
Box: 8, 86, 77
Box: 12, 16, 48
Box: 58, 77, 8
Box: 3, 48, 77
Box: 2, 203, 56
Box: 89, 28, 9
Box: 82, 43, 12
Box: 23, 11, 2
Box: 77, 72, 77
Box: 7, 52, 48
Box: 2, 58, 77
Box: 4, 177, 9
Box: 33, 210, 9
Box: 20, 51, 20
Box: 6, 6, 3
Box: 8, 25, 25
Box: 10, 3, 38
Box: 9, 51, 5
Box: 25, 25, 77
Box: 51, 2, 6
Box: 3, 23, 6
Box: 49, 9, 2
Box: 3, 3, 77
Box: 85, 51, 6
Box: 35, 8, 7
Box: 21, 26, 21
Box: 9, 131, 4
Box: 9, 36, 77
Box: 27, 36, 77
Box: 7, 25, 4
Box: 12, 17, 12
Box: 52, 3, 12
Box: 188, 18, 15
Box: 69, 210, 77
Box: 14, 5, 11
Box: 9, 13, 77
Box: 34, 3, 77
Box: 10, 30, 11
Box: 3, 3, 33
Box: 55, 14, 39
Box: 51, 31, 77
Box: 33, 38, 58
Box: 20, 67, 77
Box: 51, 42, 43
Box: 6, 61, 7
Box: 14, 53, 3
Box: 188, 48, 77
Box: 6, 2, 7
Box: 52, 3, 77
Box: 59, 50, 30
Box: 188, 159, 35
Box: 96, 13, 15
Box: 12, 23, 77
Box: 11, 5, 15
Box: 38, 5, 7
Box: 70, 210, 17
Box: 6, 77, 8
Box: 7, 2, 77
Box: 33, 52, 77
Box: 12, 26, 8
Box: 25, 9, 39
Box: 3, 18, 22
Box: 4, 9, 77
Box: 188, 2, 77
Box: 104, 3, 53
Box: 14, 128, 61
Box: 37, 52, 77
Box: 14, 17, 5
Box: 51, 83, 77
Box: 6, 9, 15
Box: 86, 32, 77
Box: 6, 61, 36
Box: 82, 30, 77
Box: 3, 9, 2
Box: 188, 15, 19
Box: 46, 35, 9
Box: 11, 10, 20
Box: 11, 147, 20
Box: 2, 210, 2
Box: 23, 11, 77
Box: 8, 12, 18
Box: 66, 29, 6
Box: 11, 32, 77
Box: 16, 32, 77
Box: 51, 2, 40
Box: 4, 91, 43
Box: 3, 13, 77
Box: 96, 10, 77
Box: 88, 66, 77
Box: 8, 55, 15
Box: 165, 122, 77
Box: 7, 4, 18
Box: 17, 40, 50
Box: 26, 4, 77
Box: 188, 7, 77
Box: 9, 4, 77
Box: 11, 6, 63
Box: 55, 34, 6
Box: 85, 49, 15
Box: 26, 210, 3
Box: 25, 106, 77
Box: 82, 43, 11
Box: 32, 65, 77
Box: 2, 18, 5
Box: 2, 5, 6
Box: 3, 79, 8
Box: 15, 9, 15
Box: 11, 13, 2
Box: 111, 61, 19
Box: 96, 7, 77
Box: 6, 210, 30
Box: 2, 52, 77
Box: 4, 79, 77
Box: 3, 12, 24
Box: 41, 85, 23
Box: 60, 5, 15
Box: 11, 13, 15
Box: 96, 13, 14
Box: 3, 8, 77
Box: 35, 58, 2
Box: 55, 4, 61
Box: 7, 9, 10
Box: 47, 210, 77
Box: 6, 18, 5
Box: 188, 32, 5
Box: 78, 15, 23
Box: 72, 13, 77
Box: 20, 9, 21
Box: 96, 11, 77
Box: 59, 35, 77
Box: 23, 23, 77
Box: 30, 86, 77
Box: 51, 46, 77
Box: 188, 74, 23
Box: 7, 25, 30
Box: 3, 3, 77
Box: 8, 18, 26
Box: 34, 26, 77
Box: 39, 79, 77
Box: 28, 21, 5
Box: 50, 57, 77
Box: 11, 20, 27
Box: 10, 25, 2
Box: 96, 20, 17
Box: 3, 18, 13
Box: 188, 7, 21
Box: 33, 5, 8
Box: 17, 18, 11
Box: 33, 23, 3
Box: 13, 54, 77
Box: 6, 61, 4
Box: 5, 64, 77
Box: 37, 5, 15
Box: 104, 6, 77
Box: 20, 15, 77
Box: 188, 3, 71
Box: 8, 159, 20
Box: 3, 24, 77
Box: 188, 2, 77
Box: 4, 21, 5
Box: 30, 5, 21
Box: 188, 56, 77
Box: 10, 21, 3
Box: 58, 40, 50
Box: 2, 26, 21
Box: 7, 25, 8
Box: 45, 3, 20
Box: 10, 79, 39
Box: 6, 61, 20
Box: 66, 22, 77
Box: 77, 3, 13
Box: 11, 5, 12
Box: 77, 2, 6
Box: 52, 25, 77
Box: 3, 40, 22
Box: 38, 5, 6
Box: 46, 4, 77
Box: 3, 12, 16
Box: 32, 13, 77
Box: 3, 9, 10
Box: 3, 9, 9
Box: 10, 117, 3
Box: 104, 3, 77
Box: 20, 32, 77
Box: 2, 57, 77
Box: 18, 33, 59
Box: 16, 6, 12
Box: 10, 119, 77
Box: 3, 29, 6
Box: 96, 17, 26
Box: 8, 43, 6
Box: 39, 23, 6
Box: 132, 22, 77
Box: 10, 25, 8
Box: 26, 210, 16
Box: 22, 39, 77
Box: 96, 7, 77
Box: 63, 149, 9
Box: 5, 18, 11
Box: 16, 26, 5
Box: 52, 4, 77
Box: 38, 10, 15
Box: 54, 10, 77
Box: 17, 14, 77
Box: 26, 108, 77
Box: 10, 79, 38
Box: 72, 53, 6
Box: 25, 19, 77
Box: 11, 6, 8
Box: 53, 62, 77
Box: 188, 64, 77
Box: 31, 10, 77
Box: 52, 114, 77
Box: 14, 14, 77
Box: 188, 121, 4
Box: 60, 18, 77
Box: 26, 210, 7
Box: 9, 36, 77
Box: 12, 23, 15
Box: 23, 69, 77
Box: 14, 210, 77
Box: 188, 4, 77
Box: 24, 210, 77
Box: 31, 17, 77
Box: 51, 58, 77
Box: 20, 10, 15
Box: 37, 55, 77
Box: 78, 37, 19
Box: 4, 182, 77
Box: 77, 10, 6
Box: 58, 67, 77
Box: 18, 4, 77
Box: 11, 6, 8
Box: 14, 53, 12
Box: 7, 6, 18
Box: 34, 13, 21
Box: 77, 4, 77
Box: 18, 13, 5
Box: 57, 25, 25
Box: 18, 3, 59
Box: 16, 3, 38
Box: 11, 6, 8
Box: 86, 5, 77
Box: 188, 74, 15
Box: 34, 2, 77
Box: 2, 13, 2
Box: 96, 20, 27
Box: 11, 50, 77
Box: 7, 15, 3
Box: 4, 51, 77
Box: 55, 14, 24
Box: 6, 26, 21
Box: 7, 2, 12
Box: 7, 6, 35
Box: 28, 13, 21
Box: 30, 4, 7
Box: 25, 13, 5
Box: 11, 13, 37
Box: 9, 16, 77
Box: 26, 210, 4
Box: 5, 3, 9
Box: 4, 19, 6
Box: 55, 30, 6
Box: 28, 79, 77
Box: 18, 23, 3
Box: 15, 23, 47
Box: 20, 5, 77
Box: 9, 57, 77
Box: 16, 15, 77
Box: 52, 2, 10
Box: 77, 10, 15
Box: 77, 2, 5
Box: 89, 11, 9
Box: 10, 10, 15
Box: 25, 26, 77
Box: 6, 2, 8
Box: 16, 26, 6
Box: 30, 10, 7
Box: 6, 66, 41
Box: 2, 18, 11
Box: 4, 9, 9
Box: 11, 13, 2
Box: 14, 18, 13
Box: 14, 15, 77
Box: 188, 74, 15
Box: 11, 6, 3
Box: 51, 2, 28
Box: 52, 51, 33
Box: 28, 210, 9
Box: 14, 14, 9
Box: 20, 210, 5
Box: 47, 65, 4
Box: 32, 11, 77
Box: 40, 210, 9
Box: 132, 43, 77
Box: 16, 6, 77
Box: 10, 30, 2
Box: 188, 23, 3
Box: 3, 5, 9
Box: 3, 18, 7
Box: 39, 11, 77
Box: 188, 6, 14
Box: 2, 18, 5
Box: 72, 210, 3
Box: 105, 25, 77
Box: 20, 4, 20
Box: 8, 14, 9
Box: 30, 4, 7
Box: 10, 2, 7
Box: 16, 2, 77
Box: 12, 16, 22
Box: 17, 18, 13
Box: 55, 34, 10
Box: 65, 14, 40
Box: 104, 2, 77
Box: 6, 119, 58
Box: 23, 11, 5
Box: 25, 66, 77
Box: 18, 2, 8
Box: 10, 12, 7
Box: 4, 19, 3
Box: 23, 74, 15
Box: 34, 52, 77
Box: 85, 58, 77
Box: 41, 85, 12
Box: 51, 18, 13
Box: 12, 14, 8
Box: 21, 32, 77
Box: 51, 42, 2
Box: 19, 74, 5
Box: 3, 3, 25
Box: 13, 74, 15
Box: 20, 34, 20
Box: 5, 38, 25
Box: 51, 18, 16
Box: 2, 69, 3
Box: 41, 25, 9
Box: 79, 210, 13
Box: 33, 5, 8
Box: 47, 48, 77
Box: 188, 66, 21
Box: 3, 4, 77
Box: 29, 71, 13
Box: 3, 2, 9
Box: 19, 30, 77
Box: 8, 40, 77
Box: 58, 86, 77
Box: 3, 49, 22
Box: 178, 6, 77
Box: 22, 5, 77
Box: 16, 2, 77
Box: 26, 58, 3
Box: 3, 18, 77
Box: 20, 60, 13
Box: 70, 26, 21
Box: 2, 65, 58
Box: 27, 23, 10
Box: 28, 17, 12
Box: 13, 2, 8
Box: 96, 13, 17
Box: 82, 210, 77
Box: 10, 21, 77
Box: 188, 4, 21
Box: 6, 6, 2
Box: 6, 6, 3
Box: 54, 20, 77
Box: 20, 21, 5
####################
#Expected Output: 29
#Number of Bins: 29.
