Bin: 66, 79, 237
Box: 4, 30, 67
Box: 66, 79, 2
Box: 32, 79, 9
Box: 66, 3, 86
Box: 33, 12, 11
Box: 53, 8, 88
Box: 7, 23, 21
Box: 66, 21, 2
Box: 2, 79, 8
Box: 60, 3, 57
Box: 34, 79, 43
Box: 7, 21, 9
Box: 66, 79, 15
Box: 6, 15, 15
Box: 19, 7, 39
Box: 66, 3, 22
Box: 10, 68, 15
Box: 2, 12, 124
Box: 4, 4, 45
Box: 66, 37, 5
Box: 31, 79, 53
Box: 36, 79, 39
Box: 40, 79, 74
Box: 66, 3, 2
Box: 4, 23, 3
Box: 19, 37, 7
Box: 44, 2, 29
Box: 14, 79, 45
Box: 66, 39, 2
Box: 9, 8, 30
Box: 66, 23, 6
Box: 66, 23, 51
Box: 3, 34, 5
Box: 13, 38, 33
Box: 3, 16, 23
Box: 16, 32, 14
Box: 66, 19, 3
Box: 23, 79, 12
Box: 7, 79, 12
Box: 5, 4, 92
Box: 66, 11, 14
Box: 3, 79, 2
Box: 66, 27, 237
Box: 26, 21, 21
Box: 40, 10, 3
Box: 66, 3, 6
Box: 19, 79, 49
Box: 34, 79, 18
Box: 66, 5, 8
Box: 10, 43, 201
Box: 22, 79, 21
Box: 2, 21, 21
Box: 28, 7, 41
Box: 66, 3, 48
Box: 29, 79, 35
Box: 4, 16, 8
Box: 2, 29, 6
Box: 2, 21, 12
Box: 3, 18, 41
Box: 14, 36, 36
Box: 13, 2, 6
Box: 29, 79, 26
Box: 66, 8, 237
Box: 66, 4, 21
Box: 66, 63, 75
Box: 12, 5, 17
Box: 48, 79, 38
Box: 3, 19, 41
Box: 21, 33, 127
Box: 66, 25, 5
Box: 14, 79, 11
Box: 17, 79, 30
Box: 3, 11, 3
Box: 5, 26, 9
Box: 3, 79, 10
Box: 19, 26, 7
Box: 66, 21, 9
Box: 10, 20, 4
Box: 66, 66, 7
Box: 66, 73, 67
Box: 19, 2, 134
Box: 8, 26, 51
Box: 66, 15, 20
Box: 66, 13, 23
Box: 2, 23, 21
Box: 11, 17, 5
Box: 66, 20, 65
Box: 66, 36, 14
Box: 66, 2, 14
Box: 66, 79, 14
Box: 5, 10, 75
Box: 66, 25, 8
Box: 33, 17, 11
Box: 66, 45, 8
Box: 12, 7, 12
Box: 2, 3, 24
Box: 11, 79, 12
Box: 2, 79, 43
Box: 4, 11, 28
Box: 66, 5, 237
Box: 2, 29, 71
Box: 66, 35, 7
Box: 5, 11, 13
Box: 2, 16, 23
Box: 20, 3, 2
Box: 19, 79, 9
Box: 66, 23, 12
Box: 28, 18, 33
Box: 25, 46, 108
Box: 66, 7, 49
Box: 3, 11, 28
Box: 12, 52, 96
Box: 28, 32, 14
Box: 11, 11, 28
Box: 40, 79, 63
Box: 14, 4, 32
Box: 66, 20, 237
Box: 8, 2, 7
Box: 66, 2, 2
Box: 66, 8, 35
Box: 66, 30, 4
Box: 9, 2, 12
Box: 66, 6, 7
Box: 13, 79, 51
Box: 15, 10, 14
Box: 23, 24, 99
Box: 2, 23, 38
Box: 66, 42, 9
Box: 6, 9, 22
Box: 66, 5, 61
Box: 66, 8, 22
Box: 9, 79, 2
Box: 19, 2, 39
Box: 16, 36, 25
Box: 2, 27, 10
Box: 7, 79, 8
Box: 2, 3, 12
Box: 12, 23, 38
Box: 28, 2, 33
Box: 11, 79, 98
Box: 66, 12, 2
Box: 3, 3, 3
Box: 5, 28, 32
Box: 28, 5, 33
Box: 4, 4, 30
Box: 8, 28, 7
Box: 13, 6, 20
Box: 66, 5, 5
Box: 21, 2, 7
Box: 66, 23, 7
Box: 3, 79, 3
Box: 66, 59, 17
Box: 23, 36, 10
Box: 66, 79, 19
Box: 29, 3, 151
Box: 12, 3, 7
Box: 3, 79, 2
Box: 4, 37, 3
Box: 66, 13, 5
Box: 5, 12, 19
Box: 66, 3, 29
Box: 9, 79, 237
Box: 7, 79, 30
Box: 13, 79, 23
Box: 16, 12, 2
Box: 32, 79, 8
Box: 14, 61, 2
Box: 2, 18, 112
Box: 3, 7, 14
Box: 66, 79, 12
Box: 66, 14, 20
Box: 5, 28, 42
Box: 57, 35, 7
Box: 66, 8, 28
Box: 2, 21, 21
Box: 66, 20, 5
Box: 23, 79, 36
Box: 66, 9, 20
Box: 4, 79, 24
Box: 16, 19, 37
Box: 6, 4, 15
Box: 21, 5, 101
Box: 8, 79, 52
Box: 2, 36, 64
Box: 19, 20, 15
Box: 66, 26, 7
Box: 19, 79, 155
Box: 66, 8, 31
Box: 4, 15, 39
Box: 8, 4, 19
Box: 66, 51, 28
Box: 11, 30, 31
Box: 5, 35, 5
Box: 12, 42, 12
Box: 66, 79, 3
Box: 41, 6, 29
Box: 66, 14, 26
Box: 9, 79, 237
Box: 13, 6, 64
Box: 2, 9, 2
Box: 3, 23, 49
Box: 10, 7, 37
Box: 10, 6, 18
Box: 27, 79, 4
Box: 23, 24, 6
Box: 3, 11, 8
Box: 14, 36, 7
Box: 8, 79, 19
Box: 2, 2, 8
Box: 18, 79, 37
Box: 4, 7, 23
Box: 45, 23, 28
Box: 51, 4, 9
Box: 13, 79, 7
Box: 5, 8, 2
Box: 66, 79, 13
Box: 11, 79, 18
Box: 12, 21, 21
Box: 13, 79, 58
Box: 53, 8, 4
Box: 66, 7, 16
Box: 5, 8, 37
Box: 66, 49, 57
Box: 10, 2, 5
Box: 66, 3, 5
Box: 11, 19, 26
Box: 20, 79, 30
Box: 19, 2, 16
Box: 66, 6, 33
Box: 6, 79, 29
Box: 12, 40, 17
Box: 11, 28, 73
Box: 3, 15, 12
Box: 15, 79, 24
Box: 2, 4, 12
Box: 26, 13, 102
Box: 41, 33, 127
Box: 29, 79, 2
Box: 66, 47, 40
Box: 10, 24, 237
Box: 27, 5, 10
Box: 25, 46, 53
Box: 21, 16, 23
Box: 7, 6, 14
Box: 66, 25, 69
Box: 9, 23, 49
Box: 66, 12, 237
Box: 10, 79, 6
Box: 14, 15, 3
Box: 11, 13, 23
Box: 28, 79, 27
Box: 36, 79, 105
Box: 2, 3, 23
Box: 3, 12, 7
Box: 40, 79, 5
Box: 15, 79, 12
Box: 27, 5, 133
Box: 29, 8, 23
Box: 16, 79, 45
Box: 4, 28, 2
Box: 47, 11, 3
Box: 3, 36, 14
Box: 14, 14, 32
Box: 5, 57, 98
Box: 12, 48, 52
Box: 26, 9, 9
Box: 23, 24, 2
Box: 66, 36, 4
Box: 51, 79, 6
Box: 33, 14, 11
Box: 25, 6, 29
Box: 21, 79, 103
Box: 2, 79, 11
Box: 11, 11, 35
Box: 21, 3, 101
Box: 9, 79, 103
Box: 32, 17, 5
Box: 66, 8, 61
Box: 64, 4, 8
Box: 2, 36, 64
Box: 66, 27, 33
Box: 35, 36, 14
Box: 3, 5, 12
Box: 66, 79, 4
Box: 66, 3, 7
Box: 66, 28, 42
Box: 66, 23, 6
Box: 2, 13, 84
Box: 16, 36, 13
Box: 10, 15, 37
Box: 66, 79, 10
Box: 7, 79, 14
Box: 16, 4, 3
Box: 7, 7, 23
Box: 4, 68, 15
Box: 9, 2, 8
Box: 4, 18, 41
Box: 21, 43, 12
Box: 66, 3, 16
Box: 8, 19, 63
Box: 28, 3, 33
Box: 5, 4, 15
Box: 5, 50, 39
Box: 66, 47, 3
Box: 66, 7, 4
Box: 66, 2, 9
Box: 14, 3, 10
Box: 66, 2, 237
Box: 4, 46, 53
Box: 31, 79, 15
Box: 66, 6, 69
Box: 66, 4, 9
Box: 9, 5, 237
Box: 66, 23, 5
Box: 66, 2, 7
Box: 19, 4, 39
Box: 47, 23, 50
Box: 3, 20, 4
Box: 27, 9, 14
Box: 5, 28, 67
Box: 66, 74, 5
Box: 66, 13, 7
Box: 4, 4, 3
Box: 14, 18, 32
Box: 66, 7, 13
Box: 40, 79, 13
Box: 40, 79, 33
Box: 5, 16, 12
Box: 2, 36, 64
Box: 40, 3, 6
Box: 8, 19, 5
Box: 6, 79, 12
Box: 3, 4, 28
Box: 66, 9, 11
Box: 3, 17, 12
Box: 4, 7, 41
Box: 66, 79, 185
Box: 66, 7, 2
Box: 7, 24, 4
Box: 34, 22, 29
Box: 16, 32, 100
Box: 20, 16, 8
Box: 2, 7, 12
Box: 5, 9, 12
Box: 10, 8, 37
Box: 4, 79, 98
Box: 66, 79, 119
Box: 11, 28, 36
Box: 6, 7, 2
Box: 2, 13, 23
Box: 2, 23, 38
Box: 20, 48, 17
Box: 47, 79, 52
Box: 66, 11, 4
Box: 3, 3, 3
Box: 66, 24, 5
Box: 7, 5, 237
Box: 7, 79, 10
Box: 66, 4, 26
Box: 4, 14, 69
Box: 66, 79, 89
Box: 18, 79, 12
Box: 5, 55, 52
Box: 17, 79, 144
Box: 18, 7, 39
Box: 39, 58, 21
Box: 4, 79, 23
Box: 13, 19, 2
Box: 9, 79, 24
Box: 40, 79, 71
Box: 66, 23, 40
Box: 66, 79, 6
Box: 66, 79, 5
Box: 66, 13, 5
Box: 2, 2, 9
Box: 19, 11, 13
Box: 8, 79, 50
Box: 9, 10, 23
Box: 43, 79, 9
Box: 66, 23, 97
Box: 28, 6, 6
Box: 12, 3, 17
Box: 66, 5, 20
Box: 5, 11, 15
Box: 19, 79, 9
Box: 12, 10, 7
Box: 66, 16, 237
Box: 14, 4, 2
Box: 3, 7, 2
Box: 4, 4, 30
Box: 4, 79, 23
Box: 6, 14, 20
Box: 4, 8, 24
Box: 64, 2, 237
Box: 64, 4, 83
Box: 55, 23, 38
Box: 66, 15, 16
Box: 27, 13, 27
Box: 66, 14, 40
Box: 47, 2, 9
Box: 9, 2, 9
Box: 66, 10, 4
Box: 4, 15, 39
Box: 14, 79, 6
Box: 9, 63, 33
Box: 17, 79, 11
Box: 2, 3, 43
Box: 43, 79, 23
Box: 22, 2, 221
Box: 13, 15, 102
Box: 4, 16, 23
Box: 15, 79, 5
Box: 3, 9, 10
Box: 66, 8, 35
Box: 66, 13, 20
Box: 8, 36, 237
Box: 16, 13, 37
Box: 66, 79, 7
Box: 12, 79, 3
Box: 14, 36, 15
Box: 2, 2, 2
Box: 29, 79, 17
Box: 5, 79, 33
Box: 66, 5, 237
Box: 2, 45, 59
Box: 66, 7, 53
Box: 5, 33, 237
Box: 3, 11, 3
Box: 15, 19, 14
Box: 27, 68, 15
Box: 20, 9, 5
Box: 55, 3, 237
Box: 16, 64, 69
Box: 12, 17, 47
Box: 13, 19, 12
Box: 16, 3, 54
Box: 20, 5, 4
Box: 18, 79, 39
Box: 14, 4, 4
Box: 13, 13, 183
Box: 28, 10, 33
Box: 66, 9, 9
Box: 28, 12, 5
Box: 2, 10, 2
Box: 20, 9, 5
Box: 2, 2, 4
Box: 5, 79, 38
Box: 2, 11, 2
Box: 8, 79, 17
Box: 16, 57, 8
Box: 18, 79, 90
Box: 4, 24, 237
Box: 14, 79, 36
Box: 2, 23, 10
Box: 54, 36, 3
Box: 66, 4, 14
Box: 26, 19, 10
Box: 8, 79, 12
Box: 9, 14, 69
Box: 27, 79, 3
Box: 4, 79, 12
Box: 11, 79, 24
Box: 11, 79, 15
Box: 66, 2, 5
Box: 66, 41, 23
Box: 10, 28, 5
Box: 2, 16, 23
Box: 17, 26, 17
Box: 46, 79, 98
Box: 50, 11, 4
Box: 3, 9, 2
Box: 66, 10, 42
Box: 32, 10, 3
Box: 55, 6, 38
Box: 66, 12, 5
Box: 12, 5, 237
Box: 3, 19, 52
Box: 4, 23, 7
Box: 4, 24, 30
Box: 4, 79, 2
Box: 7, 3, 151
Box: 34, 79, 29
Box: 7, 79, 3
Box: 4, 5, 20
Box: 5, 12, 18
Box: 66, 4, 5
Box: 28, 32, 74
Box: 37, 48, 17
Box: 5, 16, 23
Box: 2, 79, 2
Box: 44, 74, 43
Box: 29, 21, 16
Box: 66, 5, 33
Box: 43, 79, 15
Box: 5, 79, 29
Box: 23, 24, 14
Box: 4, 79, 6
Box: 4, 3, 8
Box: 12, 2, 63
Box: 66, 3, 21
Box: 34, 79, 14
Box: 14, 18, 10
Box: 66, 26, 29
Box: 66, 10, 7
Box: 7, 2, 7
Box: 18, 60, 30
Box: 19, 37, 8
Box: 3, 19, 16
Box: 11, 21, 237
Box: 2, 4, 74
Box: 27, 5, 27
Box: 4, 79, 3
Box: 8, 6, 14
Box: 66, 10, 7
Box: 18, 15, 3
Box: 7, 79, 237
Box: 2, 45, 5
Box: 14, 13, 10
Box: 9, 36, 4
Box: 34, 4, 28
Box: 66, 8, 9
Box: 66, 5, 4
Box: 19, 24, 43
Box: 39, 37, 3
Box: 8, 30, 7
Box: 4, 12, 30
Box: 23, 24, 3
Box: 66, 23, 14
Box: 4, 79, 7
Box: 28, 13, 9
Box: 2, 2, 4
Box: 66, 13, 29
Box: 7, 12, 5
Box: 4, 79, 43
Box: 66, 79, 9
Box: 66, 47, 10
Box: 13, 38, 58
Box: 66, 14, 16
Box: 2, 8, 24
Box: 66, 3, 65
Box: 66, 9, 14
Box: 20, 9, 4
Box: 66, 79, 107
Box: 66, 7, 5
Box: 3, 11, 16
Box: 5, 3, 237
Box: 37, 28, 97
Box: 6, 19, 5
Box: 66, 5, 7
Box: 3, 5, 2
Box: 6, 17, 32
Box: 3, 12, 14
Box: 19, 79, 23
Box: 3, 10, 7
Box: 3, 11, 2
Box: 5, 2, 7
Box: 12, 4, 28
Box: 13, 79, 103
Box: 27, 5, 22
Box: 3, 79, 45
Box: 66, 13, 9
Box: 10, 79, 19
Box: 13, 79, 156
Box: 66, 23, 8
Box: 66, 79, 9
Box: 13, 16, 102
Box: 12, 24, 7
Box: 12, 52, 27
Box: 3, 79, 8
Box: 66, 79, 20
Box: 4, 46, 9
Box: 17, 18, 12
Box: 4, 79, 7
Box: 8, 79, 19
Box: 15, 36, 119
Box: 10, 6, 2
Box: 66, 79, 2
Box: 7, 79, 91
Box: 11, 19, 16
Box: 11, 21, 14
Box: 66, 21, 53
Box: 20, 27, 2
Box: 66, 48, 67
Box: 2, 3, 7
Box: 19, 10, 7
Box: 66, 25, 31
Box: 3, 11, 5
Box: 7, 79, 6
Box: 66, 13, 13
Box: 66, 79, 20
Box: 10, 79, 3
Box: 4, 79, 237
Box: 46, 19, 5
Box: 32, 79, 37
Box: 66, 79, 47
Box: 9, 26, 12
Box: 57, 2, 9
Box: 23, 8, 24
Box: 18, 9, 15
Box: 5, 36, 12
Box: 26, 4, 4
Box: 6, 79, 30
Box: 11, 79, 2
Box: 40, 3, 4
Box: 5, 4, 26
Box: 55, 79, 47
Box: 12, 7, 12
Box: 2, 13, 14
Box: 17, 79, 25
Box: 26, 16, 9
Box: 10, 5, 18
Box: 66, 79, 7
Box: 23, 24, 10
Box: 3, 2, 237
Box: 10, 79, 7
Box: 66, 79, 67
Box: 27, 10, 20
Box: 10, 45, 19
Box: 19, 79, 15
Box: 66, 3, 2
Box: 13, 6, 10
Box: 14, 79, 52
Box: 11, 6, 69
Box: 2, 28, 9
Box: 66, 22, 196
Box: 66, 10, 17
Box: 2, 38, 24
Box: 57, 11, 7
Box: 66, 8, 6
Box: 19, 25, 134
Box: 11, 57, 48
Box: 33, 5, 11
Box: 2, 13, 10
Box: 9, 19, 5
Box: 6, 79, 44
Box: 14, 79, 3
Box: 66, 2, 4
Box: 28, 79, 3
Box: 26, 4, 102
Box: 13, 79, 3
Box: 32, 15, 66
Box: 66, 15, 7
Box: 9, 79, 237
Box: 32, 5, 20
Box: 66, 5, 17
Box: 28, 3, 33
Box: 66, 11, 73
Box: 10, 8, 24
Box: 9, 11, 237
Box: 23, 9, 22
Box: 15, 7, 14
Box: 66, 4, 22
Box: 17, 60, 24
Box: 66, 27, 12
Box: 23, 21, 19
Box: 2, 5, 7
Box: 7, 6, 21
Box: 14, 36, 2
Box: 10, 2, 37
Box: 18, 56, 12
Box: 5, 14, 24
Box: 66, 79, 35
Box: 5, 43, 62
Box: 2, 19, 12
Box: 5, 14, 12
Box: 66, 36, 7
Box: 18, 5, 5
Box: 30, 12, 2
Box: 2, 79, 237
Box: 5, 3, 237
Box: 20, 2, 2
Box: 2, 3, 4
Box: 66, 15, 31
Box: 66, 79, 26
Box: 20, 79, 2
Box: 18, 34, 5
Box: 32, 79, 5
Box: 18, 79, 2
Box: 39, 37, 37
Box: 66, 23, 15
Box: 10, 72, 37
Box: 6, 13, 23
Box: 23, 79, 4
Box: 3, 79, 10
Box: 4, 9, 30
Box: 66, 5, 2
Box: 3, 13, 14
Box: 66, 13, 18
Box: 66, 79, 4
Box: 66, 20, 3
Box: 2, 13, 9
Box: 33, 4, 11
Box: 19, 79, 4
Box: 2, 45, 7
Box: 17, 6, 24
Box: 66, 13, 42
Box: 14, 36, 7
Box: 66, 14, 26
Box: 66, 47, 8
Box: 17, 18, 20
Box: 2, 27, 2
Box: 66, 49, 2
Box: 3, 79, 38
Box: 12, 79, 7
Box: 66, 30, 125
Box: 55, 13, 38
Box: 66, 79, 20
Box: 17, 2, 17
Box: 2, 23, 21
Box: 2, 79, 124
Box: 66, 36, 4
Box: 13, 19, 2
Box: 50, 8, 4
Box: 3, 11, 93
Box: 6, 3, 237
Box: 66, 13, 20
Box: 66, 21, 16
Box: 66, 79, 20
Box: 22, 9, 5
Box: 66, 8, 106
Box: 8, 8, 10
Box: 10, 3, 151
Box: 66, 33, 5
Box: 8, 79, 3
Box: 32, 79, 18
Box: 12, 19, 12
Box: 29, 79, 6
Box: 66, 79, 66
Box: 4, 2, 30
Box: 32, 54, 26
Box: 11, 11, 6
Box: 53, 19, 8
Box: 66, 5, 11
Box: 9, 63, 91
Box: 3, 6, 22
Box: 9, 22, 77
Box: 66, 24, 41
Box: 9, 79, 29
Box: 22, 2, 29
Box: 22, 79, 16
Box: 16, 3, 3
Box: 13, 79, 10
Box: 18, 6, 9
Box: 2, 4, 7
Box: 2, 34, 12
Box: 7, 4, 4
Box: 66, 8, 31
Box: 2, 29, 16
Box: 5, 16, 237
Box: 23, 24, 5
Box: 22, 79, 12
Box: 2, 2, 23
Box: 10, 2, 2
Box: 8, 43, 12
Box: 14, 79, 48
Box: 5, 5, 237
Box: 17, 79, 49
Box: 66, 14, 26
Box: 64, 4, 12
Box: 10, 37, 13
Box: 13, 79, 3
Box: 18, 79, 8
Box: 66, 79, 12
Box: 66, 11, 14
Box: 23, 3, 19
Box: 66, 20, 2
Box: 27, 5, 16
Box: 26, 4, 102
Box: 20, 79, 32
Box: 7, 79, 103
Box: 64, 4, 78
Box: 4, 6, 30
Box: 4, 79, 42
Box: 13, 6, 3
Box: 3, 5, 7
Box: 13, 6, 7
Box: 66, 65, 4
Box: 7, 8, 37
Box: 47, 2, 8
Box: 2, 45, 8
Box: 5, 7, 2
Box: 66, 79, 8
Box: 66, 79, 12
Box: 66, 8, 34
Box: 66, 6, 9
Box: 7, 79, 37
Box: 66, 79, 63
Box: 66, 79, 17
Box: 20, 34, 11
Box: 2, 45, 53
Box: 5, 8, 5
Box: 18, 10, 39
Box: 21, 79, 10
Box: 33, 11, 174
Box: 19, 10, 8
Box: 3, 63, 22
Box: 33, 79, 13
Box: 19, 31, 39
Box: 14, 36, 25
Box: 2, 8, 18
Box: 2, 16, 10
Box: 11, 28, 11
Box: 25, 28, 108
Box: 66, 5, 31
Box: 19, 79, 12
Box: 66, 10, 16
Box: 11, 44, 14
Box: 57, 2, 7
Box: 3, 79, 24
Box: 9, 7, 77
Box: 2, 29, 10
Box: 23, 5, 66
Box: 5, 20, 12
Box: 66, 79, 5
Box: 6, 30, 7
Box: 34, 79, 86
Box: 3, 11, 21
Box: 15, 9, 20
Box: 8, 79, 48
Box: 66, 20, 20
Box: 66, 2, 2
Box: 6, 79, 12
Box: 4, 41, 23
Box: 16, 37, 9
Box: 2, 2, 102
Box: 13, 2, 102
Box: 3, 79, 24
Box: 66, 12, 26
Box: 9, 16, 7
Box: 3, 79, 39
Box: 2, 79, 9
Box: 66, 79, 65
Box: 36, 15, 3
Box: 32, 79, 33
Box: 66, 79, 5
Box: 14, 43, 12
Box: 66, 79, 48
Box: 13, 79, 20
Box: 9, 15, 36
Box: 10, 30, 7
Box: 17, 9, 5
Box: 66, 2, 103
Box: 66, 79, 15
Box: 66, 79, 65
Box: 66, 15, 12
Box: 66, 7, 16
Box: 13, 52, 44
Box: 2, 34, 24
Box: 20, 2, 2
Box: 2, 18, 41
Box: 13, 15, 39
Box: 11, 9, 22
Box: 55, 16, 38
Box: 5, 79, 2
Box: 7, 4, 51
Box: 2, 8, 23
Box: 66, 9, 20
Box: 5, 79, 16
Box: 20, 79, 30
Box: 35, 18, 7
Box: 5, 4, 4
Box: 14, 79, 106
Box: 5, 7, 41
Box: 66, 33, 92
Box: 66, 13, 7
Box: 66, 79, 30
Box: 2, 79, 200
Box: 9, 37, 30
Box: 26, 15, 102
Box: 2, 7, 6
Box: 58, 13, 44
Box: 23, 24, 63
Box: 9, 17, 5
Box: 5, 22, 98
Box: 2, 79, 16
Box: 2, 16, 23
Box: 66, 3, 4
Box: 4, 79, 44
Box: 10, 6, 5
Box: 17, 18, 2
Box: 12, 8, 7
Box: 10, 34, 19
Box: 66, 9, 21
Box: 22, 8, 221
Box: 15, 36, 27
Box: 6, 79, 37
Box: 2, 11, 11
Box: 21, 10, 101
Box: 7, 79, 123
Box: 12, 8, 17
Box: 4, 79, 129
Box: 66, 79, 32
Box: 25, 23, 21
Box: 14, 34, 5
Box: 2, 14, 24
Box: 32, 34, 3
Box: 2, 18, 41
Box: 66, 79, 11
Box: 29, 37, 22
Box: 8, 43, 33
Box: 66, 21, 7
Box: 11, 7, 15
Box: 10, 22, 3
Box: 18, 2, 15
Box: 13, 2, 3
Box: 2, 79, 20
Box: 5, 3, 3
Box: 3, 35, 4
Box: 17, 21, 16
Box: 23, 5, 61
Box: 18, 14, 69
Box: 66, 18, 73
Box: 3, 4, 14
Box: 18, 19, 30
Box: 12, 20, 12
Box: 66, 79, 3
Box: 29, 79, 22
Box: 8, 4, 102
Box: 6, 9, 5
Box: 28, 79, 58
Box: 5, 9, 22
Box: 13, 31, 151
Box: 26, 11, 13
Box: 57, 22, 7
Box: 66, 15, 20
Box: 3, 11, 10
Box: 8, 43, 60
Box: 66, 6, 14
Box: 26, 19, 7
Box: 66, 79, 23
Box: 19, 79, 8
Box: 14, 12, 2
Box: 7, 6, 14
Box: 11, 4, 48
Box: 50, 79, 37
Box: 66, 79, 91
Box: 33, 79, 21
Box: 52, 79, 11
Box: 3, 17, 14
Box: 66, 79, 7
Box: 5, 43, 12
Box: 2, 3, 76
Box: 66, 8, 12
Box: 16, 37, 45
Box: 66, 8, 14
Box: 66, 13, 11
Box: 14, 15, 39
Box: 11, 79, 49
Box: 10, 2, 5
Box: 15, 79, 49
Box: 7, 4, 4
Box: 66, 15, 20
Box: 11, 9, 15
Box: 11, 14, 9
Box: 4, 37, 3
Box: 66, 33, 75
Box: 13, 79, 37
Box: 12, 30, 63
Box: 2, 4, 7
Box: 29, 28, 97
Box: 21, 5, 101
Box: 5, 37, 3
Box: 66, 79, 27
Box: 66, 8, 2
Box: 66, 73, 3
Box: 66, 20, 5
Box: 55, 79, 23
Box: 5, 28, 36
Box: 3, 19, 37
Box: 66, 7, 8
Box: 20, 56, 12
Box: 66, 4, 12
Box: 15, 43, 14
Box: 66, 2, 40
Box: 13, 18, 10
Box: 19, 79, 9
Box: 7, 79, 45
Box: 16, 3, 41
Box: 66, 20, 4
Box: 4, 21, 21
Box: 66, 79, 3
Box: 66, 2, 24
Box: 11, 79, 40
Box: 66, 4, 7
Box: 7, 79, 19
Box: 66, 36, 41
Box: 50, 18, 4
Box: 20, 7, 2
Box: 18, 28, 24
Box: 2, 2, 18
Box: 13, 38, 92
Box: 66, 79, 2
Box: 8, 13, 40
Box: 5, 20, 4
Box: 20, 5, 7
Box: 66, 2, 21
Box: 2, 79, 3
Box: 16, 32, 52
Box: 8, 79, 17
Box: 10, 7, 2
Box: 11, 79, 13
Box: 49, 9, 95
Box: 18, 79, 102
Box: 40, 79, 24
Box: 6, 79, 3
Box: 2, 62, 6
Box: 66, 28, 12
Box: 66, 79, 16
Box: 66, 10, 5
Box: 19, 79, 26
Box: 43, 17, 2
Box: 14, 14, 2
Box: 19, 2, 6
Box: 66, 23, 7
Box: 44, 9, 20
Box: 66, 3, 23
Box: 66, 7, 26
Box: 40, 3, 9
Box: 3, 79, 3
Box: 31, 79, 29
Box: 26, 26, 9
Box: 2, 8, 2
Box: 3, 30, 67
Box: 5, 7, 12
Box: 66, 23, 2
Box: 16, 4, 54
Box: 4, 32, 237
Box: 2, 5, 12
Box: 40, 13, 23
Box: 13, 36, 67
Box: 16, 57, 104
Box: 48, 43, 237
Box: 2, 4, 19
Box: 2, 4, 34
Box: 5, 2, 62
Box: 34, 79, 6
Box: 12, 5, 17
Box: 66, 25, 16
Box: 66, 79, 18
Box: 5, 11, 3
Box: 4, 41, 10
Box: 43, 79, 9
Box: 66, 7, 9
Box: 64, 52, 237
Box: 8, 41, 33
Box: 4, 79, 49
Box: 66, 15, 8
Box: 10, 5, 20
Box: 3, 79, 39
Box: 9, 79, 38
Box: 18, 6, 7
Box: 34, 79, 9
Box: 66, 3, 106
Box: 28, 7, 23
Box: 15, 79, 3
Box: 9, 11, 11
Box: 3, 22, 2
Box: 66, 11, 15
Box: 14, 36, 18
Box: 66, 33, 75
Box: 66, 70, 98
Box: 2, 5, 43
Box: 66, 33, 41
Box: 53, 21, 183
Box: 10, 10, 37
Box: 6, 79, 100
Box: 12, 11, 13
Box: 3, 19, 26
Box: 66, 79, 3
Box: 66, 3, 5
Box: 21, 23, 21
Box: 66, 17, 237
Box: 17, 24, 17
Box: 10, 37, 12
Box: 50, 20, 4
Box: 9, 28, 12
Box: 11, 9, 48
Box: 6, 8, 32
Box: 66, 79, 18
Box: 9, 14, 7
Box: 6, 2, 9
Box: 66, 3, 26
Box: 45, 23, 21
Box: 10, 4, 9
Box: 22, 34, 221
Box: 66, 7, 7
Box: 66, 10, 21
Box: 18, 7, 24
Box: 66, 11, 9
Box: 5, 26, 9
Box: 7, 79, 49
Box: 66, 4, 7
Box: 4, 4, 15
Box: 16, 79, 24
Box: 64, 17, 237
Box: 23, 18, 41
Box: 16, 6, 37
Box: 13, 17, 3
Box: 28, 34, 5
Box: 66, 79, 10
Box: 66, 7, 7
Box: 2, 8, 23
Box: 5, 36, 2
Box: 30, 79, 105
Box: 16, 57, 35
Box: 23, 24, 4
Box: 4, 79, 77
Box: 66, 10, 12
Box: 66, 5, 7
Box: 14, 36, 4
Box: 23, 79, 154
Box: 7, 4, 38
Box: 25, 48, 8
Box: 66, 4, 26
Box: 9, 2, 9
Box: 66, 14, 4
Box: 66, 10, 61
Box: 2, 8, 24
Box: 3, 4, 26
Box: 34, 79, 6
Box: 20, 79, 30
Box: 2, 10, 6
Box: 20, 18, 4
Box: 4, 4, 23
Box: 39, 13, 108
Box: 66, 10, 8
Box: 18, 6, 9
Box: 9, 22, 4
Box: 66, 79, 9
Box: 16, 36, 32
Box: 14, 36, 16
Box: 3, 79, 237
Box: 29, 76, 48
Box: 21, 48, 8
Box: 9, 2, 9
Box: 66, 79, 95
Box: 3, 17, 59
Box: 2, 30, 67
Box: 32, 32, 3
Box: 33, 79, 12
Box: 16, 16, 37
Box: 5, 79, 2
Box: 39, 36, 7
Box: 6, 30, 7
Box: 66, 41, 42
Box: 13, 19, 90
Box: 8, 13, 2
Box: 66, 79, 45
Box: 9, 2, 3
Box: 21, 24, 101
Box: 13, 54, 26
Box: 45, 18, 237
Box: 5, 13, 23
Box: 31, 3, 7
Box: 9, 5, 5
Box: 66, 15, 14
Box: 3, 27, 7
Box: 7, 79, 17
Box: 10, 2, 2
Box: 46, 79, 77
Box: 2, 79, 113
Box: 19, 79, 9
Box: 26, 19, 41
Box: 30, 79, 12
Box: 66, 79, 6
Box: 51, 33, 20
Box: 13, 13, 27
Box: 12, 8, 12
Box: 5, 15, 237
Box: 66, 23, 86
Box: 66, 39, 9
Box: 5, 10, 63
Box: 20, 2, 2
Box: 2, 15, 17
Box: 5, 2, 12
Box: 66, 2, 3
Box: 2, 10, 12
Box: 66, 15, 32
Box: 7, 3, 39
Box: 12, 79, 233
Box: 26, 3, 102
Box: 66, 9, 59
Box: 5, 26, 237
Box: 13, 2, 10
Box: 13, 3, 33
Box: 10, 37, 6
Box: 15, 11, 28
Box: 20, 5, 4
Box: 66, 15, 2
Box: 66, 64, 3
Box: 66, 79, 4
Box: 15, 33, 20
Box: 66, 25, 65
Box: 4, 33, 127
Box: 2, 16, 12
Box: 20, 5, 4
Box: 66, 79, 33
Box: 2, 15, 12
Box: 66, 33, 21
Box: 16, 8, 64
Box: 9, 2, 6
Box: 66, 79, 14
Box: 7, 79, 56
Box: 20, 6, 2
Box: 5, 12, 8
Box: 14, 14, 5
Box: 66, 37, 9
Box: 66, 79, 6
Box: 13, 12, 5
Box: 66, 10, 151
Box: 8, 28, 7
Box: 8, 79, 53
Box: 10, 8, 16
Box: 37, 76, 48
Box: 2, 45, 7
Box: 3, 79, 29
Box: 20, 79, 8
Box: 53, 31, 151
Box: 12, 79, 2
Box: 19, 79, 5
Box: 66, 79, 39
Box: 10, 8, 23
Box: 12, 24, 22
Box: 2, 2, 7
Box: 6, 79, 39
Box: 4, 4, 8
Box: 3, 2, 59
Box: 32, 26, 16
Box: 7, 17, 39
Box: 66, 79, 24
Box: 66, 79, 2
Box: 2, 79, 22
Box: 5, 79, 4
Box: 19, 79, 26
Box: 13, 9, 183
Box: 66, 2, 76
Box: 39, 17, 7
Box: 9, 48, 17
Box: 11, 30, 30
Box: 66, 7, 3
Box: 5, 26, 5
Box: 2, 45, 3
Box: 66, 16, 35
Box: 2, 4, 26
Box: 12, 79, 9
Box: 4, 18, 30
Box: 46, 79, 12
Box: 66, 6, 106
Box: 19, 79, 7
Box: 11, 5, 48
Box: 66, 79, 45
Box: 17, 79, 20
Box: 66, 15, 32
Box: 66, 28, 15
Box: 2, 7, 2
Box: 66, 20, 41
Box: 7, 79, 84
Box: 66, 14, 27
Box: 12, 79, 4
Box: 11, 9, 95
Box: 27, 58, 21
Box: 11, 14, 14
Box: 31, 79, 10
Box: 26, 31, 52
Box: 66, 3, 25
Box: 18, 3, 24
Box: 66, 5, 17
Box: 3, 10, 4
Box: 39, 18, 7
Box: 13, 10, 64
Box: 66, 19, 6
Box: 26, 26, 13
Box: 4, 5, 20
Box: 12, 79, 30
Box: 66, 15, 12
Box: 13, 5, 237
Box: 3, 45, 204
Box: 36, 79, 12
Box: 66, 79, 3
Box: 34, 79, 2
Box: 6, 79, 22
Box: 13, 6, 3
Box: 10, 2, 2
Box: 11, 14, 2
Box: 3, 9, 12
Box: 3, 11, 5
Box: 19, 37, 22
Box: 15, 79, 4
Box: 66, 79, 25
Box: 33, 12, 11
Box: 2, 21, 84
Box: 66, 20, 5
Box: 2, 13, 23
Box: 66, 79, 29
Box: 5, 3, 37
Box: 23, 5, 13
Box: 66, 79, 34
Box: 3, 7, 2
Box: 13, 33, 12
Box: 66, 16, 7
Box: 30, 79, 2
Box: 3, 9, 95
Box: 26, 26, 39
Box: 14, 79, 63
Box: 5, 3, 237
Box: 4, 28, 24
Box: 5, 7, 41
Box: 5, 79, 10
Box: 14, 4, 26
Box: 66, 9, 3
Box: 3, 79, 154
Box: 3, 35, 8
Box: 13, 4, 23
Box: 16, 8, 3
Box: 66, 36, 7
Box: 66, 79, 14
Box: 13, 31, 102
Box: 17, 79, 48
Box: 7, 51, 39
Box: 5, 12, 6
Box: 53, 8, 35
Box: 19, 79, 19
Box: 66, 5, 16
Box: 19, 28, 134
Box: 16, 79, 24
Box: 9, 33, 36
Box: 19, 10, 12
Box: 3, 9, 47
Box: 12, 19, 12
Box: 2, 4, 15
Box: 19, 32, 68
Box: 66, 15, 17
Box: 16, 19, 3
Box: 9, 23, 7
Box: 13, 9, 20
Box: 6, 79, 3
Box: 66, 15, 4
Box: 66, 8, 4
Box: 66, 20, 22
Box: 20, 11, 2
Box: 66, 47, 11
Box: 5, 6, 25
Box: 7, 32, 21
Box: 29, 37, 16
Box: 2, 2, 5
Box: 3, 9, 95
Box: 6, 32, 237
Box: 20, 34, 18
Box: 9, 34, 30
Box: 10, 79, 4
Box: 26, 4, 9
Box: 25, 79, 237
Box: 29, 79, 14
Box: 9, 5, 7
Box: 66, 13, 9
Box: 12, 52, 9
Box: 3, 79, 2
Box: 3, 53, 12
Box: 6, 79, 12
Box: 11, 11, 20
Box: 19, 33, 39
Box: 5, 8, 5
Box: 17, 8, 24
Box: 5, 10, 13
Box: 10, 11, 15
Box: 7, 20, 9
Box: 10, 6, 2
Box: 39, 8, 7
Box: 7, 41, 21
Box: 43, 36, 64
Box: 66, 4, 59
Box: 5, 3, 7
Box: 27, 36, 14
Box: 43, 17, 2
Box: 66, 53, 2
Box: 66, 10, 26
Box: 9, 2, 23
Box: 66, 9, 185
Box: 6, 7, 2
Box: 66, 79, 24
Box: 16, 11, 64
Box: 40, 3, 10
Box: 66, 79, 13
Box: 18, 6, 14
Box: 4, 3, 7
Box: 66, 12, 5
Box: 66, 12, 5
Box: 50, 16, 4
Box: 20, 5, 2
Box: 5, 7, 62
Box: 11, 28, 35
Box: 66, 42, 23
Box: 9, 3, 36
Box: 7, 32, 237
Box: 39, 37, 41
Box: 61, 79, 5
Box: 66, 10, 2
Box: 12, 18, 17
Box: 43, 12, 2
Box: 25, 79, 4
Box: 19, 5, 20
Box: 21, 3, 24
Box: 4, 18, 41
Box: 66, 3, 3
Box: 2, 4, 3
Box: 2, 79, 35
Box: 5, 19, 26
Box: 3, 4, 9
Box: 12, 5, 20
Box: 12, 22, 80
Box: 19, 79, 25
Box: 8, 79, 37
Box: 9, 2, 172
Box: 15, 79, 61
Box: 66, 2, 13
Box: 3, 11, 15
Box: 15, 79, 35
Box: 66, 20, 3
Box: 66, 33, 11
Box: 15, 79, 7
Box: 2, 43, 24
Box: 5, 10, 237
Box: 39, 37, 5
Box: 66, 48, 45
Box: 66, 9, 5
Box: 2, 18, 41
Box: 26, 21, 102
Box: 4, 7, 23
Box: 22, 79, 45
Box: 3, 10, 14
Box: 3, 3, 14
Box: 18, 79, 14
Box: 8, 11, 11
Box: 2, 79, 13
Box: 18, 22, 15
Box: 5, 6, 2
Box: 66, 79, 58
Box: 10, 9, 3
Box: 66, 3, 9
Box: 66, 79, 28
Box: 4, 79, 37
Box: 66, 79, 83
Box: 9, 79, 12
Box: 15, 2, 38
Box: 7, 8, 2
Box: 9, 5, 237
Box: 16, 57, 48
Box: 31, 79, 24
Box: 5, 6, 12
Box: 5, 9, 12
Box: 16, 57, 25
Box: 10, 4, 19
Box: 17, 79, 4
Box: 66, 79, 3
Box: 18, 6, 14
Box: 66, 20, 65
Box: 6, 3, 57
Box: 10, 79, 13
Box: 27, 5, 29
Box: 21, 11, 28
Box: 66, 79, 100
Box: 66, 79, 39
Box: 16, 36, 20
Box: 3, 11, 18
Box: 24, 79, 69
Box: 66, 79, 3
Box: 11, 14, 2
Box: 23, 36, 74
Box: 18, 79, 38
Box: 2, 2, 5
Box: 14, 36, 55
Box: 28, 79, 10
Box: 14, 31, 10
Box: 19, 47, 43
Box: 5, 7, 37
Box: 2, 5, 20
Box: 28, 79, 136
Box: 53, 8, 56
Box: 21, 17, 24
Box: 66, 8, 5
Box: 5, 6, 20
Box: 66, 22, 40
Box: 31, 18, 7
Box: 66, 58, 21
Box: 12, 11, 7
Box: 40, 19, 16
Box: 66, 79, 7
Box: 13, 18, 4
Box: 66, 14, 41
Box: 19, 11, 7
Box: 5, 79, 14
Box: 25, 79, 10
Box: 17, 24, 237
Box: 66, 4, 26
Box: 2, 29, 32
Box: 66, 79, 5
Box: 19, 2, 39
Box: 4, 23, 26
Box: 8, 79, 3
Box: 20, 79, 37
Box: 66, 28, 24
Box: 17, 5, 17
Box: 66, 11, 61
Box: 2, 2, 7
Box: 66, 13, 14
Box: 31, 79, 26
Box: 66, 8, 148
Box: 66, 79, 45
Box: 23, 2, 7
Box: 20, 79, 50
Box: 5, 6, 3
Box: 28, 79, 4
Box: 21, 79, 3
Box: 9, 2, 12
Box: 10, 13, 37
Box: 10, 5, 5
Box: 66, 18, 196
Box: 66, 13, 2
Box: 66, 79, 3
Box: 66, 7, 15
Box: 66, 4, 5
Box: 14, 7, 41
Box: 2, 3, 40
Box: 66, 11, 40
Box: 9, 79, 12
Box: 39, 26, 108
Box: 66, 20, 11
Box: 2, 3, 18
Box: 66, 79, 13
Box: 18, 79, 19
Box: 33, 4, 11
Box: 40, 10, 4
Box: 5, 17, 37
Box: 66, 33, 7
Box: 12, 13, 47
Box: 19, 23, 50
Box: 18, 79, 16
Box: 16, 26, 9
Box: 15, 3, 38
Box: 26, 9, 8
Box: 5, 79, 125
Box: 5, 11, 13
Box: 66, 26, 2
Box: 15, 9, 5
Box: 3, 79, 29
Box: 14, 36, 3
Box: 66, 4, 237
Box: 13, 7, 23
Box: 66, 79, 16
Box: 12, 16, 12
Box: 66, 33, 112
Box: 66, 11, 20
Box: 12, 24, 70
Box: 15, 3, 151
Box: 66, 2, 12
Box: 39, 37, 17
Box: 15, 36, 39
Box: 66, 4, 237
Box: 2, 12, 10
Box: 8, 16, 23
Box: 2, 2, 47
Box: 66, 28, 54
Box: 10, 37, 11
Box: 66, 23, 176
Box: 16, 57, 14
Box: 5, 16, 3
Box: 3, 79, 6
Box: 27, 13, 14
Box: 39, 48, 14
Box: 17, 79, 8
Box: 8, 79, 10
Box: 18, 40, 24
Box: 66, 79, 37
Box: 13, 79, 2
Box: 27, 3, 14
Box: 66, 79, 31
Box: 66, 79, 34
Box: 10, 11, 2
Box: 66, 13, 44
Box: 5, 10, 86
Box: 66, 29, 15
Box: 19, 79, 237
Box: 13, 79, 58
Box: 11, 79, 237
Box: 15, 9, 11
Box: 6, 20, 4
Box: 11, 79, 41
Box: 66, 79, 4
Box: 12, 52, 16
Box: 9, 2, 2
Box: 13, 19, 3
Box: 47, 2, 5
Box: 3, 37, 3
Box: 9, 12, 36
Box: 16, 22, 237
Box: 20, 79, 40
Box: 66, 79, 28
Box: 11, 30, 25
Box: 47, 11, 13
Box: 7, 18, 41
Box: 17, 13, 24
Box: 20, 9, 8
Box: 3, 19, 48
Box: 2, 29, 237
Box: 19, 20, 134
Box: 26, 11, 2
Box: 64, 4, 36
Box: 15, 41, 33
Box: 15, 36, 52
Box: 66, 20, 30
Box: 37, 79, 3
Box: 5, 12, 20
Box: 23, 79, 37
Box: 8, 32, 102
Box: 18, 40, 9
Box: 11, 41, 33
Box: 35, 28, 24
Box: 11, 79, 10
Box: 12, 8, 47
Box: 9, 2, 14
Box: 16, 3, 37
Box: 34, 79, 6
Box: 6, 16, 23
Box: 11, 28, 82
Box: 24, 79, 39
Box: 66, 9, 83
Box: 66, 12, 16
Box: 66, 6, 123
Box: 8, 13, 2
Box: 53, 14, 183
Box: 2, 4, 7
Box: 11, 2, 15
Box: 3, 37, 21
Box: 33, 11, 174
Box: 8, 4, 19
Box: 6, 79, 30
Box: 66, 4, 8
Box: 13, 12, 102
Box: 29, 79, 60
Box: 14, 79, 24
Box: 9, 2, 11
Box: 29, 79, 20
Box: 5, 28, 60
Box: 13, 46, 20
Box: 66, 3, 35
Box: 6, 79, 237
Box: 9, 3, 237
Box: 2, 8, 23
Box: 2, 12, 3
Box: 12, 24, 56
Box: 5, 32, 237
Box: 11, 15, 39
Box: 24, 79, 7
Box: 3, 21, 16
Box: 11, 16, 3
Box: 66, 79, 26
Box: 3, 11, 12
Box: 19, 10, 15
Box: 33, 79, 4
Box: 2, 5, 20
Box: 66, 13, 15
Box: 5, 29, 39
Box: 8, 6, 51
Box: 56, 79, 19
Box: 6, 6, 14
Box: 16, 15, 3
Box: 4, 79, 2
Box: 3, 23, 38
Box: 5, 13, 27
Box: 12, 11, 28
Box: 66, 22, 5
Box: 13, 3, 69
Box: 66, 65, 27
Box: 32, 79, 20
Box: 14, 36, 10
Box: 39, 10, 20
Box: 16, 34, 59
Box: 28, 32, 7
Box: 23, 5, 6
Box: 7, 10, 9
Box: 64, 4, 4
Box: 66, 2, 26
Box: 20, 5, 3
Box: 13, 20, 64
Box: 66, 33, 18
Box: 20, 21, 21
Box: 66, 79, 46
Box: 4, 79, 214
Box: 3, 11, 11
Box: 57, 9, 7
Box: 53, 31, 183
Box: 11, 4, 48
Box: 3, 24, 4
Box: 66, 2, 5
Box: 3, 27, 30
Box: 16, 36, 31
Box: 12, 24, 17
Box: 17, 21, 16
Box: 3, 11, 4
Box: 14, 79, 56
Box: 4, 16, 23
Box: 20, 5, 23
Box: 16, 79, 77
Box: 34, 15, 66
Box: 14, 14, 2
Box: 66, 18, 35
Box: 13, 79, 4
Box: 2, 3, 3
Box: 21, 15, 15
Box: 10, 5, 5
Box: 3, 11, 5
Box: 11, 79, 14
Box: 64, 4, 59
Box: 16, 37, 6
Box: 53, 5, 183
Box: 6, 46, 15
Box: 21, 79, 109
Box: 13, 79, 176
Box: 9, 23, 12
Box: 14, 79, 4
Box: 66, 9, 21
Box: 66, 11, 6
Box: 66, 53, 61
Box: 7, 4, 26
Box: 12, 12, 7
Box: 4, 79, 44
Box: 49, 79, 11
Box: 66, 79, 21
Box: 23, 20, 15
Box: 45, 15, 15
Box: 14, 5, 5
Box: 11, 13, 69
Box: 36, 3, 108
Box: 10, 3, 18
Box: 66, 20, 15
Box: 3, 9, 5
Box: 66, 79, 17
Box: 9, 34, 77
Box: 17, 79, 39
Box: 3, 14, 11
Box: 2, 24, 4
Box: 6, 79, 49
Box: 66, 15, 3
Box: 66, 5, 237
Box: 66, 79, 12
Box: 15, 79, 237
Box: 26, 79, 69
Box: 11, 79, 12
Box: 10, 9, 5
Box: 66, 2, 98
Box: 19, 37, 20
Box: 40, 79, 151
Box: 66, 33, 3
Box: 16, 79, 3
Box: 13, 36, 170
Box: 5, 2, 5
Box: 9, 21, 4
Box: 66, 79, 7
Box: 66, 20, 34
Box: 66, 7, 21
Box: 16, 32, 17
Box: 8, 15, 102
Box: 66, 74, 2
Box: 18, 79, 8
Box: 12, 24, 32
Box: 2, 11, 43
Box: 26, 16, 52
Box: 16, 23, 38
Box: 11, 11, 3
Box: 4, 9, 5
Box: 21, 56, 12
Box: 8, 47, 51
Box: 9, 4, 15
Box: 66, 15, 7
Box: 40, 79, 5
Box: 8, 71, 10
Box: 66, 79, 20
Box: 23, 5, 91
Box: 19, 79, 2
Box: 17, 18, 3
Box: 66, 79, 138
Box: 28, 36, 14
Box: 2, 15, 26
Box: 32, 3, 3
Box: 4, 79, 3
Box: 26, 4, 5
Box: 4, 33, 9
Box: 66, 36, 38
Box: 66, 7, 5
Box: 4, 4, 26
Box: 19, 79, 51
Box: 12, 14, 47
Box: 24, 34, 59
Box: 66, 11, 14
Box: 19, 79, 4
Box: 44, 5, 237
Box: 16, 17, 54
Box: 13, 21, 38
Box: 64, 4, 34
Box: 3, 36, 2
Box: 8, 19, 34
Box: 66, 25, 103
Box: 2, 11, 11
Box: 66, 4, 194
Box: 10, 2, 37
Box: 5, 9, 12
Box: 40, 9, 8
Box: 12, 24, 4
Box: 6, 79, 133
Box: 10, 3, 3
Box: 66, 13, 17
Box: 32, 53, 16
Box: 66, 2, 106
Box: 2, 2, 14
Box: 2, 79, 32
Box: 66, 9, 14
Box: 66, 7, 16
Box: 34, 79, 9
Box: 66, 79, 79
Box: 66, 16, 14
Box: 2, 15, 81
Box: 64, 4, 42
Box: 5, 2, 2
Box: 10, 7, 41
Box: 30, 79, 7
Box: 2, 22, 29
Box: 29, 79, 20
Box: 66, 79, 2
Box: 15, 79, 200
Box: 38, 13, 9
Box: 43, 79, 22
Box: 66, 79, 119
Box: 13, 19, 24
Box: 10, 29, 2
Box: 5, 19, 5
Box: 6, 79, 38
Box: 16, 7, 3
Box: 5, 79, 19
Box: 11, 7, 23
Box: 16, 37, 3
Box: 7, 79, 10
Box: 64, 4, 53
Box: 66, 11, 36
Box: 66, 28, 28
Box: 16, 79, 4
Box: 7, 79, 48
Box: 66, 8, 26
Box: 66, 79, 27
Box: 66, 79, 5
Box: 66, 3, 126
Box: 2, 21, 43
Box: 66, 8, 112
Box: 64, 18, 23
Box: 6, 28, 23
Box: 18, 79, 15
Box: 66, 44, 20
Box: 7, 79, 5
Box: 7, 79, 17
Box: 66, 9, 7
Box: 29, 37, 35
Box: 3, 8, 23
Box: 10, 10, 18
Box: 66, 15, 49
Box: 13, 2, 4
Box: 24, 20, 15
Box: 7, 9, 20
Box: 3, 24, 4
Box: 4, 79, 3
Box: 3, 9, 2
Box: 66, 15, 61
Box: 66, 3, 9
Box: 5, 79, 52
Box: 66, 36, 33
Box: 11, 37, 73
Box: 66, 36, 20
Box: 15, 9, 38
Box: 3, 79, 29
Box: 5, 8, 12
Box: 66, 3, 26
Box: 66, 7, 35
Box: 11, 12, 15
Box: 66, 11, 151
Box: 19, 79, 52
Box: 39, 5, 20
Box: 66, 4, 12
Box: 12, 2, 12
Box: 18, 2, 15
Box: 66, 18, 2
Box: 66, 3, 13
Box: 3, 8, 4
Box: 8, 43, 144
Box: 5, 2, 2
Box: 66, 7, 5
Box: 34, 79, 21
Box: 66, 79, 13
Box: 66, 23, 36
Box: 36, 79, 10
Box: 24, 28, 7
Box: 29, 79, 24
Box: 66, 79, 4
Box: 6, 4, 32
Box: 4, 25, 45
Box: 20, 79, 31
Box: 2, 2, 18
Box: 13, 18, 2
Box: 2, 15, 62
Box: 6, 30, 32
Box: 7, 68, 15
Box: 5, 44, 37
Box: 2, 79, 10
Box: 21, 79, 136
Box: 66, 63, 142
Box: 2, 18, 24
Box: 30, 28, 23
Box: 64, 4, 37
Box: 12, 10, 12
Box: 10, 9, 18
Box: 12, 12, 52
Box: 2, 30, 9
Box: 3, 19, 15
Box: 12, 36, 3
Box: 10, 9, 2
Box: 28, 73, 6
Box: 15, 54, 26
Box: 14, 36, 92
Box: 50, 26, 4
Box: 2, 18, 41
Box: 4, 79, 20
Box: 23, 24, 12
Box: 11, 11, 5
Box: 37, 46, 53
Box: 66, 79, 4
Box: 29, 79, 76
Box: 5, 12, 33
Box: 29, 79, 24
Box: 49, 79, 35
Box: 19, 8, 43
Box: 66, 37, 6
Box: 35, 14, 69
Box: 4, 19, 26
Box: 3, 3, 151
Box: 43, 19, 26
Box: 20, 23, 8
Box: 66, 36, 22
Box: 66, 12, 40
Box: 21, 32, 101
Box: 66, 79, 10
Box: 9, 2, 9
Box: 2, 3, 7
Box: 15, 9, 27
Box: 4, 36, 92
Box: 17, 79, 12
Box: 14, 79, 52
Box: 10, 22, 37
Box: 10, 3, 3
Box: 12, 43, 63
Box: 23, 4, 4
Box: 66, 33, 2
Box: 16, 5, 54
Box: 4, 23, 38
Box: 16, 36, 2
Box: 2, 79, 30
Box: 4, 18, 2
Box: 66, 11, 151
Box: 8, 79, 37
Box: 5, 2, 62
Box: 53, 79, 7
Box: 3, 6, 59
Box: 66, 79, 3
Box: 3, 52, 30
Box: 66, 49, 68
Box: 66, 4, 8
Box: 6, 79, 2
Box: 2, 6, 12
Box: 66, 79, 55
Box: 9, 11, 11
Box: 2, 3, 18
Box: 13, 19, 8
Box: 66, 5, 3
Box: 24, 79, 3
Box: 34, 79, 39
Box: 4, 17, 5
Box: 11, 79, 59
Box: 15, 4, 4
Box: 4, 36, 64
Box: 13, 18, 4
Box: 10, 79, 2
Box: 8, 5, 20
Box: 7, 79, 3
Box: 3, 34, 5
Box: 4, 4, 26
Box: 2, 79, 34
Box: 66, 79, 7
Box: 5, 79, 10
Box: 9, 5, 5
Box: 17, 7, 17
Box: 30, 22, 29
Box: 3, 3, 108
Box: 66, 79, 6
Box: 22, 5, 43
Box: 35, 21, 38
Box: 20, 11, 2
Box: 12, 8, 2
Box: 66, 79, 2
Box: 66, 33, 58
Box: 39, 37, 5
Box: 17, 18, 2
Box: 4, 33, 2
Box: 66, 67, 5
Box: 6, 12, 2
Box: 4, 23, 3
Box: 4, 79, 6
Box: 21, 59, 24
Box: 6, 54, 26
Box: 66, 11, 64
Box: 21, 13, 27
Box: 13, 43, 12
Box: 9, 79, 3
Box: 66, 79, 9
Box: 39, 13, 14
Box: 2, 30, 67
Box: 19, 4, 134
Box: 66, 33, 4
Box: 5, 5, 2
Box: 66, 36, 135
Box: 30, 28, 23
Box: 13, 36, 92
Box: 20, 6, 14
Box: 9, 79, 2
Box: 66, 17, 9
Box: 66, 15, 73
Box: 11, 79, 11
Box: 11, 79, 30
Box: 25, 5, 108
Box: 26, 19, 44
Box: 4, 79, 3
Box: 9, 28, 24
Box: 2, 2, 15
Box: 12, 24, 21
Box: 2, 14, 2
Box: 8, 14, 11
Box: 66, 79, 3
Box: 20, 5, 4
Box: 17, 18, 2
Box: 66, 79, 66
Box: 2, 10, 43
Box: 3, 13, 14
Box: 29, 79, 57
Box: 5, 4, 7
Box: 66, 12, 69
Box: 15, 9, 5
Box: 43, 79, 128
Box: 3, 45, 33
Box: 66, 79, 12
Box: 66, 35, 14
Box: 48, 40, 9
Box: 19, 10, 6
Box: 19, 37, 4
Box: 7, 13, 9
Box: 6, 5, 5
Box: 10, 79, 12
Box: 42, 79, 29
Box: 66, 79, 61
Box: 40, 3, 12
Box: 18, 11, 2
Box: 66, 9, 52
Box: 34, 79, 51
Box: 10, 7, 37
Box: 2, 6, 2
Box: 15, 4, 28
Box: 9, 23, 21
Box: 18, 56, 39
Box: 66, 5, 53
Box: 6, 14, 20
Box: 19, 79, 102
Box: 17, 13, 17
Box: 4, 23, 2
Box: 31, 37, 21
Box: 18, 15, 10
Box: 2, 10, 102
Box: 3, 41, 4
Box: 5, 9, 237
Box: 15, 79, 51
Box: 3, 2, 237
Box: 7, 17, 38
Box: 66, 79, 12
Box: 18, 8, 23
Box: 3, 25, 7
Box: 7, 79, 237
Box: 31, 79, 104
Box: 13, 19, 27
Box: 4, 79, 14
Box: 53, 52, 44
Box: 7, 79, 4
Box: 5, 32, 92
Box: 6, 18, 15
Box: 66, 19, 35
Box: 33, 19, 52
Box: 5, 4, 26
Box: 2, 4, 9
Box: 10, 17, 5
Box: 66, 16, 41
Box: 20, 15, 39
Box: 59, 4, 51
Box: 5, 43, 12
Box: 5, 79, 2
Box: 7, 37, 21
Box: 19, 79, 13
Box: 66, 20, 3
Box: 66, 4, 106
Box: 12, 4, 63
Box: 16, 3, 54
Box: 66, 79, 20
Box: 9, 5, 7
Box: 14, 79, 45
Box: 66, 13, 34
Box: 18, 22, 15
Box: 7, 79, 5
Box: 66, 79, 11
Box: 66, 3, 237
Box: 18, 15, 11
Box: 17, 79, 35
Box: 20, 34, 30
Box: 7, 79, 12
Box: 12, 24, 8
Box: 66, 10, 7
Box: 5, 4, 19
Box: 66, 2, 9
Box: 12, 23, 38
Box: 66, 79, 34
Box: 6, 9, 32
Box: 21, 60, 52
Box: 25, 79, 52
Box: 40, 8, 7
Box: 66, 79, 81
Box: 3, 11, 32
Box: 28, 32, 142
Box: 38, 79, 129
Box: 26, 2, 52
Box: 12, 8, 12
Box: 15, 19, 16
Box: 2, 79, 28
Box: 66, 18, 31
Box: 3, 8, 2
Box: 8, 9, 102
Box: 14, 36, 7
Box: 5, 23, 49
Box: 66, 13, 80
Box: 66, 15, 32
Box: 66, 79, 7
Box: 10, 8, 8
Box: 19, 10, 20
Box: 11, 79, 26
Box: 27, 79, 10
Box: 3, 11, 3
Box: 2, 45, 36
Box: 7, 15, 9
Box: 6, 79, 7
Box: 25, 79, 12
Box: 66, 29, 5
Box: 3, 19, 28
Box: 17, 2, 17
Box: 20, 4, 2
Box: 66, 11, 41
Box: 66, 73, 22
Box: 66, 32, 59
Box: 3, 30, 7
Box: 66, 33, 33
Box: 5, 19, 62
Box: 66, 79, 19
Box: 10, 43, 31
Box: 2, 6, 237
Box: 13, 19, 3
Box: 2, 15, 49
Box: 12, 22, 157
Box: 66, 8, 8
Box: 21, 9, 22
Box: 10, 5, 2
Box: 23, 36, 8
Box: 66, 79, 6
Box: 9, 4, 23
Box: 12, 52, 42
Box: 18, 79, 122
Box: 18, 11, 13
Box: 2, 79, 52
Box: 4, 79, 63
Box: 66, 8, 4
Box: 20, 79, 30
Box: 66, 79, 39
Box: 66, 79, 3
Box: 55, 79, 5
Box: 22, 35, 221
Box: 2, 15, 102
Box: 2, 79, 3
Box: 2, 15, 24
Box: 66, 33, 10
Box: 3, 10, 22
Box: 11, 11, 3
Box: 66, 20, 41
Box: 66, 11, 5
Box: 16, 37, 7
Box: 53, 33, 12
Box: 66, 79, 23
Box: 2, 21, 9
Box: 66, 79, 65
Box: 14, 14, 3
Box: 6, 11, 32
Box: 12, 7, 23
Box: 10, 3, 41
Box: 13, 4, 26
Box: 7, 30, 7
Box: 16, 15, 69
Box: 7, 36, 92
Box: 66, 8, 7
Box: 13, 28, 3
Box: 66, 6, 40
Box: 57, 79, 4
Box: 4, 50, 45
Box: 23, 79, 3
Box: 2, 2, 22
Box: 16, 22, 37
Box: 5, 34, 2
Box: 25, 37, 21
Box: 13, 12, 3
Box: 10, 37, 10
Box: 12, 35, 7
Box: 43, 33, 2
Box: 4, 79, 20
Box: 20, 18, 4
Box: 2, 13, 2
Box: 16, 11, 64
Box: 3, 34, 59
Box: 10, 4, 18
Box: 9, 16, 7
Box: 54, 14, 20
Box: 66, 47, 9
Box: 21, 18, 237
Box: 4, 79, 8
Box: 66, 79, 107
Box: 6, 79, 20
Box: 16, 6, 64
Box: 66, 48, 86
Box: 3, 29, 12
Box: 18, 12, 5
Box: 16, 36, 50
####################
#Expected Output: 56
#Number of Bins: 56.
