Bin: 64, 162, 126
Box: 22, 31, 6
Box: 3, 10, 29
Box: 17, 6, 3
Box: 64, 30, 9
Box: 64, 60, 10
Box: 18, 17, 39
Box: 64, 133, 51
Box: 17, 162, 32
Box: 6, 15, 9
Box: 64, 17, 7
Box: 64, 56, 51
Box: 4, 2, 5
Box: 64, 12, 126
Box: 7, 33, 6
Box: 14, 6, 66
Box: 2, 106, 19
Box: 27, 4, 10
Box: 3, 2, 26
Box: 41, 32, 8
Box: 31, 7, 21
Box: 16, 9, 7
Box: 21, 14, 5
Box: 15, 20, 4
Box: 64, 26, 14
Box: 30, 37, 42
Box: 11, 71, 36
Box: 13, 36, 45
Box: 2, 22, 6
Box: 64, 126, 15
Box: 11, 20, 32
Box: 64, 6, 3
Box: 64, 20, 126
Box: 6, 2, 65
Box: 64, 6, 12
Box: 23, 44, 60
Box: 17, 23, 36
Box: 31, 19, 3
Box: 2, 21, 51
Box: 7, 6, 19
Box: 26, 8, 5
Box: 6, 2, 5
Box: 5, 26, 6
Box: 33, 18, 7
Box: 6, 59, 46
Box: 64, 8, 24
Box: 8, 162, 126
Box: 64, 16, 31
Box: 64, 8, 3
Box: 64, 18, 27
Box: 3, 8, 9
Box: 64, 44, 26
Box: 9, 3, 4
Box: 18, 6, 4
Box: 14, 6, 3
Box: 2, 28, 114
Box: 15, 5, 3
Box: 13, 2, 4
Box: 2, 4, 18
Box: 37, 18, 24
Box: 28, 79, 20
Box: 16, 55, 3
Box: 64, 7, 16
Box: 30, 21, 5
Box: 64, 6, 26
Box: 64, 26, 58
Box: 9, 10, 8
Box: 6, 2, 4
Box: 64, 71, 44
Box: 4, 24, 33
Box: 9, 10, 2
Box: 64, 37, 28
Box: 10, 7, 121
Box: 16, 12, 12
Box: 17, 6, 9
Box: 64, 44, 78
Box: 15, 43, 126
Box: 3, 15, 6
Box: 12, 25, 32
Box: 10, 26, 46
Box: 6, 2, 60
Box: 18, 10, 17
Box: 39, 113, 6
Box: 16, 36, 46
Box: 14, 8, 47
Box: 3, 27, 7
Box: 4, 65, 26
Box: 64, 162, 25
Box: 7, 14, 19
Box: 64, 27, 9
Box: 64, 8, 10
Box: 34, 26, 45
Box: 12, 5, 2
Box: 29, 26, 14
Box: 7, 44, 9
Box: 64, 4, 6
Box: 22, 12, 7
Box: 4, 10, 19
Box: 15, 5, 46
Box: 23, 162, 23
Box: 28, 4, 20
Box: 4, 8, 21
Box: 64, 25, 14
Box: 64, 104, 126
Box: 10, 14, 126
Box: 12, 6, 39
Box: 20, 44, 31
Box: 64, 8, 5
Box: 64, 71, 13
Box: 64, 5, 30
Box: 64, 67, 126
Box: 4, 16, 18
Box: 64, 6, 41
Box: 64, 4, 29
Box: 17, 34, 58
Box: 3, 14, 31
Box: 64, 13, 33
Box: 6, 30, 27
Box: 11, 116, 12
Box: 64, 4, 13
Box: 19, 5, 33
Box: 64, 162, 5
Box: 64, 13, 26
Box: 20, 4, 33
Box: 64, 61, 7
Box: 7, 5, 6
Box: 64, 67, 65
Box: 11, 25, 32
Box: 15, 15, 24
Box: 7, 12, 67
Box: 64, 29, 6
Box: 15, 40, 13
Box: 10, 40, 126
Box: 7, 16, 5
Box: 64, 6, 13
Box: 4, 28, 114
Box: 64, 162, 22
Box: 20, 33, 9
Box: 9, 2, 33
Box: 28, 4, 35
Box: 39, 19, 9
Box: 43, 51, 21
Box: 2, 14, 17
Box: 16, 76, 56
Box: 64, 67, 2
Box: 64, 17, 20
Box: 19, 16, 51
Box: 20, 14, 2
Box: 9, 13, 13
Box: 34, 13, 22
Box: 8, 8, 126
Box: 2, 40, 16
Box: 3, 3, 47
Box: 7, 5, 3
Box: 9, 7, 16
Box: 17, 31, 25
Box: 34, 12, 40
Box: 6, 28, 126
Box: 15, 12, 126
Box: 64, 6, 17
Box: 2, 2, 4
Box: 26, 8, 2
Box: 53, 19, 22
Box: 4, 7, 27
Box: 3, 20, 26
Box: 64, 126, 21
Box: 30, 2, 2
Box: 20, 4, 12
Box: 9, 18, 9
Box: 18, 31, 19
Box: 11, 4, 126
Box: 5, 15, 9
Box: 64, 13, 29
Box: 64, 24, 20
Box: 22, 4, 6
Box: 6, 35, 53
Box: 13, 14, 17
Box: 5, 9, 8
Box: 31, 6, 5
Box: 17, 55, 16
Box: 64, 2, 58
Box: 6, 18, 14
Box: 64, 6, 126
Box: 3, 7, 25
Box: 30, 13, 17
Box: 3, 10, 51
Box: 3, 5, 4
Box: 4, 50, 126
Box: 4, 8, 5
Box: 2, 9, 28
Box: 64, 14, 13
Box: 38, 16, 14
Box: 22, 23, 11
Box: 10, 3, 10
Box: 64, 103, 3
Box: 9, 70, 45
Box: 9, 33, 126
Box: 64, 71, 21
Box: 64, 36, 19
Box: 8, 162, 126
Box: 64, 33, 18
Box: 19, 12, 63
Box: 14, 6, 11
Box: 64, 16, 34
Box: 49, 162, 12
Box: 8, 12, 12
Box: 64, 97, 94
Box: 16, 11, 4
Box: 27, 2, 5
Box: 64, 58, 8
Box: 45, 9, 6
Box: 4, 17, 77
Box: 2, 84, 32
Box: 28, 162, 4
Box: 6, 3, 49
Box: 4, 45, 17
Box: 3, 10, 17
Box: 64, 98, 7
Box: 64, 7, 51
Box: 64, 67, 5
Box: 12, 162, 126
Box: 64, 23, 13
Box: 3, 9, 7
Box: 13, 102, 126
Box: 6, 4, 5
Box: 64, 26, 36
Box: 4, 48, 17
Box: 10, 15, 63
Box: 11, 8, 5
Box: 12, 162, 32
Box: 7, 2, 4
Box: 7, 18, 13
Box: 22, 87, 13
Box: 21, 64, 126
Box: 3, 30, 4
Box: 27, 7, 12
Box: 8, 36, 126
Box: 3, 15, 5
Box: 9, 19, 55
Box: 10, 2, 3
Box: 64, 20, 126
Box: 10, 103, 126
Box: 3, 2, 26
Box: 5, 5, 19
Box: 64, 45, 65
Box: 50, 2, 21
Box: 4, 17, 11
Box: 22, 47, 7
Box: 64, 61, 8
Box: 4, 2, 3
Box: 64, 32, 7
Box: 3, 2, 6
Box: 9, 10, 2
Box: 5, 7, 5
Box: 6, 16, 16
Box: 7, 24, 31
Box: 8, 15, 22
Box: 4, 37, 11
Box: 19, 5, 19
Box: 64, 49, 5
Box: 5, 48, 13
Box: 64, 4, 32
Box: 64, 67, 126
Box: 64, 5, 32
Box: 32, 7, 19
Box: 50, 18, 10
Box: 10, 19, 14
Box: 10, 10, 3
Box: 7, 5, 17
Box: 4, 57, 32
Box: 9, 37, 126
Box: 3, 2, 6
Box: 30, 162, 17
Box: 32, 19, 19
Box: 9, 7, 16
Box: 64, 32, 12
Box: 62, 34, 11
Box: 5, 37, 8
Box: 31, 23, 12
Box: 64, 6, 58
Box: 20, 12, 4
Box: 64, 81, 86
Box: 6, 35, 12
Box: 4, 90, 11
Box: 6, 8, 6
Box: 18, 41, 126
Box: 64, 57, 13
Box: 5, 18, 126
Box: 18, 76, 56
Box: 64, 28, 2
Box: 13, 24, 22
Box: 64, 17, 6
Box: 15, 22, 126
Box: 64, 23, 41
Box: 2, 33, 3
Box: 26, 8, 43
Box: 27, 54, 55
Box: 64, 14, 34
Box: 64, 21, 6
Box: 2, 13, 12
Box: 14, 26, 126
Box: 10, 19, 2
Box: 64, 39, 10
Box: 35, 3, 48
Box: 64, 2, 121
Box: 5, 8, 53
Box: 9, 38, 126
Box: 40, 162, 5
Box: 6, 20, 30
Box: 7, 7, 34
Box: 4, 5, 18
Box: 5, 14, 16
Box: 5, 12, 41
Box: 64, 31, 18
Box: 64, 16, 126
Box: 12, 11, 8
Box: 3, 17, 23
Box: 64, 24, 43
Box: 64, 13, 3
Box: 13, 73, 9
Box: 62, 34, 27
Box: 6, 25, 32
Box: 7, 3, 23
Box: 34, 26, 7
Box: 4, 9, 4
Box: 39, 27, 20
Box: 15, 8, 126
Box: 24, 37, 56
Box: 3, 72, 7
Box: 14, 51, 33
Box: 3, 19, 13
Box: 3, 12, 7
Box: 6, 22, 11
Box: 21, 5, 10
Box: 12, 8, 31
Box: 64, 43, 11
Box: 9, 35, 126
Box: 4, 7, 53
Box: 64, 6, 4
Box: 6, 10, 4
Box: 33, 25, 126
Box: 27, 4, 13
Box: 43, 6, 17
Box: 64, 14, 121
Box: 5, 9, 59
Box: 7, 6, 23
Box: 64, 6, 48
Box: 31, 10, 61
Box: 64, 162, 25
Box: 2, 28, 13
Box: 6, 13, 9
Box: 64, 162, 98
Box: 10, 2, 26
Box: 10, 11, 69
Box: 64, 7, 12
Box: 46, 17, 56
Box: 64, 56, 5
Box: 5, 40, 13
Box: 20, 133, 11
Box: 64, 17, 6
Box: 12, 4, 2
Box: 3, 6, 17
Box: 12, 7, 5
Box: 64, 162, 36
Box: 2, 22, 12
Box: 7, 6, 9
Box: 64, 4, 14
Box: 24, 62, 126
Box: 13, 37, 126
Box: 2, 26, 126
Box: 2, 8, 10
Box: 10, 50, 5
Box: 7, 9, 126
Box: 7, 19, 6
Box: 5, 48, 6
Box: 2, 28, 15
Box: 64, 4, 23
Box: 16, 8, 21
Box: 37, 15, 17
Box: 10, 37, 3
Box: 64, 25, 15
Box: 22, 28, 126
Box: 2, 30, 6
Box: 7, 22, 37
Box: 64, 162, 11
Box: 4, 48, 26
Box: 64, 75, 12
Box: 10, 28, 16
Box: 4, 3, 3
Box: 32, 18, 4
Box: 8, 162, 7
Box: 7, 25, 67
Box: 64, 2, 126
Box: 7, 15, 36
Box: 10, 71, 36
Box: 27, 6, 25
Box: 64, 3, 126
Box: 5, 68, 3
Box: 18, 27, 14
Box: 37, 38, 25
Box: 10, 38, 31
Box: 11, 37, 52
Box: 26, 69, 126
Box: 13, 4, 126
Box: 8, 26, 9
Box: 10, 5, 110
Box: 32, 15, 5
Box: 2, 21, 7
Box: 26, 29, 69
Box: 28, 21, 24
Box: 64, 19, 2
Box: 2, 97, 8
Box: 60, 112, 126
Box: 15, 4, 4
Box: 16, 102, 126
Box: 14, 7, 53
Box: 18, 73, 2
Box: 10, 47, 33
Box: 26, 3, 33
Box: 64, 162, 32
Box: 64, 38, 126
Box: 64, 21, 40
Box: 13, 8, 4
Box: 9, 3, 30
Box: 64, 39, 56
Box: 19, 13, 63
Box: 2, 11, 31
Box: 64, 11, 41
Box: 32, 6, 8
Box: 38, 8, 3
Box: 3, 18, 17
Box: 4, 26, 35
Box: 39, 8, 121
Box: 38, 42, 27
Box: 7, 2, 6
Box: 64, 2, 23
Box: 64, 9, 41
Box: 2, 17, 25
Box: 23, 162, 126
Box: 64, 162, 28
Box: 8, 18, 21
Box: 11, 5, 9
Box: 35, 162, 40
Box: 4, 116, 19
Box: 9, 8, 2
Box: 33, 7, 37
Box: 8, 41, 126
Box: 64, 7, 69
Box: 15, 22, 3
Box: 11, 116, 21
Box: 28, 74, 19
Box: 13, 162, 17
Box: 24, 14, 31
Box: 62, 33, 8
Box: 5, 4, 4
Box: 17, 5, 13
Box: 3, 21, 29
Box: 64, 93, 22
Box: 64, 7, 126
Box: 15, 12, 13
Box: 7, 10, 61
Box: 64, 26, 19
Box: 64, 3, 22
Box: 22, 53, 19
Box: 6, 22, 3
Box: 64, 26, 7
Box: 34, 8, 58
Box: 28, 74, 7
Box: 3, 162, 126
Box: 31, 23, 12
Box: 31, 11, 52
Box: 6, 3, 26
Box: 7, 18, 22
Box: 42, 2, 104
Box: 25, 5, 10
Box: 64, 3, 14
Box: 8, 15, 126
Box: 64, 6, 39
Box: 33, 31, 126
Box: 11, 18, 39
Box: 9, 5, 51
Box: 64, 10, 9
Box: 9, 5, 110
Box: 64, 4, 35
Box: 35, 3, 45
Box: 10, 6, 48
Box: 7, 53, 4
Box: 64, 3, 121
Box: 64, 12, 2
Box: 7, 17, 5
Box: 3, 8, 21
Box: 9, 11, 33
Box: 21, 11, 126
Box: 6, 13, 74
Box: 5, 36, 126
Box: 64, 7, 40
Box: 25, 23, 91
Box: 30, 55, 5
Box: 15, 8, 15
Box: 48, 15, 69
Box: 21, 18, 13
Box: 26, 42, 26
Box: 15, 20, 32
Box: 4, 22, 8
Box: 12, 13, 28
Box: 7, 36, 36
Box: 20, 133, 18
Box: 13, 32, 13
Box: 18, 4, 9
Box: 64, 9, 26
Box: 15, 8, 21
Box: 64, 15, 17
Box: 2, 5, 63
Box: 9, 5, 9
Box: 64, 34, 6
Box: 64, 10, 12
Box: 4, 5, 3
Box: 64, 162, 30
Box: 26, 8, 2
Box: 28, 34, 5
Box: 5, 45, 59
Box: 6, 3, 13
Box: 7, 8, 5
Box: 30, 2, 32
Box: 5, 12, 38
Box: 17, 19, 11
Box: 3, 26, 3
Box: 9, 28, 11
Box: 64, 22, 9
Box: 8, 12, 77
Box: 30, 7, 17
Box: 5, 99, 30
Box: 64, 27, 7
Box: 19, 62, 27
Box: 38, 8, 36
Box: 2, 4, 17
Box: 11, 17, 10
Box: 64, 62, 30
Box: 13, 5, 126
Box: 57, 8, 126
Box: 24, 21, 126
Box: 64, 21, 82
Box: 64, 22, 3
Box: 38, 8, 14
Box: 36, 21, 2
Box: 15, 8, 13
Box: 2, 19, 7
Box: 7, 51, 39
Box: 8, 34, 58
Box: 19, 21, 8
Box: 64, 4, 126
Box: 19, 14, 4
Box: 6, 5, 5
Box: 64, 23, 9
Box: 2, 4, 34
Box: 22, 8, 31
Box: 10, 15, 69
Box: 20, 22, 9
Box: 4, 40, 13
Box: 64, 162, 16
Box: 64, 6, 3
Box: 64, 23, 14
Box: 35, 3, 48
Box: 17, 15, 4
Box: 12, 14, 48
Box: 64, 44, 18
Box: 4, 162, 126
Box: 18, 74, 118
Box: 21, 45, 8
Box: 2, 42, 46
Box: 8, 48, 126
Box: 64, 62, 51
Box: 11, 2, 14
Box: 31, 32, 31
Box: 15, 8, 80
Box: 64, 2, 5
Box: 64, 18, 13
Box: 64, 10, 3
Box: 5, 2, 17
Box: 6, 33, 9
Box: 24, 121, 8
Box: 9, 89, 45
Box: 64, 64, 11
Box: 11, 33, 35
Box: 2, 46, 34
Box: 18, 11, 64
Box: 11, 7, 13
Box: 4, 11, 8
Box: 64, 97, 36
Box: 7, 9, 8
Box: 15, 3, 3
Box: 62, 33, 19
Box: 6, 5, 13
Box: 64, 42, 12
Box: 64, 121, 39
Box: 17, 6, 3
Box: 2, 22, 6
Box: 27, 2, 95
Box: 15, 5, 69
Box: 64, 6, 34
Box: 64, 58, 24
Box: 31, 9, 81
Box: 64, 23, 12
Box: 64, 48, 82
Box: 20, 6, 32
Box: 7, 14, 81
Box: 64, 9, 14
Box: 64, 56, 88
Box: 4, 12, 6
Box: 53, 18, 39
Box: 20, 77, 8
Box: 64, 31, 35
Box: 10, 21, 20
Box: 20, 19, 7
Box: 17, 6, 2
Box: 15, 12, 126
Box: 11, 12, 12
Box: 5, 38, 126
Box: 10, 21, 18
Box: 64, 8, 5
Box: 2, 30, 40
Box: 15, 11, 126
Box: 7, 5, 19
Box: 6, 17, 17
Box: 11, 8, 2
Box: 64, 14, 4
Box: 21, 20, 126
Box: 64, 2, 99
Box: 14, 2, 6
Box: 21, 12, 4
Box: 8, 28, 22
Box: 7, 144, 13
Box: 4, 162, 126
Box: 64, 45, 41
Box: 20, 133, 2
Box: 15, 5, 15
Box: 15, 4, 16
Box: 25, 68, 15
Box: 10, 9, 17
Box: 64, 12, 5
Box: 64, 36, 13
Box: 13, 16, 18
Box: 7, 7, 2
Box: 9, 4, 33
Box: 12, 2, 126
Box: 16, 14, 17
Box: 10, 15, 45
Box: 7, 13, 9
Box: 9, 21, 29
Box: 5, 12, 59
Box: 54, 5, 2
Box: 43, 22, 11
Box: 64, 8, 7
Box: 47, 21, 12
Box: 12, 50, 4
Box: 8, 36, 126
Box: 27, 7, 28
Box: 64, 11, 6
Box: 2, 42, 126
Box: 40, 67, 36
Box: 3, 8, 121
Box: 9, 3, 3
Box: 64, 19, 56
Box: 4, 22, 22
Box: 4, 154, 126
Box: 15, 13, 3
Box: 3, 3, 6
Box: 8, 5, 12
Box: 3, 3, 15
Box: 11, 37, 3
Box: 36, 2, 18
Box: 26, 144, 13
Box: 42, 2, 20
Box: 30, 3, 5
Box: 6, 13, 60
Box: 64, 5, 9
Box: 7, 16, 8
Box: 64, 162, 20
Box: 64, 8, 5
Box: 3, 3, 20
Box: 64, 62, 46
Box: 64, 37, 38
Box: 3, 11, 12
Box: 4, 45, 30
Box: 8, 5, 9
Box: 7, 5, 15
Box: 47, 3, 54
Box: 10, 42, 26
Box: 18, 4, 16
Box: 2, 27, 20
Box: 15, 15, 36
Box: 20, 18, 14
Box: 6, 4, 4
Box: 16, 37, 3
Box: 19, 13, 5
Box: 37, 9, 4
Box: 28, 33, 126
Box: 20, 13, 8
Box: 64, 9, 3
Box: 15, 19, 88
Box: 64, 19, 2
Box: 64, 162, 27
Box: 33, 4, 46
Box: 64, 8, 120
Box: 64, 25, 29
Box: 2, 2, 63
Box: 43, 25, 8
Box: 2, 2, 21
Box: 14, 8, 2
Box: 64, 37, 4
Box: 8, 81, 4
Box: 64, 44, 126
Box: 2, 71, 33
Box: 4, 45, 4
Box: 4, 7, 22
Box: 10, 47, 36
Box: 10, 33, 126
Box: 2, 28, 22
Box: 39, 49, 14
Box: 64, 5, 18
Box: 7, 25, 23
Box: 64, 65, 7
Box: 24, 36, 36
Box: 13, 7, 4
Box: 64, 9, 39
Box: 7, 2, 6
Box: 10, 10, 10
Box: 64, 37, 66
Box: 16, 37, 5
Box: 15, 17, 126
Box: 2, 9, 7
Box: 15, 4, 3
Box: 64, 58, 18
Box: 45, 57, 8
Box: 3, 17, 2
Box: 9, 17, 16
Box: 64, 2, 17
Box: 7, 25, 19
Box: 18, 2, 3
Box: 8, 3, 26
Box: 64, 2, 126
Box: 8, 9, 26
Box: 28, 13, 12
Box: 64, 19, 19
Box: 64, 21, 12
Box: 26, 8, 126
Box: 6, 6, 2
Box: 6, 2, 126
Box: 64, 67, 6
Box: 5, 8, 43
Box: 4, 28, 5
Box: 13, 8, 4
Box: 13, 2, 4
Box: 12, 57, 63
Box: 64, 29, 51
Box: 64, 35, 4
Box: 20, 22, 16
Box: 64, 17, 3
Box: 25, 28, 22
Box: 14, 20, 9
Box: 8, 2, 6
Box: 64, 4, 126
Box: 64, 3, 126
Box: 4, 12, 20
Box: 11, 7, 47
Box: 33, 20, 126
Box: 64, 45, 2
Box: 64, 73, 9
Box: 7, 8, 43
Box: 64, 6, 21
Box: 7, 7, 8
Box: 10, 7, 126
Box: 64, 68, 126
Box: 6, 32, 51
Box: 6, 8, 21
Box: 8, 12, 9
Box: 4, 13, 9
Box: 64, 10, 20
Box: 4, 9, 11
Box: 6, 35, 2
Box: 31, 7, 37
Box: 3, 7, 5
Box: 34, 19, 16
Box: 17, 6, 3
Box: 10, 2, 4
Box: 15, 15, 126
Box: 6, 8, 5
Box: 8, 64, 77
Box: 2, 11, 7
Box: 18, 133, 126
Box: 44, 45, 17
Box: 39, 162, 6
Box: 5, 8, 21
Box: 64, 55, 69
Box: 17, 8, 11
Box: 16, 40, 10
Box: 31, 19, 5
Box: 64, 5, 5
Box: 34, 162, 2
Box: 6, 8, 10
Box: 64, 40, 126
Box: 25, 72, 7
Box: 8, 8, 41
Box: 16, 56, 6
Box: 4, 7, 50
Box: 24, 14, 126
Box: 64, 14, 14
Box: 64, 11, 126
Box: 32, 68, 15
Box: 24, 13, 36
Box: 64, 18, 126
Box: 10, 16, 2
Box: 41, 10, 12
Box: 18, 16, 17
Box: 18, 18, 24
Box: 44, 11, 12
Box: 41, 32, 2
Box: 13, 3, 20
Box: 14, 11, 12
Box: 3, 7, 18
Box: 64, 19, 2
Box: 16, 15, 28
Box: 64, 15, 37
Box: 6, 44, 2
Box: 9, 5, 102
Box: 5, 4, 2
Box: 8, 40, 17
Box: 28, 48, 2
Box: 36, 48, 72
Box: 18, 3, 78
Box: 44, 32, 104
Box: 59, 37, 34
Box: 64, 98, 7
Box: 2, 4, 4
Box: 11, 8, 10
Box: 23, 47, 36
Box: 25, 4, 11
Box: 5, 21, 86
Box: 5, 11, 34
Box: 2, 76, 56
Box: 6, 10, 6
Box: 2, 162, 31
Box: 10, 118, 126
Box: 35, 11, 23
Box: 5, 133, 126
Box: 57, 28, 126
Box: 13, 9, 11
Box: 64, 95, 126
Box: 3, 77, 32
Box: 3, 162, 22
Box: 3, 6, 6
Box: 64, 41, 21
Box: 64, 162, 69
Box: 18, 19, 50
Box: 64, 17, 41
Box: 25, 23, 35
Box: 12, 3, 49
Box: 7, 2, 7
Box: 64, 21, 11
Box: 56, 4, 37
Box: 17, 5, 126
Box: 19, 33, 7
Box: 3, 17, 8
Box: 20, 52, 9
Box: 4, 2, 2
Box: 64, 162, 4
Box: 13, 4, 9
Box: 5, 16, 10
Box: 13, 20, 8
Box: 64, 8, 6
Box: 64, 4, 21
Box: 10, 4, 26
Box: 64, 10, 44
Box: 2, 12, 20
Box: 64, 11, 66
Box: 64, 8, 6
Box: 4, 13, 13
Box: 64, 5, 14
Box: 5, 2, 6
Box: 64, 80, 43
Box: 5, 87, 71
Box: 4, 13, 3
Box: 64, 5, 12
Box: 64, 66, 22
Box: 2, 3, 41
Box: 6, 112, 56
Box: 64, 26, 6
Box: 64, 25, 20
Box: 64, 25, 2
Box: 64, 6, 3
Box: 64, 4, 59
Box: 31, 19, 2
Box: 34, 60, 16
Box: 8, 6, 9
Box: 64, 22, 56
Box: 18, 26, 9
Box: 2, 22, 126
Box: 64, 4, 26
Box: 16, 30, 126
Box: 5, 10, 57
Box: 8, 25, 9
Box: 64, 13, 126
Box: 7, 2, 18
Box: 64, 5, 27
Box: 9, 6, 75
Box: 64, 12, 126
Box: 13, 12, 7
Box: 6, 2, 4
Box: 6, 22, 37
Box: 64, 67, 45
Box: 44, 6, 29
Box: 64, 8, 29
Box: 64, 44, 126
Box: 5, 14, 7
Box: 64, 68, 15
Box: 64, 45, 13
Box: 34, 9, 58
Box: 2, 21, 3
Box: 19, 57, 126
Box: 64, 84, 7
Box: 3, 40, 13
Box: 21, 86, 13
Box: 20, 5, 12
Box: 5, 6, 3
Box: 64, 2, 9
Box: 40, 162, 26
Box: 11, 37, 16
Box: 64, 17, 42
Box: 4, 7, 42
Box: 34, 3, 7
Box: 11, 48, 17
Box: 64, 106, 8
Box: 64, 17, 13
Box: 2, 83, 5
Box: 13, 18, 32
Box: 64, 15, 12
Box: 64, 16, 30
Box: 24, 3, 45
Box: 8, 28, 8
Box: 2, 36, 5
Box: 10, 24, 63
Box: 14, 42, 26
Box: 22, 6, 3
Box: 64, 48, 41
Box: 35, 55, 45
Box: 17, 15, 126
Box: 3, 47, 36
Box: 2, 30, 5
Box: 43, 20, 8
Box: 17, 41, 36
Box: 64, 8, 32
Box: 64, 37, 14
Box: 64, 17, 13
Box: 22, 162, 77
Box: 5, 5, 9
Box: 3, 21, 126
Box: 13, 83, 126
Box: 14, 13, 74
Box: 20, 6, 4
Box: 10, 17, 16
Box: 37, 6, 4
Box: 3, 7, 8
Box: 12, 17, 2
Box: 64, 94, 8
Box: 3, 16, 4
Box: 57, 28, 126
Box: 2, 2, 3
Box: 8, 8, 31
Box: 35, 18, 51
Box: 64, 47, 26
Box: 24, 11, 115
Box: 64, 39, 43
Box: 3, 162, 12
Box: 3, 7, 9
Box: 49, 162, 3
Box: 14, 3, 36
Box: 64, 6, 75
Box: 22, 6, 4
Box: 64, 30, 9
Box: 7, 18, 33
Box: 3, 11, 35
Box: 64, 18, 36
Box: 32, 61, 8
Box: 3, 3, 8
Box: 7, 5, 35
Box: 64, 49, 16
Box: 20, 13, 28
Box: 11, 6, 32
Box: 64, 31, 7
Box: 3, 26, 49
Box: 8, 16, 9
Box: 64, 3, 32
Box: 64, 26, 11
Box: 64, 162, 11
Box: 5, 4, 2
Box: 64, 162, 5
Box: 6, 5, 17
Box: 64, 3, 34
Box: 4, 34, 18
Box: 15, 2, 126
Box: 4, 8, 126
Box: 4, 7, 6
Box: 15, 162, 5
Box: 64, 6, 2
Box: 20, 6, 12
Box: 16, 32, 38
Box: 64, 61, 11
Box: 2, 97, 45
Box: 44, 162, 12
Box: 15, 22, 11
Box: 64, 37, 3
Box: 9, 2, 3
Box: 5, 5, 74
Box: 14, 30, 126
Box: 5, 5, 48
Box: 8, 35, 8
Box: 9, 8, 33
Box: 21, 5, 12
Box: 64, 30, 109
Box: 4, 18, 3
Box: 5, 58, 6
Box: 42, 30, 18
Box: 5, 25, 2
Box: 64, 2, 12
Box: 64, 18, 126
Box: 5, 10, 126
Box: 15, 62, 126
Box: 5, 72, 7
Box: 64, 8, 23
Box: 5, 106, 4
Box: 64, 6, 31
Box: 64, 162, 3
Box: 28, 44, 10
Box: 3, 74, 26
Box: 64, 2, 5
Box: 64, 45, 11
Box: 64, 45, 7
Box: 6, 7, 21
Box: 64, 21, 9
Box: 64, 52, 126
Box: 2, 106, 4
Box: 64, 67, 7
Box: 20, 44, 25
Box: 35, 18, 36
Box: 6, 5, 114
Box: 30, 162, 13
Box: 9, 2, 53
Box: 19, 15, 9
Box: 64, 5, 18
Box: 64, 4, 7
Box: 64, 5, 2
Box: 64, 19, 57
Box: 15, 162, 126
Box: 64, 16, 51
Box: 3, 2, 19
Box: 4, 12, 13
Box: 64, 48, 54
Box: 62, 34, 15
Box: 24, 10, 9
Box: 64, 6, 2
Box: 64, 12, 6
Box: 64, 51, 16
Box: 32, 70, 10
Box: 7, 5, 7
Box: 64, 162, 12
Box: 4, 3, 3
Box: 6, 5, 22
Box: 7, 33, 6
Box: 2, 55, 4
Box: 5, 21, 92
Box: 9, 19, 18
Box: 6, 22, 17
Box: 21, 31, 49
Box: 8, 112, 56
Box: 5, 26, 19
Box: 64, 6, 21
Box: 13, 7, 5
Box: 64, 63, 97
Box: 64, 13, 5
Box: 27, 14, 126
Box: 21, 9, 13
Box: 21, 21, 5
Box: 64, 15, 89
Box: 64, 162, 19
Box: 7, 5, 55
Box: 15, 3, 126
Box: 13, 68, 66
Box: 18, 4, 2
Box: 6, 8, 9
Box: 9, 28, 8
Box: 17, 3, 11
Box: 10, 68, 26
Box: 7, 5, 8
Box: 64, 47, 3
Box: 8, 6, 39
Box: 16, 70, 126
Box: 16, 38, 31
Box: 14, 18, 3
Box: 52, 16, 66
Box: 3, 8, 47
Box: 3, 48, 17
Box: 64, 28, 45
Box: 4, 10, 11
Box: 22, 114, 126
Box: 3, 162, 126
Box: 7, 24, 7
Box: 37, 38, 56
Box: 27, 17, 23
Box: 12, 12, 2
Box: 21, 12, 11
Box: 26, 162, 17
Box: 64, 7, 126
Box: 64, 26, 8
Box: 4, 14, 4
Box: 13, 13, 12
Box: 6, 4, 16
Box: 55, 12, 30
Box: 7, 2, 6
Box: 64, 57, 27
Box: 18, 45, 59
Box: 16, 14, 17
Box: 64, 14, 35
Box: 64, 13, 12
Box: 37, 3, 51
Box: 2, 45, 17
Box: 21, 13, 12
Box: 5, 2, 28
Box: 6, 22, 6
Box: 64, 30, 5
Box: 43, 22, 14
Box: 64, 10, 82
Box: 13, 18, 21
Box: 19, 6, 63
Box: 22, 16, 28
Box: 64, 10, 5
Box: 3, 55, 16
Box: 15, 22, 17
Box: 10, 31, 26
Box: 14, 60, 126
Box: 25, 44, 126
Box: 11, 68, 126
Box: 14, 14, 126
Box: 64, 10, 47
Box: 2, 114, 126
Box: 8, 14, 7
Box: 64, 14, 45
Box: 12, 2, 26
Box: 64, 8, 2
Box: 64, 162, 16
Box: 64, 43, 4
Box: 64, 58, 14
Box: 42, 30, 5
Box: 7, 3, 7
Box: 64, 162, 12
Box: 3, 5, 13
Box: 21, 2, 10
Box: 3, 17, 11
Box: 64, 25, 13
Box: 10, 7, 75
Box: 5, 18, 24
Box: 64, 18, 7
Box: 64, 162, 18
Box: 4, 10, 87
Box: 64, 58, 24
Box: 44, 15, 56
Box: 55, 3, 24
Box: 5, 48, 41
Box: 34, 162, 3
Box: 5, 21, 8
Box: 6, 116, 126
Box: 17, 3, 20
Box: 23, 24, 82
Box: 20, 23, 10
Box: 33, 2, 126
Box: 64, 22, 74
Box: 5, 21, 2
Box: 64, 8, 25
Box: 18, 5, 38
Box: 4, 3, 4
Box: 28, 2, 10
Box: 39, 113, 12
Box: 64, 6, 126
Box: 4, 37, 126
Box: 64, 22, 126
Box: 64, 23, 8
Box: 20, 7, 13
Box: 12, 2, 5
Box: 22, 6, 19
Box: 9, 162, 126
Box: 4, 17, 17
Box: 3, 3, 49
Box: 15, 4, 28
Box: 8, 133, 40
Box: 40, 5, 4
Box: 8, 10, 6
Box: 64, 3, 75
Box: 64, 29, 18
Box: 64, 5, 9
Box: 9, 2, 53
Box: 10, 22, 3
Box: 60, 24, 63
Box: 49, 32, 126
Box: 12, 47, 2
Box: 4, 3, 36
Box: 7, 6, 18
Box: 2, 17, 23
Box: 17, 8, 11
Box: 4, 25, 5
Box: 9, 14, 3
Box: 7, 18, 15
Box: 31, 23, 92
Box: 2, 11, 8
Box: 24, 23, 126
Box: 9, 59, 5
Box: 5, 9, 11
Box: 64, 36, 22
Box: 2, 11, 4
Box: 18, 2, 38
Box: 64, 44, 3
Box: 10, 37, 7
Box: 64, 5, 26
Box: 9, 16, 3
Box: 5, 15, 24
Box: 64, 6, 77
Box: 10, 3, 10
Box: 22, 44, 60
Box: 4, 112, 126
Box: 24, 8, 82
Box: 64, 17, 4
Box: 23, 11, 14
Box: 35, 39, 18
Box: 20, 29, 8
Box: 64, 53, 50
Box: 7, 10, 30
Box: 3, 21, 20
Box: 32, 7, 41
Box: 13, 14, 3
Box: 17, 20, 36
Box: 64, 14, 13
Box: 9, 14, 16
Box: 64, 57, 34
Box: 8, 12, 126
Box: 13, 43, 126
Box: 2, 28, 21
Box: 38, 8, 10
Box: 64, 25, 53
Box: 10, 37, 2
Box: 47, 11, 81
Box: 25, 5, 17
Box: 6, 14, 43
Box: 10, 29, 25
Box: 7, 11, 67
Box: 3, 12, 7
Box: 10, 47, 33
Box: 10, 7, 18
Box: 64, 78, 18
Box: 18, 17, 6
Box: 18, 10, 49
Box: 18, 4, 3
Box: 44, 11, 29
Box: 3, 11, 12
Box: 64, 18, 6
Box: 2, 9, 7
Box: 64, 23, 14
Box: 17, 14, 4
Box: 11, 55, 126
Box: 5, 106, 4
Box: 64, 17, 27
Box: 2, 40, 16
Box: 64, 7, 18
Box: 41, 10, 34
Box: 64, 10, 13
Box: 4, 37, 12
Box: 64, 38, 44
Box: 22, 17, 8
Box: 7, 35, 31
Box: 64, 12, 126
Box: 64, 3, 126
Box: 37, 162, 26
Box: 16, 19, 4
Box: 21, 4, 18
Box: 10, 17, 11
Box: 5, 134, 101
Box: 27, 25, 54
Box: 9, 14, 16
Box: 2, 16, 17
Box: 2, 18, 38
Box: 64, 162, 9
Box: 12, 55, 45
Box: 23, 29, 126
Box: 11, 2, 126
Box: 33, 4, 4
Box: 64, 162, 24
Box: 64, 19, 24
Box: 4, 13, 27
Box: 6, 8, 20
Box: 35, 40, 8
Box: 64, 17, 32
Box: 7, 5, 8
Box: 64, 18, 71
Box: 7, 16, 19
Box: 4, 23, 4
Box: 37, 55, 63
Box: 64, 4, 12
Box: 17, 59, 5
Box: 7, 3, 17
Box: 64, 11, 9
Box: 2, 76, 56
Box: 57, 3, 2
Box: 7, 10, 17
Box: 8, 2, 63
Box: 64, 3, 78
Box: 12, 16, 66
Box: 64, 103, 126
Box: 7, 20, 19
Box: 15, 5, 126
Box: 64, 49, 25
Box: 64, 6, 12
Box: 3, 18, 36
Box: 64, 11, 74
Box: 4, 37, 6
Box: 64, 102, 7
Box: 2, 5, 46
Box: 24, 162, 3
Box: 33, 64, 121
Box: 4, 5, 12
Box: 20, 44, 9
Box: 64, 26, 6
Box: 2, 2, 21
Box: 6, 162, 3
Box: 64, 79, 63
Box: 14, 5, 126
Box: 7, 8, 8
Box: 4, 12, 53
Box: 13, 2, 95
Box: 64, 21, 5
Box: 64, 11, 45
Box: 13, 2, 43
Box: 64, 162, 20
Box: 7, 16, 91
Box: 3, 3, 29
Box: 64, 68, 4
Box: 64, 8, 31
Box: 3, 3, 4
Box: 64, 8, 2
Box: 9, 28, 12
Box: 64, 9, 39
Box: 12, 2, 5
Box: 2, 31, 75
Box: 64, 6, 7
Box: 9, 10, 41
Box: 4, 35, 10
Box: 3, 64, 16
Box: 64, 58, 51
Box: 37, 15, 109
Box: 7, 55, 23
Box: 13, 42, 27
Box: 57, 3, 69
Box: 10, 17, 24
Box: 64, 26, 8
Box: 64, 10, 6
Box: 15, 2, 10
Box: 30, 29, 4
Box: 64, 27, 38
Box: 2, 8, 36
Box: 64, 56, 48
Box: 3, 17, 11
Box: 3, 7, 53
Box: 64, 10, 35
Box: 24, 10, 64
Box: 34, 57, 9
Box: 3, 25, 24
Box: 7, 53, 2
Box: 30, 41, 17
Box: 56, 4, 35
Box: 4, 19, 126
Box: 6, 13, 60
Box: 9, 28, 9
Box: 6, 20, 17
Box: 8, 12, 126
Box: 6, 10, 3
Box: 2, 7, 13
Box: 64, 67, 4
Box: 44, 4, 29
Box: 64, 7, 46
Box: 28, 18, 38
Box: 15, 5, 28
Box: 6, 55, 4
Box: 20, 19, 10
Box: 56, 4, 8
Box: 64, 39, 44
Box: 4, 4, 28
Box: 12, 37, 126
Box: 17, 6, 24
Box: 64, 16, 17
Box: 24, 11, 25
Box: 26, 28, 126
Box: 24, 14, 48
Box: 7, 18, 13
Box: 64, 18, 5
Box: 64, 6, 18
Box: 3, 67, 126
Box: 4, 68, 66
Box: 6, 68, 7
Box: 64, 11, 14
Box: 64, 9, 21
Box: 16, 36, 8
Box: 23, 162, 21
Box: 64, 24, 126
Box: 64, 60, 25
Box: 64, 27, 3
Box: 21, 19, 34
Box: 64, 6, 12
Box: 64, 94, 4
Box: 64, 162, 3
Box: 29, 16, 33
Box: 6, 162, 31
Box: 9, 103, 126
Box: 6, 162, 19
Box: 15, 3, 2
Box: 3, 4, 3
Box: 20, 2, 10
Box: 4, 59, 28
Box: 64, 61, 7
Box: 4, 18, 3
Box: 8, 19, 17
Box: 64, 67, 11
Box: 2, 13, 63
Box: 10, 6, 32
Box: 22, 37, 126
Box: 8, 162, 9
Box: 7, 36, 26
Box: 8, 2, 36
Box: 64, 28, 21
Box: 30, 20, 5
Box: 9, 12, 30
Box: 62, 33, 2
Box: 7, 40, 18
Box: 22, 38, 19
Box: 64, 24, 2
Box: 18, 9, 27
Box: 3, 11, 6
Box: 43, 25, 16
Box: 36, 48, 54
Box: 9, 10, 7
Box: 3, 16, 9
Box: 64, 31, 7
Box: 12, 162, 126
Box: 13, 72, 32
Box: 13, 12, 12
Box: 28, 44, 4
Box: 64, 75, 49
Box: 64, 81, 16
Box: 64, 5, 14
Box: 18, 19, 88
Box: 4, 26, 26
Box: 31, 9, 5
Box: 43, 19, 2
Box: 56, 4, 19
Box: 64, 125, 8
Box: 5, 8, 13
Box: 6, 68, 35
Box: 13, 8, 9
Box: 5, 4, 11
Box: 52, 27, 17
Box: 8, 64, 9
Box: 8, 15, 2
Box: 64, 10, 8
Box: 22, 17, 106
Box: 64, 162, 7
Box: 6, 19, 126
Box: 15, 2, 24
Box: 64, 30, 126
Box: 17, 102, 126
Box: 5, 48, 30
Box: 14, 5, 29
Box: 10, 3, 2
Box: 19, 16, 126
Box: 19, 15, 8
Box: 24, 43, 9
Box: 64, 17, 13
Box: 2, 18, 6
Box: 27, 25, 4
Box: 30, 57, 37
Box: 7, 17, 29
Box: 18, 19, 44
Box: 23, 31, 19
Box: 13, 45, 8
Box: 64, 10, 14
Box: 4, 3, 28
Box: 64, 72, 126
Box: 15, 27, 121
Box: 2, 2, 124
Box: 64, 30, 14
Box: 64, 162, 8
Box: 13, 4, 19
Box: 21, 3, 40
Box: 11, 162, 126
Box: 3, 3, 6
Box: 24, 31, 126
Box: 64, 36, 3
Box: 64, 51, 4
Box: 8, 13, 60
Box: 6, 42, 27
Box: 22, 71, 36
Box: 24, 25, 32
Box: 64, 9, 30
Box: 2, 4, 24
Box: 5, 25, 12
Box: 13, 10, 30
Box: 22, 4, 28
Box: 64, 88, 126
Box: 26, 20, 9
Box: 31, 8, 39
Box: 4, 18, 17
Box: 27, 103, 9
Box: 3, 3, 10
Box: 64, 64, 74
Box: 3, 8, 6
Box: 28, 38, 33
Box: 8, 2, 126
Box: 11, 16, 16
Box: 15, 12, 10
Box: 7, 2, 8
Box: 5, 3, 40
Box: 21, 4, 18
Box: 2, 38, 54
Box: 27, 103, 22
Box: 4, 45, 5
Box: 14, 6, 25
Box: 54, 162, 64
Box: 64, 2, 12
Box: 7, 16, 8
Box: 4, 9, 5
Box: 15, 9, 126
Box: 64, 13, 41
Box: 64, 162, 26
Box: 6, 8, 21
Box: 2, 3, 4
Box: 2, 10, 6
Box: 64, 162, 27
Box: 44, 6, 4
Box: 64, 21, 3
Box: 14, 144, 13
Box: 64, 18, 7
Box: 3, 21, 3
Box: 3, 13, 9
Box: 20, 20, 28
Box: 8, 16, 126
Box: 19, 7, 4
Box: 30, 10, 17
Box: 16, 7, 75
Box: 64, 162, 9
Box: 7, 5, 10
Box: 64, 10, 22
Box: 30, 25, 35
Box: 10, 7, 10
Box: 13, 6, 4
Box: 13, 8, 32
Box: 6, 10, 4
Box: 22, 80, 2
Box: 3, 16, 10
Box: 10, 26, 2
Box: 8, 11, 81
Box: 20, 12, 126
Box: 28, 48, 15
Box: 2, 11, 39
Box: 7, 18, 31
Box: 6, 44, 26
Box: 4, 3, 2
Box: 64, 2, 5
Box: 6, 33, 43
Box: 64, 19, 26
Box: 13, 56, 14
Box: 20, 2, 12
Box: 5, 3, 28
Box: 8, 5, 126
Box: 64, 28, 30
Box: 22, 27, 2
Box: 2, 8, 36
Box: 33, 4, 5
Box: 6, 30, 7
Box: 2, 162, 115
Box: 5, 5, 40
Box: 29, 68, 36
Box: 64, 27, 8
Box: 56, 4, 3
Box: 9, 9, 58
Box: 16, 55, 6
Box: 4, 37, 29
Box: 9, 14, 9
Box: 6, 57, 9
Box: 15, 137, 16
Box: 11, 116, 3
Box: 6, 6, 49
Box: 3, 5, 17
Box: 11, 7, 13
Box: 64, 9, 21
Box: 2, 19, 38
Box: 2, 11, 6
Box: 10, 70, 126
Box: 3, 14, 81
Box: 8, 152, 26
Box: 3, 10, 22
Box: 24, 6, 3
Box: 6, 52, 126
Box: 33, 55, 126
Box: 2, 45, 59
Box: 64, 56, 37
Box: 5, 12, 126
Box: 4, 58, 63
Box: 10, 9, 26
Box: 64, 2, 51
Box: 22, 21, 11
Box: 35, 7, 18
Box: 64, 89, 63
Box: 12, 22, 37
Box: 22, 21, 40
Box: 39, 113, 7
Box: 64, 8, 21
Box: 33, 44, 9
Box: 2, 97, 30
Box: 11, 68, 66
Box: 4, 4, 126
Box: 64, 8, 26
Box: 15, 3, 4
Box: 3, 2, 19
Box: 4, 22, 9
Box: 5, 12, 19
Box: 64, 162, 15
Box: 9, 2, 53
Box: 29, 12, 126
Box: 30, 5, 18
Box: 64, 8, 73
Box: 64, 6, 21
Box: 14, 10, 126
Box: 2, 7, 17
Box: 5, 162, 36
Box: 3, 16, 16
Box: 5, 20, 30
Box: 64, 35, 82
Box: 15, 16, 126
Box: 18, 73, 7
Box: 44, 162, 3
Box: 38, 8, 9
Box: 4, 52, 126
Box: 12, 12, 12
Box: 5, 68, 3
Box: 6, 2, 60
Box: 64, 7, 14
Box: 13, 24, 31
Box: 19, 61, 4
Box: 64, 68, 9
Box: 6, 4, 33
Box: 44, 105, 126
Box: 64, 11, 22
Box: 64, 3, 3
Box: 18, 2, 126
Box: 2, 8, 17
Box: 23, 116, 126
Box: 8, 114, 126
Box: 8, 14, 4
Box: 19, 5, 5
Box: 9, 5, 2
Box: 64, 10, 48
Box: 27, 25, 5
Box: 24, 5, 126
Box: 30, 24, 17
Box: 2, 162, 126
Box: 14, 8, 35
Box: 2, 28, 101
Box: 11, 162, 126
Box: 64, 44, 6
Box: 14, 4, 126
Box: 11, 8, 12
Box: 4, 8, 126
Box: 2, 50, 20
Box: 8, 162, 27
Box: 12, 18, 17
Box: 5, 162, 126
Box: 34, 40, 16
Box: 4, 6, 2
Box: 11, 7, 121
Box: 64, 6, 22
Box: 34, 22, 17
Box: 64, 5, 126
Box: 5, 19, 10
Box: 7, 19, 23
Box: 43, 3, 43
Box: 64, 37, 3
Box: 64, 26, 29
Box: 64, 11, 27
Box: 2, 25, 5
Box: 13, 19, 10
Box: 3, 7, 49
Box: 3, 37, 26
Box: 3, 162, 15
Box: 64, 6, 16
Box: 25, 8, 9
Box: 64, 16, 19
Box: 19, 61, 8
Box: 5, 8, 22
Box: 64, 67, 19
Box: 9, 30, 40
Box: 4, 12, 126
Box: 7, 18, 2
Box: 12, 4, 8
Box: 27, 69, 126
Box: 20, 162, 41
Box: 5, 3, 27
Box: 64, 18, 16
Box: 64, 2, 5
Box: 2, 30, 18
Box: 9, 69, 126
Box: 18, 3, 6
Box: 25, 5, 4
Box: 64, 5, 12
Box: 12, 9, 6
Box: 15, 8, 121
Box: 5, 68, 6
Box: 64, 6, 13
Box: 17, 162, 16
Box: 5, 2, 57
Box: 3, 37, 3
Box: 22, 3, 19
Box: 25, 14, 16
Box: 12, 56, 6
Box: 64, 79, 28
Box: 15, 2, 78
Box: 15, 9, 13
Box: 64, 13, 3
Box: 57, 24, 126
Box: 64, 67, 34
Box: 17, 21, 24
Box: 16, 22, 12
Box: 64, 26, 75
Box: 3, 13, 17
Box: 3, 17, 11
Box: 64, 16, 14
Box: 6, 45, 126
Box: 5, 16, 34
Box: 14, 2, 126
Box: 2, 162, 126
Box: 4, 13, 13
Box: 8, 48, 38
Box: 38, 36, 126
Box: 4, 38, 126
Box: 11, 2, 5
Box: 64, 6, 5
Box: 5, 162, 126
Box: 10, 17, 16
Box: 28, 74, 16
Box: 64, 26, 126
Box: 64, 17, 2
Box: 4, 7, 15
Box: 8, 35, 45
Box: 7, 33, 10
Box: 10, 2, 63
Box: 26, 7, 18
Box: 6, 30, 11
Box: 4, 10, 4
Box: 64, 2, 126
Box: 18, 12, 6
Box: 64, 5, 11
Box: 39, 16, 18
Box: 54, 17, 4
Box: 9, 8, 16
Box: 7, 19, 3
Box: 4, 19, 7
Box: 17, 6, 9
Box: 2, 28, 25
Box: 6, 2, 3
Box: 2, 6, 3
Box: 28, 42, 20
Box: 64, 20, 18
Box: 64, 88, 24
Box: 5, 8, 28
Box: 25, 31, 49
Box: 8, 5, 12
Box: 54, 17, 2
Box: 64, 81, 40
Box: 64, 7, 9
Box: 6, 10, 6
Box: 2, 20, 8
Box: 4, 35, 7
Box: 9, 10, 33
Box: 64, 74, 18
Box: 2, 25, 17
Box: 42, 2, 10
Box: 10, 17, 2
Box: 64, 10, 126
Box: 38, 30, 22
Box: 64, 23, 29
Box: 13, 81, 42
Box: 15, 19, 9
Box: 64, 19, 63
Box: 64, 102, 41
Box: 64, 52, 126
Box: 64, 5, 7
Box: 15, 5, 55
Box: 12, 48, 17
Box: 4, 12, 2
Box: 4, 8, 126
Box: 3, 14, 16
Box: 4, 4, 2
Box: 16, 4, 28
Box: 4, 3, 41
Box: 3, 162, 31
Box: 5, 2, 7
Box: 20, 3, 12
Box: 6, 25, 5
Box: 10, 10, 126
Box: 2, 28, 21
Box: 6, 5, 2
Box: 64, 162, 7
Box: 14, 42, 26
Box: 2, 13, 9
Box: 9, 3, 4
Box: 2, 78, 25
Box: 15, 10, 2
Box: 7, 18, 2
Box: 4, 52, 11
Box: 64, 56, 23
Box: 25, 9, 12
Box: 4, 13, 22
Box: 64, 67, 2
Box: 8, 40, 14
Box: 11, 7, 79
Box: 7, 35, 6
Box: 34, 4, 16
Box: 5, 44, 40
Box: 64, 46, 37
Box: 64, 61, 7
Box: 7, 52, 17
Box: 34, 12, 102
Box: 2, 19, 7
Box: 32, 3, 8
Box: 7, 2, 18
Box: 16, 19, 8
Box: 5, 8, 5
Box: 41, 32, 15
Box: 28, 7, 126
Box: 25, 25, 2
Box: 32, 2, 5
Box: 64, 9, 29
Box: 12, 25, 2
Box: 4, 14, 36
Box: 57, 40, 18
Box: 13, 19, 7
Box: 8, 8, 43
Box: 16, 55, 2
Box: 64, 65, 126
Box: 28, 29, 35
Box: 44, 68, 12
Box: 64, 49, 2
Box: 3, 10, 26
Box: 3, 30, 63
Box: 2, 7, 19
Box: 4, 162, 34
Box: 14, 22, 9
Box: 27, 4, 70
Box: 21, 21, 13
Box: 12, 27, 17
Box: 64, 16, 126
Box: 18, 59, 5
Box: 4, 40, 126
Box: 5, 11, 59
Box: 64, 162, 27
Box: 64, 28, 36
Box: 6, 7, 4
Box: 22, 26, 51
Box: 64, 21, 4
Box: 29, 28, 18
Box: 3, 16, 126
Box: 3, 2, 26
Box: 64, 10, 59
Box: 64, 32, 56
Box: 27, 7, 21
Box: 12, 26, 43
Box: 18, 2, 126
Box: 23, 57, 19
Box: 13, 2, 8
Box: 3, 2, 6
Box: 64, 27, 3
Box: 21, 37, 8
Box: 16, 27, 31
Box: 18, 55, 4
Box: 64, 162, 7
Box: 15, 52, 17
Box: 64, 19, 9
Box: 2, 21, 35
Box: 64, 103, 61
Box: 7, 6, 22
Box: 28, 24, 82
Box: 10, 162, 126
Box: 4, 3, 13
Box: 8, 81, 2
Box: 64, 16, 9
Box: 10, 9, 63
Box: 64, 13, 7
Box: 64, 22, 10
Box: 10, 26, 126
Box: 7, 6, 22
Box: 13, 11, 126
Box: 7, 12, 10
Box: 15, 4, 69
Box: 13, 70, 126
Box: 23, 56, 19
Box: 64, 144, 16
Box: 64, 2, 126
Box: 64, 4, 74
Box: 4, 37, 9
Box: 64, 14, 4
Box: 20, 9, 12
Box: 10, 19, 9
Box: 9, 89, 6
Box: 7, 40, 13
Box: 45, 3, 34
Box: 26, 3, 126
Box: 4, 18, 126
Box: 2, 6, 32
Box: 3, 3, 126
Box: 34, 13, 27
Box: 61, 10, 17
Box: 64, 2, 31
Box: 23, 46, 34
Box: 7, 4, 12
Box: 24, 11, 2
Box: 9, 5, 24
Box: 20, 8, 4
Box: 64, 14, 55
Box: 10, 37, 7
Box: 64, 10, 14
Box: 8, 4, 126
Box: 2, 7, 25
Box: 64, 18, 11
Box: 20, 14, 8
Box: 43, 25, 14
Box: 31, 28, 81
Box: 3, 14, 6
Box: 22, 47, 7
Box: 31, 11, 64
Box: 8, 5, 9
Box: 32, 3, 8
Box: 64, 10, 23
Box: 64, 63, 126
Box: 64, 8, 28
Box: 27, 25, 7
Box: 6, 20, 8
Box: 8, 2, 7
Box: 64, 22, 66
Box: 10, 7, 36
Box: 9, 13, 16
Box: 3, 162, 126
Box: 50, 8, 35
Box: 64, 10, 41
Box: 64, 20, 13
Box: 7, 7, 18
Box: 3, 6, 9
Box: 34, 3, 6
Box: 24, 57, 21
Box: 8, 32, 126
Box: 64, 39, 14
Box: 24, 24, 8
Box: 43, 25, 19
Box: 15, 8, 10
Box: 2, 114, 126
Box: 64, 25, 126
Box: 7, 17, 11
Box: 64, 14, 19
Box: 5, 4, 2
Box: 11, 61, 3
Box: 18, 10, 19
Box: 2, 22, 5
Box: 4, 7, 22
Box: 43, 20, 49
Box: 8, 40, 4
Box: 36, 125, 126
Box: 6, 68, 25
Box: 7, 18, 8
Box: 24, 18, 12
Box: 3, 18, 17
Box: 23, 24, 22
Box: 8, 10, 4
Box: 64, 94, 126
Box: 9, 133, 38
Box: 13, 5, 8
Box: 64, 26, 6
Box: 64, 68, 24
Box: 25, 16, 17
Box: 28, 2, 120
Box: 64, 8, 21
Box: 13, 12, 7
Box: 10, 3, 43
Box: 20, 68, 59
Box: 27, 2, 18
Box: 25, 114, 126
Box: 21, 26, 51
Box: 64, 16, 12
Box: 15, 3, 4
Box: 18, 54, 19
Box: 64, 10, 17
Box: 15, 116, 126
Box: 64, 12, 48
Box: 64, 10, 29
Box: 6, 49, 14
Box: 26, 42, 21
Box: 14, 9, 58
Box: 27, 19, 5
Box: 3, 162, 17
Box: 32, 15, 8
Box: 9, 59, 5
Box: 30, 34, 34
Box: 2, 2, 4
Box: 4, 46, 36
Box: 6, 19, 16
Box: 64, 49, 20
Box: 20, 15, 28
Box: 64, 13, 16
Box: 64, 3, 10
Box: 16, 21, 19
Box: 5, 2, 13
Box: 64, 7, 126
Box: 23, 29, 22
Box: 13, 6, 4
Box: 29, 9, 33
Box: 5, 4, 19
Box: 30, 100, 24
Box: 13, 22, 13
Box: 29, 5, 33
Box: 10, 144, 13
Box: 10, 162, 100
Box: 64, 7, 5
Box: 5, 5, 18
Box: 27, 54, 15
Box: 38, 18, 9
Box: 64, 8, 35
Box: 43, 45, 126
Box: 15, 17, 11
Box: 27, 4, 30
Box: 46, 162, 75
Box: 27, 7, 41
Box: 10, 2, 126
Box: 18, 11, 60
Box: 64, 5, 97
Box: 30, 60, 38
Box: 64, 19, 16
Box: 19, 5, 28
Box: 15, 18, 126
Box: 9, 77, 5
Box: 29, 41, 126
Box: 64, 7, 28
Box: 23, 5, 15
Box: 4, 2, 2
Box: 34, 5, 13
Box: 64, 9, 8
Box: 7, 5, 18
Box: 6, 68, 29
Box: 9, 7, 5
Box: 27, 12, 12
Box: 2, 57, 63
Box: 28, 2, 23
Box: 42, 16, 28
Box: 64, 16, 10
Box: 64, 5, 2
Box: 12, 13, 21
Box: 15, 31, 126
Box: 22, 14, 17
Box: 64, 23, 67
Box: 64, 47, 4
Box: 27, 4, 7
Box: 3, 4, 2
Box: 64, 2, 75
Box: 36, 10, 56
Box: 64, 17, 39
Box: 64, 162, 14
Box: 64, 146, 15
Box: 5, 14, 2
Box: 30, 162, 101
Box: 7, 21, 40
Box: 64, 20, 126
Box: 32, 69, 126
Box: 37, 7, 4
Box: 31, 162, 80
Box: 10, 26, 78
Box: 22, 47, 33
Box: 9, 12, 16
Box: 7, 2, 126
Box: 5, 4, 19
Box: 21, 19, 11
Box: 4, 3, 62
Box: 3, 3, 6
Box: 64, 6, 126
Box: 3, 2, 3
Box: 64, 26, 51
Box: 14, 71, 126
Box: 4, 19, 16
Box: 27, 6, 126
Box: 6, 10, 4
Box: 27, 5, 15
Box: 10, 16, 126
Box: 64, 16, 39
Box: 9, 10, 10
Box: 5, 124, 19
Box: 34, 26, 11
Box: 3, 30, 18
Box: 64, 19, 110
Box: 6, 5, 73
Box: 2, 30, 3
Box: 64, 52, 79
Box: 18, 74, 8
Box: 3, 5, 12
Box: 22, 27, 11
Box: 15, 52, 9
Box: 4, 16, 22
Box: 9, 3, 6
Box: 64, 38, 5
Box: 64, 45, 26
Box: 64, 11, 15
Box: 13, 30, 126
Box: 64, 17, 2
Box: 3, 16, 4
Box: 7, 99, 33
Box: 5, 99, 51
Box: 4, 6, 75
Box: 64, 3, 15
Box: 25, 33, 5
Box: 3, 14, 51
Box: 11, 116, 4
Box: 27, 44, 15
Box: 8, 14, 9
Box: 64, 40, 126
Box: 64, 67, 14
Box: 32, 83, 81
Box: 5, 8, 4
Box: 64, 39, 54
Box: 64, 29, 10
Box: 18, 103, 126
Box: 3, 28, 21
Box: 64, 20, 28
Box: 9, 10, 2
Box: 10, 3, 8
Box: 20, 50, 14
Box: 5, 14, 3
Box: 13, 8, 126
Box: 24, 21, 34
Box: 4, 71, 33
Box: 4, 20, 30
Box: 4, 19, 7
Box: 64, 162, 24
Box: 19, 2, 63
Box: 64, 23, 24
Box: 64, 8, 14
Box: 38, 8, 2
Box: 11, 20, 8
Box: 38, 17, 14
Box: 64, 41, 15
Box: 9, 8, 4
Box: 64, 8, 61
Box: 5, 61, 3
Box: 64, 9, 55
Box: 43, 25, 7
Box: 15, 4, 34
Box: 64, 152, 126
Box: 4, 33, 126
Box: 10, 9, 26
Box: 45, 19, 11
Box: 5, 57, 22
Box: 13, 2, 76
Box: 2, 2, 6
Box: 64, 44, 3
Box: 64, 162, 21
Box: 9, 37, 56
Box: 64, 16, 26
Box: 24, 21, 28
Box: 3, 5, 110
Box: 2, 12, 12
Box: 64, 55, 7
Box: 64, 46, 126
Box: 2, 19, 126
Box: 15, 22, 11
Box: 6, 4, 2
Box: 3, 16, 9
Box: 64, 162, 12
Box: 64, 11, 2
Box: 25, 2, 6
Box: 64, 4, 52
Box: 4, 8, 23
Box: 20, 19, 3
Box: 2, 28, 46
Box: 7, 31, 126
Box: 5, 3, 49
Box: 18, 9, 17
Box: 2, 6, 75
Box: 4, 7, 13
Box: 7, 68, 15
Box: 64, 2, 13
Box: 5, 9, 18
Box: 9, 27, 33
Box: 64, 25, 9
Box: 30, 6, 22
Box: 64, 7, 40
Box: 64, 94, 38
Box: 64, 3, 3
Box: 2, 2, 4
Box: 8, 12, 12
Box: 30, 34, 5
Box: 8, 40, 3
Box: 26, 7, 126
Box: 64, 88, 13
Box: 19, 62, 16
Box: 13, 3, 13
Box: 8, 40, 75
Box: 64, 34, 126
Box: 7, 7, 31
Box: 7, 6, 35
Box: 24, 11, 23
Box: 27, 4, 24
Box: 6, 2, 2
Box: 48, 6, 15
Box: 64, 23, 18
Box: 64, 103, 51
Box: 64, 5, 31
Box: 44, 10, 29
Box: 35, 10, 6
Box: 6, 23, 24
Box: 4, 41, 126
Box: 64, 61, 19
Box: 9, 22, 3
Box: 5, 3, 3
Box: 7, 5, 8
Box: 9, 4, 126
Box: 64, 25, 2
Box: 64, 94, 12
Box: 64, 57, 7
Box: 9, 44, 126
Box: 64, 5, 71
Box: 5, 2, 14
Box: 10, 28, 94
Box: 9, 162, 25
Box: 6, 51, 126
Box: 9, 6, 32
Box: 22, 4, 18
Box: 13, 4, 126
Box: 8, 40, 13
Box: 12, 37, 21
Box: 5, 3, 45
Box: 64, 10, 49
Box: 14, 3, 102
Box: 42, 43, 126
Box: 4, 10, 2
Box: 23, 18, 19
Box: 34, 26, 3
Box: 6, 162, 34
Box: 21, 52, 17
Box: 20, 44, 61
Box: 6, 39, 50
Box: 3, 14, 17
Box: 64, 19, 21
Box: 7, 14, 126
Box: 7, 45, 126
Box: 15, 2, 13
Box: 64, 36, 15
Box: 52, 4, 2
Box: 59, 12, 10
Box: 9, 17, 30
Box: 3, 11, 8
Box: 5, 42, 27
Box: 20, 162, 70
Box: 64, 162, 73
Box: 64, 18, 51
Box: 64, 23, 13
Box: 45, 8, 126
Box: 10, 6, 75
Box: 64, 23, 7
Box: 9, 43, 9
Box: 42, 11, 10
Box: 64, 20, 48
Box: 17, 100, 11
Box: 64, 155, 47
Box: 44, 24, 56
Box: 64, 49, 7
Box: 27, 50, 126
Box: 15, 5, 32
Box: 64, 17, 126
Box: 9, 25, 126
Box: 30, 12, 17
Box: 64, 7, 72
Box: 64, 4, 12
Box: 11, 3, 43
Box: 10, 5, 26
Box: 22, 76, 56
Box: 22, 5, 126
Box: 64, 13, 36
Box: 33, 18, 7
Box: 21, 15, 126
Box: 13, 81, 42
Box: 21, 162, 31
Box: 9, 55, 5
Box: 4, 15, 28
Box: 64, 26, 9
Box: 64, 49, 35
Box: 2, 21, 5
Box: 3, 3, 14
Box: 64, 10, 7
Box: 27, 16, 126
Box: 64, 41, 21
Box: 27, 11, 55
Box: 64, 15, 23
Box: 18, 5, 38
Box: 4, 12, 17
Box: 25, 3, 29
Box: 64, 56, 56
Box: 15, 15, 12
Box: 8, 10, 12
Box: 4, 13, 5
Box: 14, 64, 36
Box: 2, 11, 69
Box: 64, 162, 109
Box: 3, 76, 126
Box: 6, 10, 22
Box: 13, 28, 32
Box: 3, 8, 26
Box: 21, 10, 4
Box: 4, 144, 13
Box: 7, 162, 32
Box: 4, 5, 12
Box: 3, 36, 9
Box: 8, 6, 32
Box: 64, 2, 16
Box: 30, 34, 3
Box: 27, 26, 55
Box: 8, 12, 12
Box: 8, 40, 16
Box: 2, 28, 28
Box: 3, 3, 20
Box: 4, 6, 10
Box: 36, 51, 20
Box: 64, 40, 4
Box: 64, 2, 10
Box: 64, 13, 6
Box: 10, 16, 4
Box: 64, 162, 88
Box: 3, 14, 4
Box: 6, 4, 8
Box: 4, 10, 51
Box: 15, 6, 126
Box: 64, 76, 10
Box: 12, 26, 43
Box: 34, 60, 12
Box: 64, 4, 17
Box: 10, 8, 126
Box: 24, 8, 10
Box: 64, 17, 4
Box: 23, 37, 56
Box: 64, 18, 3
Box: 25, 14, 126
Box: 64, 50, 126
Box: 15, 5, 14
Box: 15, 5, 17
Box: 64, 5, 10
Box: 64, 16, 5
Box: 11, 9, 126
Box: 8, 40, 16
Box: 4, 22, 17
Box: 6, 55, 82
Box: 64, 23, 126
Box: 64, 5, 12
Box: 11, 8, 126
Box: 17, 33, 29
Box: 64, 9, 23
Box: 18, 17, 57
Box: 8, 162, 15
Box: 64, 4, 36
Box: 44, 12, 29
Box: 64, 20, 4
Box: 25, 5, 17
Box: 23, 21, 2
Box: 13, 3, 20
Box: 6, 35, 5
Box: 3, 144, 13
Box: 8, 45, 59
Box: 64, 102, 2
Box: 16, 2, 8
Box: 64, 40, 30
Box: 64, 31, 41
Box: 2, 4, 39
Box: 64, 18, 46
Box: 28, 2, 13
Box: 5, 12, 12
Box: 64, 162, 29
Box: 2, 55, 4
Box: 64, 106, 48
Box: 7, 39, 18
Box: 5, 44, 80
Box: 64, 74, 86
Box: 30, 40, 126
Box: 64, 47, 16
Box: 2, 18, 20
Box: 64, 11, 63
Box: 22, 6, 8
Box: 11, 28, 40
Box: 10, 134, 101
Box: 64, 34, 126
Box: 4, 55, 126
Box: 34, 26, 3
Box: 64, 47, 20
Box: 2, 43, 126
Box: 18, 14, 126
Box: 7, 71, 33
Box: 64, 16, 97
Box: 12, 18, 21
Box: 3, 28, 19
Box: 20, 28, 13
Box: 27, 25, 22
Box: 15, 4, 26
Box: 2, 36, 126
Box: 51, 22, 28
Box: 64, 31, 12
Box: 4, 14, 11
Box: 34, 2, 26
Box: 6, 5, 12
Box: 51, 13, 13
Box: 20, 22, 4
Box: 57, 42, 126
Box: 2, 5, 12
Box: 9, 14, 8
Box: 13, 4, 32
Box: 14, 112, 56
Box: 7, 37, 6
Box: 5, 4, 9
Box: 61, 13, 17
Box: 2, 2, 6
Box: 34, 17, 7
Box: 24, 68, 126
Box: 4, 4, 12
Box: 64, 117, 7
Box: 18, 10, 13
Box: 3, 162, 126
Box: 64, 35, 9
Box: 64, 31, 77
Box: 49, 11, 126
Box: 46, 2, 2
Box: 64, 14, 9
Box: 30, 2, 17
Box: 7, 18, 16
Box: 64, 37, 126
Box: 64, 56, 126
Box: 3, 8, 5
Box: 37, 4, 4
Box: 7, 7, 126
Box: 14, 162, 31
Box: 64, 67, 14
Box: 33, 5, 12
Box: 11, 37, 34
Box: 30, 45, 4
Box: 64, 2, 7
Box: 24, 103, 126
Box: 14, 5, 10
Box: 6, 33, 126
Box: 2, 22, 126
Box: 5, 21, 3
Box: 10, 2, 21
Box: 9, 14, 16
Box: 64, 4, 58
Box: 3, 14, 3
Box: 7, 5, 6
Box: 64, 6, 2
Box: 64, 136, 9
Box: 12, 2, 4
Box: 13, 38, 126
Box: 8, 5, 114
Box: 2, 116, 59
Box: 64, 18, 18
Box: 5, 25, 5
Box: 64, 17, 126
Box: 8, 5, 15
Box: 64, 59, 126
Box: 7, 11, 23
Box: 21, 15, 5
Box: 64, 15, 12
Box: 10, 47, 36
Box: 7, 2, 17
Box: 18, 21, 122
Box: 2, 13, 74
Box: 8, 5, 2
Box: 4, 7, 27
Box: 64, 3, 9
Box: 2, 12, 18
Box: 64, 89, 126
Box: 6, 6, 43
Box: 64, 3, 126
Box: 64, 7, 13
Box: 2, 31, 49
Box: 4, 44, 60
Box: 64, 45, 64
Box: 16, 11, 12
Box: 25, 2, 18
Box: 3, 8, 47
Box: 64, 11, 39
Box: 33, 25, 5
Box: 19, 35, 12
Box: 64, 12, 126
Box: 10, 98, 126
Box: 28, 55, 16
Box: 7, 7, 19
Box: 7, 19, 126
Box: 2, 32, 49
Box: 64, 27, 2
Box: 6, 44, 7
Box: 11, 116, 29
Box: 7, 19, 7
Box: 4, 23, 4
Box: 64, 22, 46
Box: 7, 33, 7
Box: 64, 9, 17
Box: 42, 124, 101
Box: 6, 10, 2
Box: 7, 28, 126
Box: 64, 6, 3
Box: 49, 162, 26
Box: 11, 6, 8
Box: 24, 8, 12
Box: 64, 12, 28
Box: 64, 24, 6
Box: 64, 2, 6
Box: 22, 6, 6
Box: 33, 162, 80
Box: 3, 4, 21
Box: 8, 162, 34
Box: 22, 3, 41
Box: 8, 28, 126
Box: 30, 162, 8
Box: 2, 68, 66
Box: 8, 14, 59
Box: 12, 72, 7
Box: 64, 45, 5
Box: 22, 2, 54
Box: 3, 13, 26
Box: 12, 19, 17
Box: 27, 162, 46
Box: 17, 162, 41
Box: 7, 11, 23
Box: 64, 57, 3
Box: 39, 12, 17
Box: 17, 139, 33
Box: 22, 32, 7
Box: 15, 162, 126
Box: 64, 85, 4
Box: 35, 22, 8
Box: 6, 4, 51
Box: 64, 11, 13
Box: 4, 3, 2
Box: 64, 38, 56
Box: 64, 2, 54
Box: 14, 10, 30
Box: 4, 9, 2
Box: 7, 19, 8
Box: 64, 6, 13
Box: 64, 8, 7
Box: 3, 11, 11
Box: 10, 14, 48
Box: 9, 5, 5
Box: 2, 97, 11
Box: 64, 7, 126
Box: 15, 7, 19
Box: 6, 30, 3
Box: 64, 27, 29
Box: 64, 57, 3
Box: 31, 23, 10
Box: 10, 2, 2
Box: 64, 69, 31
Box: 12, 61, 3
Box: 7, 16, 45
Box: 16, 10, 9
Box: 22, 36, 126
Box: 10, 10, 61
Box: 49, 57, 7
Box: 28, 74, 48
Box: 5, 5, 17
Box: 15, 22, 12
Box: 4, 3, 3
Box: 9, 2, 5
Box: 6, 21, 43
Box: 39, 5, 12
Box: 13, 18, 43
Box: 64, 73, 14
Box: 43, 22, 11
Box: 8, 16, 63
Box: 26, 4, 33
Box: 64, 9, 31
Box: 18, 10, 9
Box: 17, 3, 54
Box: 3, 19, 5
Box: 15, 44, 60
Box: 4, 15, 9
Box: 64, 36, 7
Box: 3, 19, 16
Box: 9, 2, 54
Box: 6, 4, 126
Box: 5, 5, 18
Box: 10, 10, 8
Box: 13, 24, 32
Box: 64, 10, 22
Box: 21, 52, 9
Box: 64, 6, 10
Box: 62, 33, 17
Box: 2, 35, 126
Box: 25, 2, 17
Box: 24, 39, 115
Box: 33, 117, 126
Box: 20, 22, 12
Box: 11, 28, 80
Box: 22, 43, 126
Box: 21, 3, 13
Box: 64, 68, 13
Box: 2, 31, 8
Box: 30, 46, 5
Box: 15, 5, 23
Box: 7, 33, 126
Box: 64, 30, 21
Box: 13, 43, 4
Box: 64, 6, 126
Box: 33, 4, 4
Box: 64, 27, 9
Box: 7, 3, 26
Box: 64, 14, 32
Box: 3, 2, 7
Box: 5, 11, 69
Box: 5, 21, 26
Box: 2, 6, 18
Box: 64, 21, 3
Box: 64, 36, 6
Box: 64, 57, 13
Box: 15, 17, 26
Box: 4, 9, 4
Box: 64, 43, 126
Box: 30, 13, 5
Box: 7, 18, 5
Box: 20, 162, 88
Box: 64, 8, 51
Box: 20, 59, 80
Box: 13, 162, 13
Box: 3, 37, 12
Box: 40, 103, 9
Box: 21, 37, 126
Box: 64, 54, 7
Box: 4, 6, 8
Box: 20, 8, 43
Box: 64, 3, 35
Box: 2, 18, 17
Box: 2, 5, 8
Box: 64, 25, 31
Box: 10, 5, 8
Box: 17, 2, 18
Box: 9, 44, 9
Box: 5, 12, 12
Box: 22, 30, 7
Box: 14, 14, 5
Box: 12, 77, 32
Box: 17, 73, 4
Box: 23, 11, 28
Box: 7, 14, 48
Box: 3, 46, 56
Box: 6, 6, 17
Box: 9, 28, 7
Box: 31, 99, 52
Box: 64, 47, 109
Box: 5, 18, 38
Box: 6, 3, 65
Box: 64, 5, 58
Box: 64, 27, 15
Box: 15, 17, 7
Box: 17, 6, 29
Box: 64, 38, 14
Box: 7, 2, 10
Box: 64, 6, 19
Box: 64, 9, 126
Box: 64, 67, 29
Box: 13, 25, 24
Box: 21, 52, 11
Box: 15, 15, 8
Box: 17, 6, 9
Box: 17, 6, 2
Box: 9, 5, 71
Box: 64, 23, 12
Box: 42, 13, 9
Box: 20, 19, 2
Box: 3, 11, 12
Box: 9, 16, 126
Box: 29, 162, 40
Box: 62, 33, 13
Box: 4, 76, 56
Box: 7, 6, 10
Box: 57, 3, 30
Box: 24, 20, 9
Box: 15, 12, 18
Box: 64, 37, 76
Box: 41, 162, 2
Box: 16, 42, 9
Box: 4, 45, 3
Box: 3, 45, 14
Box: 8, 81, 9
Box: 3, 16, 16
Box: 31, 99, 20
Box: 7, 5, 34
Box: 8, 21, 18
Box: 4, 6, 5
Box: 15, 47, 4
Box: 24, 9, 7
Box: 32, 60, 12
Box: 6, 6, 10
Box: 33, 18, 5
Box: 64, 15, 20
Box: 64, 14, 45
Box: 43, 25, 29
Box: 2, 2, 3
Box: 19, 19, 63
Box: 5, 19, 17
Box: 60, 162, 11
Box: 64, 8, 4
Box: 7, 18, 12
Box: 32, 7, 9
Box: 26, 29, 33
Box: 9, 14, 17
Box: 64, 162, 8
Box: 5, 8, 34
Box: 6, 162, 20
Box: 14, 162, 19
Box: 11, 19, 22
Box: 11, 2, 126
Box: 38, 3, 14
Box: 5, 31, 25
Box: 2, 7, 126
Box: 22, 8, 19
Box: 3, 7, 16
Box: 2, 18, 6
Box: 7, 17, 90
Box: 52, 24, 5
Box: 32, 2, 8
Box: 6, 5, 14
Box: 3, 11, 6
Box: 8, 7, 43
Box: 64, 5, 2
Box: 21, 12, 43
Box: 12, 2, 59
Box: 64, 19, 13
Box: 64, 52, 39
Box: 45, 3, 23
Box: 6, 5, 126
Box: 64, 6, 126
Box: 64, 162, 3
Box: 17, 8, 21
Box: 10, 37, 4
Box: 30, 26, 126
Box: 6, 2, 60
Box: 64, 31, 12
Box: 12, 8, 2
Box: 28, 10, 56
Box: 2, 6, 35
Box: 64, 19, 4
Box: 64, 6, 10
Box: 27, 25, 34
Box: 64, 18, 13
Box: 10, 2, 124
Box: 7, 18, 4
Box: 64, 19, 3
Box: 64, 16, 100
Box: 3, 33, 16
Box: 28, 12, 21
Box: 15, 8, 16
Box: 34, 12, 3
Box: 13, 73, 2
Box: 6, 6, 6
Box: 2, 2, 17
Box: 3, 47, 36
Box: 2, 78, 32
Box: 20, 162, 11
Box: 7, 9, 5
Box: 4, 10, 3
Box: 64, 25, 11
Box: 2, 2, 26
Box: 3, 19, 70
Box: 64, 36, 9
Box: 64, 11, 35
Box: 15, 12, 92
Box: 64, 58, 23
Box: 64, 62, 17
Box: 27, 33, 35
Box: 64, 50, 94
Box: 64, 19, 77
Box: 43, 51, 12
Box: 18, 21, 19
Box: 7, 2, 23
Box: 3, 2, 7
Box: 11, 2, 3
Box: 2, 23, 20
Box: 15, 5, 71
Box: 13, 19, 5
Box: 4, 56, 62
Box: 19, 62, 28
Box: 10, 8, 4
Box: 13, 33, 9
Box: 9, 70, 43
Box: 4, 5, 7
Box: 32, 13, 28
Box: 64, 6, 5
Box: 14, 21, 19
Box: 5, 116, 126
Box: 57, 17, 126
Box: 4, 21, 19
Box: 29, 31, 25
Box: 22, 42, 4
Box: 2, 13, 19
Box: 7, 6, 4
Box: 7, 134, 101
Box: 52, 162, 57
Box: 13, 7, 2
Box: 64, 47, 39
Box: 3, 20, 32
Box: 29, 12, 33
Box: 32, 4, 8
Box: 6, 162, 19
Box: 6, 20, 5
Box: 45, 3, 13
Box: 28, 48, 6
Box: 2, 4, 23
Box: 64, 4, 28
Box: 9, 23, 126
Box: 10, 7, 9
Box: 13, 36, 25
Box: 7, 72, 126
Box: 11, 21, 29
Box: 64, 53, 14
Box: 8, 52, 9
Box: 32, 4, 8
Box: 6, 43, 9
Box: 64, 53, 121
Box: 64, 88, 113
Box: 64, 2, 5
Box: 64, 47, 13
Box: 64, 68, 6
Box: 10, 8, 26
Box: 35, 33, 8
Box: 56, 58, 16
Box: 2, 38, 126
Box: 7, 55, 45
Box: 56, 58, 11
Box: 3, 2, 3
Box: 21, 2, 4
Box: 64, 2, 21
Box: 3, 11, 21
Box: 5, 48, 36
Box: 21, 19, 5
Box: 12, 16, 18
Box: 64, 51, 31
Box: 5, 55, 19
Box: 64, 65, 126
Box: 18, 4, 8
Box: 31, 12, 16
Box: 27, 2, 6
Box: 10, 2, 3
Box: 12, 5, 2
Box: 3, 162, 57
Box: 10, 17, 56
Box: 8, 162, 68
Box: 8, 56, 14
Box: 30, 3, 2
Box: 2, 2, 5
Box: 4, 19, 10
Box: 12, 16, 59
Box: 18, 19, 32
Box: 64, 20, 18
Box: 2, 2, 2
Box: 2, 50, 25
Box: 64, 2, 26
Box: 20, 7, 10
Box: 4, 162, 19
Box: 18, 9, 30
Box: 18, 12, 12
Box: 7, 17, 126
Box: 2, 4, 25
Box: 15, 35, 126
Box: 64, 29, 7
Box: 64, 21, 21
Box: 11, 162, 25
Box: 45, 57, 47
Box: 2, 32, 126
Box: 64, 15, 8
Box: 5, 4, 10
Box: 41, 21, 29
Box: 2, 6, 9
Box: 13, 18, 38
Box: 28, 21, 20
Box: 64, 7, 3
Box: 64, 19, 7
Box: 30, 8, 4
Box: 56, 41, 126
Box: 18, 21, 4
Box: 17, 25, 5
Box: 64, 24, 31
Box: 15, 29, 126
Box: 6, 45, 8
Box: 26, 8, 8
Box: 21, 43, 9
Box: 25, 139, 126
Box: 7, 6, 75
Box: 5, 10, 126
Box: 64, 26, 40
Box: 6, 2, 120
Box: 9, 10, 2
Box: 7, 7, 25
Box: 18, 17, 24
Box: 16, 46, 34
Box: 5, 58, 17
Box: 6, 20, 3
Box: 4, 26, 8
Box: 64, 78, 126
Box: 7, 3, 49
Box: 45, 33, 29
Box: 18, 102, 126
Box: 12, 13, 5
Box: 25, 6, 32
Box: 19, 19, 5
Box: 21, 5, 126
Box: 9, 6, 32
Box: 7, 6, 35
Box: 5, 3, 26
Box: 2, 19, 7
Box: 64, 102, 15
Box: 2, 25, 5
Box: 2, 38, 28
Box: 11, 4, 12
Box: 7, 5, 2
Box: 18, 3, 51
Box: 6, 3, 7
Box: 12, 61, 3
Box: 64, 6, 3
Box: 64, 18, 14
Box: 10, 27, 126
Box: 16, 11, 7
Box: 8, 12, 13
Box: 8, 18, 21
Box: 22, 3, 11
Box: 16, 118, 31
Box: 64, 3, 16
Box: 8, 37, 21
Box: 38, 8, 2
Box: 64, 16, 126
Box: 64, 39, 14
Box: 33, 18, 6
Box: 24, 3, 26
Box: 8, 13, 63
Box: 13, 11, 13
Box: 9, 28, 12
Box: 64, 22, 36
Box: 3, 103, 9
Box: 64, 162, 6
Box: 3, 30, 7
Box: 14, 18, 63
Box: 10, 57, 63
Box: 64, 14, 5
Box: 11, 13, 60
Box: 17, 22, 12
Box: 8, 4, 7
Box: 9, 3, 51
Box: 64, 25, 6
Box: 64, 56, 126
Box: 3, 5, 110
Box: 13, 57, 63
Box: 64, 18, 22
Box: 6, 31, 43
Box: 4, 10, 38
Box: 19, 14, 17
Box: 31, 18, 5
Box: 64, 26, 8
Box: 12, 3, 3
Box: 64, 42, 126
Box: 8, 162, 34
Box: 22, 6, 4
Box: 7, 22, 31
Box: 64, 2, 51
Box: 9, 70, 38
Box: 7, 50, 4
Box: 64, 32, 26
Box: 64, 96, 13
Box: 64, 37, 4
Box: 7, 87, 13
Box: 44, 19, 29
Box: 64, 56, 15
Box: 38, 8, 5
Box: 14, 162, 20
Box: 4, 15, 27
Box: 5, 3, 34
Box: 41, 37, 12
Box: 35, 35, 8
Box: 10, 8, 21
Box: 2, 21, 15
Box: 64, 162, 60
Box: 7, 8, 8
Box: 5, 4, 14
Box: 14, 162, 20
Box: 19, 65, 20
Box: 8, 6, 39
Box: 16, 3, 3
Box: 31, 162, 126
Box: 64, 10, 7
Box: 14, 3, 29
Box: 44, 11, 56
Box: 3, 2, 18
Box: 11, 162, 17
Box: 5, 29, 49
Box: 5, 5, 4
Box: 64, 8, 11
Box: 64, 45, 54
Box: 8, 11, 77
Box: 11, 114, 2
Box: 3, 16, 49
Box: 35, 17, 8
Box: 64, 6, 2
Box: 5, 25, 9
Box: 3, 32, 9
Box: 8, 72, 7
Box: 43, 20, 46
Box: 15, 4, 2
Box: 6, 12, 12
Box: 4, 27, 11
Box: 18, 10, 4
Box: 32, 25, 8
Box: 2, 2, 28
Box: 64, 120, 17
Box: 64, 2, 4
Box: 27, 24, 55
Box: 7, 36, 126
Box: 6, 10, 23
Box: 64, 48, 22
Box: 13, 2, 14
Box: 21, 15, 24
Box: 18, 2, 18
Box: 5, 20, 19
Box: 5, 22, 12
Box: 4, 8, 47
Box: 4, 45, 59
Box: 4, 3, 36
Box: 8, 4, 7
Box: 64, 32, 126
Box: 10, 21, 40
Box: 6, 4, 13
Box: 10, 17, 6
Box: 5, 9, 7
Box: 19, 26, 6
Box: 64, 20, 18
Box: 21, 11, 14
Box: 64, 36, 3
Box: 64, 108, 4
Box: 30, 14, 5
Box: 20, 4, 12
Box: 2, 8, 5
Box: 2, 22, 17
Box: 14, 3, 30
Box: 26, 9, 33
Box: 11, 26, 43
Box: 4, 17, 10
Box: 64, 20, 41
Box: 7, 99, 54
Box: 14, 20, 30
Box: 64, 11, 10
Box: 5, 5, 18
Box: 64, 162, 57
Box: 4, 34, 3
Box: 3, 17, 11
Box: 20, 3, 41
Box: 64, 36, 7
Box: 13, 36, 7
Box: 17, 29, 4
Box: 64, 2, 9
Box: 64, 69, 35
Box: 6, 5, 37
Box: 64, 162, 12
Box: 20, 105, 61
Box: 8, 3, 20
Box: 4, 17, 27
Box: 64, 63, 18
Box: 64, 13, 7
Box: 64, 47, 64
Box: 8, 4, 126
Box: 64, 29, 9
Box: 64, 11, 7
Box: 10, 89, 26
Box: 4, 18, 5
Box: 4, 9, 7
Box: 30, 137, 35
Box: 27, 7, 6
Box: 9, 7, 16
Box: 64, 17, 7
Box: 64, 162, 6
Box: 49, 3, 21
Box: 33, 4, 37
Box: 4, 7, 10
Box: 8, 10, 72
Box: 5, 9, 30
Box: 2, 2, 6
Box: 7, 63, 126
Box: 7, 24, 67
Box: 64, 69, 126
Box: 5, 2, 7
Box: 7, 37, 67
Box: 7, 5, 21
Box: 3, 17, 26
Box: 20, 11, 69
Box: 53, 38, 30
Box: 5, 26, 14
Box: 64, 43, 13
Box: 14, 18, 17
Box: 49, 7, 126
Box: 17, 46, 34
Box: 64, 162, 53
Box: 7, 25, 17
Box: 6, 5, 9
Box: 6, 4, 5
Box: 2, 7, 8
Box: 12, 162, 13
Box: 8, 13, 9
Box: 20, 13, 4
Box: 64, 45, 81
Box: 8, 15, 28
Box: 64, 53, 10
Box: 16, 71, 75
Box: 64, 6, 88
Box: 64, 34, 126
Box: 34, 9, 3
Box: 21, 10, 126
Box: 64, 11, 16
Box: 6, 9, 58
Box: 28, 16, 20
Box: 2, 162, 31
Box: 24, 18, 36
Box: 3, 18, 43
Box: 2, 2, 5
Box: 8, 2, 26
Box: 9, 14, 2
Box: 10, 38, 126
Box: 4, 18, 7
Box: 6, 5, 28
Box: 13, 24, 7
Box: 18, 73, 11
Box: 64, 35, 6
Box: 64, 47, 9
Box: 11, 2, 7
Box: 12, 2, 4
Box: 4, 59, 53
Box: 8, 21, 9
Box: 64, 6, 28
Box: 19, 68, 126
Box: 64, 13, 126
Box: 8, 10, 20
Box: 24, 10, 14
Box: 3, 18, 4
Box: 9, 89, 9
Box: 64, 17, 6
Box: 64, 26, 15
Box: 7, 12, 34
Box: 4, 162, 126
Box: 4, 5, 126
Box: 64, 26, 63
Box: 64, 162, 52
Box: 64, 49, 2
Box: 22, 2, 9
Box: 15, 24, 42
Box: 64, 8, 30
Box: 5, 98, 126
Box: 2, 38, 8
Box: 4, 17, 6
Box: 30, 60, 20
Box: 3, 14, 12
Box: 64, 62, 43
Box: 7, 5, 48
Box: 16, 36, 9
Box: 27, 54, 25
Box: 39, 9, 8
Box: 16, 3, 6
Box: 64, 9, 7
Box: 4, 17, 22
Box: 18, 4, 28
Box: 64, 82, 126
Box: 64, 52, 70
Box: 44, 68, 24
Box: 2, 19, 19
Box: 64, 28, 60
Box: 64, 10, 19
Box: 4, 45, 4
Box: 10, 15, 23
Box: 64, 5, 6
Box: 8, 6, 126
Box: 17, 162, 126
Box: 28, 18, 14
Box: 25, 2, 36
Box: 10, 17, 106
Box: 3, 36, 56
Box: 20, 11, 12
Box: 7, 7, 20
Box: 30, 29, 24
Box: 2, 35, 45
Box: 28, 48, 5
Box: 49, 162, 21
Box: 5, 12, 7
Box: 43, 162, 19
Box: 64, 3, 58
Box: 23, 2, 5
Box: 31, 3, 5
Box: 5, 4, 28
Box: 5, 6, 19
Box: 64, 27, 21
Box: 11, 4, 55
Box: 7, 13, 126
Box: 7, 162, 126
Box: 64, 21, 2
Box: 44, 68, 10
Box: 8, 44, 9
Box: 64, 6, 6
Box: 7, 42, 8
Box: 64, 36, 11
Box: 14, 22, 37
Box: 9, 12, 16
Box: 7, 24, 8
Box: 64, 11, 93
Box: 53, 38, 96
Box: 9, 28, 8
Box: 64, 63, 31
Box: 8, 5, 28
Box: 20, 11, 28
Box: 4, 11, 8
Box: 34, 40, 18
Box: 64, 22, 2
Box: 10, 4, 28
Box: 34, 5, 3
Box: 64, 5, 29
Box: 5, 9, 58
Box: 12, 162, 126
Box: 2, 21, 4
Box: 2, 21, 14
Box: 5, 4, 4
Box: 4, 4, 28
Box: 10, 7, 26
Box: 27, 25, 24
Box: 64, 27, 63
Box: 4, 51, 33
Box: 2, 21, 19
Box: 11, 66, 126
Box: 37, 33, 5
Box: 64, 15, 13
Box: 8, 14, 26
Box: 15, 12, 43
Box: 45, 57, 34
Box: 3, 5, 13
Box: 6, 5, 24
Box: 64, 36, 41
Box: 49, 6, 9
Box: 3, 10, 6
Box: 17, 162, 30
Box: 14, 6, 24
Box: 4, 15, 5
Box: 24, 8, 22
Box: 9, 16, 4
Box: 7, 2, 6
Box: 20, 133, 7
Box: 44, 20, 34
Box: 4, 37, 9
Box: 20, 105, 29
Box: 49, 57, 12
Box: 64, 64, 27
Box: 10, 10, 16
Box: 8, 6, 126
Box: 5, 3, 2
Box: 5, 44, 6
Box: 43, 25, 9
Box: 2, 13, 60
Box: 64, 7, 17
Box: 3, 4, 14
Box: 7, 20, 26
Box: 2, 6, 18
Box: 64, 19, 7
Box: 16, 55, 3
Box: 17, 9, 4
Box: 14, 19, 13
Box: 6, 3, 17
Box: 7, 23, 126
Box: 30, 60, 41
Box: 35, 20, 48
Box: 7, 33, 6
Box: 5, 19, 11
Box: 64, 45, 5
Box: 64, 62, 75
Box: 64, 18, 41
Box: 3, 21, 2
Box: 64, 6, 3
Box: 7, 5, 17
Box: 14, 2, 126
Box: 64, 151, 12
Box: 2, 7, 13
Box: 64, 39, 22
Box: 9, 8, 53
Box: 44, 11, 104
Box: 64, 22, 8
Box: 2, 25, 6
Box: 64, 2, 126
Box: 64, 53, 5
Box: 15, 47, 9
Box: 8, 37, 8
Box: 41, 32, 6
Box: 29, 18, 51
Box: 15, 14, 81
Box: 64, 10, 16
Box: 64, 40, 82
Box: 43, 51, 22
Box: 7, 2, 18
Box: 5, 38, 31
Box: 64, 64, 32
Box: 4, 14, 8
Box: 64, 25, 12
Box: 64, 57, 2
Box: 15, 13, 55
Box: 2, 8, 10
Box: 20, 119, 12
Box: 64, 17, 25
Box: 4, 7, 13
Box: 44, 68, 9
Box: 8, 133, 109
Box: 64, 2, 10
Box: 8, 12, 14
Box: 8, 16, 63
Box: 5, 27, 121
Box: 64, 5, 11
Box: 22, 11, 69
Box: 3, 162, 31
Box: 24, 17, 8
Box: 6, 55, 44
Box: 7, 18, 37
Box: 64, 65, 3
Box: 20, 2, 18
Box: 21, 48, 12
Box: 5, 47, 33
Box: 53, 30, 40
Box: 64, 58, 38
Box: 64, 10, 3
Box: 64, 14, 30
Box: 64, 17, 22
Box: 45, 20, 126
Box: 8, 8, 19
Box: 64, 81, 50
Box: 18, 17, 6
Box: 22, 18, 19
Box: 2, 47, 33
Box: 64, 24, 126
Box: 7, 18, 7
Box: 2, 18, 63
Box: 10, 3, 4
Box: 64, 19, 2
Box: 64, 162, 14
Box: 16, 43, 52
Box: 15, 11, 126
Box: 64, 40, 22
Box: 15, 11, 69
Box: 64, 73, 31
Box: 64, 71, 41
Box: 16, 19, 17
Box: 15, 5, 8
Box: 3, 45, 126
Box: 24, 72, 115
Box: 4, 18, 3
Box: 10, 2, 11
Box: 64, 8, 10
Box: 62, 162, 5
Box: 2, 34, 60
Box: 38, 45, 126
Box: 6, 35, 6
Box: 9, 20, 8
Box: 15, 20, 32
Box: 8, 23, 126
Box: 31, 57, 23
Box: 64, 3, 39
Box: 5, 4, 17
Box: 11, 51, 39
Box: 17, 14, 5
Box: 64, 6, 58
Box: 13, 6, 126
Box: 64, 13, 18
Box: 30, 3, 7
Box: 64, 57, 5
Box: 4, 43, 9
Box: 64, 62, 10
Box: 15, 5, 126
Box: 16, 31, 9
Box: 21, 162, 19
Box: 5, 15, 19
Box: 64, 58, 7
Box: 23, 10, 126
Box: 64, 43, 126
Box: 16, 162, 3
Box: 21, 2, 10
Box: 8, 5, 9
Box: 6, 19, 6
Box: 10, 115, 26
Box: 20, 105, 26
Box: 20, 13, 12
Box: 64, 49, 49
Box: 64, 8, 18
Box: 2, 21, 18
Box: 6, 2, 4
Box: 28, 12, 3
Box: 3, 30, 5
Box: 29, 8, 34
Box: 11, 5, 2
Box: 7, 53, 3
Box: 4, 7, 22
Box: 2, 4, 2
Box: 64, 33, 38
Box: 4, 6, 24
Box: 64, 6, 31
Box: 64, 37, 24
Box: 64, 19, 4
Box: 18, 37, 21
Box: 25, 162, 2
Box: 9, 56, 6
Box: 4, 17, 8
Box: 12, 4, 2
Box: 34, 27, 40
Box: 6, 11, 23
Box: 4, 2, 13
Box: 6, 30, 20
Box: 4, 22, 8
Box: 17, 43, 11
Box: 25, 4, 126
Box: 8, 7, 30
Box: 16, 10, 61
Box: 64, 23, 126
Box: 8, 58, 27
Box: 6, 9, 26
Box: 5, 68, 11
Box: 8, 10, 63
Box: 37, 12, 16
Box: 9, 2, 126
Box: 27, 71, 126
Box: 14, 8, 36
Box: 2, 8, 4
Box: 3, 6, 9
Box: 9, 7, 15
Box: 64, 24, 41
Box: 7, 6, 4
Box: 2, 162, 3
Box: 64, 26, 6
Box: 14, 2, 36
Box: 57, 3, 2
Box: 16, 19, 37
Box: 35, 20, 48
Box: 12, 4, 2
Box: 64, 3, 14
Box: 4, 20, 126
Box: 7, 58, 63
Box: 24, 57, 6
Box: 64, 4, 30
Box: 8, 2, 7
Box: 2, 4, 126
Box: 64, 24, 126
Box: 9, 55, 63
Box: 26, 5, 126
Box: 3, 8, 2
Box: 5, 68, 40
Box: 9, 5, 18
Box: 49, 4, 28
Box: 21, 52, 17
Box: 34, 8, 16
Box: 64, 17, 2
Box: 64, 21, 39
Box: 13, 162, 8
Box: 16, 18, 38
Box: 64, 6, 2
Box: 32, 3, 8
Box: 22, 108, 6
Box: 3, 16, 107
Box: 27, 4, 40
Box: 2, 33, 9
Box: 5, 4, 16
Box: 39, 3, 7
Box: 10, 40, 16
Box: 64, 98, 15
Box: 9, 28, 10
Box: 12, 5, 126
Box: 24, 3, 48
Box: 64, 94, 43
Box: 64, 8, 32
Box: 20, 10, 17
Box: 5, 58, 5
Box: 3, 2, 26
Box: 13, 31, 25
Box: 10, 19, 10
Box: 12, 10, 4
Box: 64, 17, 12
Box: 6, 41, 65
Box: 3, 8, 9
Box: 64, 9, 29
Box: 10, 17, 106
Box: 6, 99, 61
Box: 21, 62, 126
Box: 64, 87, 6
Box: 7, 8, 121
Box: 14, 3, 126
Box: 16, 26, 9
Box: 4, 24, 15
Box: 12, 5, 2
Box: 64, 11, 24
Box: 64, 8, 20
Box: 14, 18, 23
Box: 44, 99, 104
Box: 64, 103, 45
Box: 64, 5, 64
Box: 64, 59, 54
Box: 24, 10, 39
Box: 15, 4, 2
Box: 64, 8, 46
Box: 27, 7, 34
Box: 18, 55, 63
Box: 10, 7, 15
Box: 28, 48, 6
Box: 32, 3, 8
Box: 38, 8, 27
Box: 64, 162, 2
Box: 64, 8, 13
Box: 64, 23, 22
Box: 64, 21, 14
Box: 12, 21, 19
Box: 4, 26, 35
Box: 28, 74, 27
Box: 64, 48, 81
Box: 17, 6, 4
Box: 64, 2, 3
Box: 28, 6, 35
Box: 64, 17, 4
Box: 13, 73, 13
Box: 8, 16, 16
Box: 13, 2, 7
Box: 27, 4, 32
Box: 15, 9, 7
Box: 2, 4, 8
Box: 21, 5, 4
Box: 4, 9, 11
Box: 5, 28, 126
Box: 64, 2, 54
Box: 15, 7, 6
Box: 50, 18, 18
Box: 8, 6, 75
Box: 34, 13, 9
Box: 38, 8, 54
Box: 26, 4, 98
Box: 6, 5, 41
Box: 7, 2, 26
Box: 10, 19, 11
Box: 13, 2, 5
Box: 14, 3, 30
Box: 64, 17, 74
Box: 4, 7, 121
Box: 10, 19, 26
Box: 3, 28, 114
Box: 10, 6, 78
Box: 34, 13, 16
Box: 2, 4, 5
Box: 2, 97, 32
Box: 6, 58, 13
Box: 8, 7, 19
Box: 26, 22, 11
Box: 23, 10, 6
Box: 16, 27, 2
Box: 64, 10, 19
Box: 2, 22, 12
Box: 2, 38, 32
Box: 10, 17, 2
Box: 4, 13, 8
Box: 3, 36, 36
Box: 43, 51, 34
Box: 64, 19, 13
Box: 18, 23, 126
Box: 6, 15, 126
Box: 64, 59, 32
Box: 12, 162, 3
Box: 10, 14, 26
Box: 5, 2, 14
Box: 18, 10, 16
Box: 12, 14, 31
Box: 37, 4, 16
Box: 26, 14, 33
Box: 44, 2, 8
Box: 2, 3, 41
Box: 5, 29, 126
Box: 4, 29, 21
Box: 22, 16, 11
Box: 49, 36, 126
Box: 64, 17, 126
Box: 2, 22, 3
Box: 12, 20, 21
Box: 4, 22, 28
Box: 64, 27, 8
Box: 64, 21, 22
Box: 23, 50, 5
Box: 8, 58, 34
Box: 64, 78, 18
Box: 4, 4, 5
Box: 10, 10, 30
Box: 45, 57, 29
Box: 5, 22, 28
Box: 64, 17, 4
Box: 17, 41, 126
Box: 10, 17, 31
Box: 3, 8, 34
Box: 2, 51, 33
Box: 20, 35, 12
Box: 64, 162, 15
Box: 4, 10, 19
Box: 7, 21, 18
Box: 25, 4, 20
Box: 31, 19, 3
Box: 64, 16, 38
Box: 3, 11, 8
Box: 64, 45, 6
Box: 64, 9, 53
Box: 9, 22, 8
Box: 64, 75, 126
Box: 17, 19, 16
Box: 27, 103, 80
Box: 7, 2, 8
Box: 6, 13, 43
Box: 12, 28, 18
Box: 15, 5, 114
Box: 2, 103, 9
Box: 2, 3, 29
Box: 39, 162, 7
Box: 31, 17, 10
Box: 3, 15, 16
Box: 9, 114, 126
Box: 6, 46, 34
Box: 12, 3, 2
Box: 6, 5, 7
Box: 64, 14, 59
Box: 17, 34, 5
Box: 64, 18, 31
Box: 3, 10, 7
Box: 2, 33, 34
Box: 9, 7, 40
Box: 11, 114, 126
Box: 64, 40, 14
Box: 15, 20, 53
Box: 35, 3, 48
Box: 8, 25, 8
Box: 3, 30, 9
Box: 64, 9, 126
Box: 13, 34, 126
Box: 64, 15, 7
Box: 14, 44, 41
Box: 17, 29, 25
Box: 55, 7, 3
Box: 9, 22, 3
Box: 41, 32, 6
Box: 13, 10, 51
Box: 64, 39, 46
Box: 64, 20, 8
Box: 64, 18, 31
Box: 8, 20, 77
Box: 64, 23, 26
Box: 43, 51, 32
Box: 34, 40, 64
Box: 64, 39, 6
Box: 7, 19, 9
Box: 64, 10, 7
Box: 2, 30, 10
Box: 3, 11, 6
Box: 29, 28, 13
Box: 3, 19, 56
Box: 10, 17, 38
Box: 32, 8, 34
Box: 2, 116, 126
Box: 3, 9, 49
Box: 10, 6, 3
Box: 64, 58, 14
Box: 9, 28, 4
Box: 10, 28, 16
Box: 9, 3, 3
Box: 6, 50, 14
Box: 9, 14, 18
Box: 23, 57, 22
Box: 64, 94, 67
Box: 64, 55, 13
Box: 8, 8, 36
Box: 20, 10, 10
Box: 6, 4, 6
Box: 64, 70, 126
Box: 35, 33, 126
Box: 7, 19, 22
Box: 26, 44, 3
Box: 31, 64, 121
Box: 2, 23, 17
Box: 9, 28, 2
Box: 64, 9, 8
Box: 7, 17, 2
Box: 17, 40, 36
Box: 14, 7, 126
Box: 2, 73, 81
Box: 15, 3, 126
Box: 48, 105, 38
Box: 4, 162, 31
Box: 18, 114, 126
Box: 21, 29, 49
Box: 4, 4, 36
Box: 11, 28, 6
Box: 7, 59, 126
Box: 38, 14, 14
Box: 5, 43, 4
Box: 27, 19, 7
Box: 64, 32, 12
Box: 4, 19, 10
Box: 64, 4, 7
Box: 37, 2, 4
Box: 4, 26, 51
Box: 43, 22, 12
Box: 11, 25, 2
Box: 11, 38, 31
Box: 16, 11, 5
Box: 21, 12, 30
Box: 16, 43, 23
Box: 27, 27, 121
Box: 6, 4, 6
Box: 16, 48, 38
Box: 7, 7, 16
Box: 18, 48, 124
Box: 4, 57, 5
Box: 64, 141, 39
Box: 8, 7, 53
Box: 4, 10, 15
Box: 64, 14, 6
Box: 64, 15, 32
Box: 64, 12, 63
Box: 64, 62, 3
Box: 31, 10, 81
Box: 4, 35, 2
Box: 6, 14, 50
Box: 36, 3, 30
Box: 64, 25, 6
Box: 20, 2, 12
Box: 64, 3, 8
Box: 8, 2, 5
Box: 64, 6, 12
Box: 3, 21, 37
Box: 7, 10, 6
Box: 9, 51, 33
Box: 4, 26, 33
Box: 6, 56, 65
Box: 2, 54, 46
Box: 2, 116, 5
Box: 15, 10, 12
Box: 7, 8, 23
Box: 10, 37, 2
Box: 9, 7, 2
Box: 64, 63, 26
Box: 3, 7, 19
Box: 3, 26, 4
Box: 64, 6, 126
Box: 44, 162, 26
Box: 9, 7, 27
Box: 18, 10, 6
Box: 19, 62, 52
Box: 15, 12, 16
Box: 2, 25, 17
Box: 19, 2, 5
Box: 18, 11, 2
Box: 64, 3, 13
Box: 2, 38, 19
Box: 15, 11, 4
Box: 8, 8, 35
Box: 6, 3, 60
Box: 7, 19, 12
Box: 64, 36, 4
Box: 10, 5, 126
Box: 30, 3, 3
Box: 64, 39, 7
Box: 7, 6, 75
Box: 17, 12, 12
Box: 27, 2, 18
Box: 10, 16, 126
Box: 64, 45, 9
Box: 13, 44, 126
Box: 10, 19, 6
Box: 64, 59, 9
Box: 15, 22, 69
Box: 64, 7, 25
Box: 64, 75, 21
Box: 50, 35, 45
Box: 15, 99, 126
Box: 11, 116, 6
Box: 20, 74, 80
Box: 32, 60, 12
Box: 9, 133, 88
Box: 64, 22, 24
Box: 4, 4, 55
Box: 64, 21, 15
Box: 9, 22, 7
Box: 7, 32, 8
Box: 64, 162, 37
Box: 17, 14, 31
Box: 6, 135, 6
Box: 20, 17, 12
Box: 13, 57, 22
Box: 10, 7, 15
Box: 10, 45, 126
Box: 25, 51, 20
Box: 64, 2, 63
Box: 17, 3, 40
Box: 4, 14, 26
Box: 3, 22, 37
Box: 3, 8, 10
Box: 64, 9, 29
Box: 32, 8, 15
Box: 30, 15, 24
Box: 10, 18, 4
Box: 12, 4, 59
Box: 6, 20, 5
Box: 18, 6, 17
Box: 4, 41, 19
Box: 9, 5, 16
Box: 15, 50, 88
Box: 64, 36, 15
Box: 4, 8, 16
Box: 15, 4, 2
Box: 2, 16, 4
Box: 34, 9, 26
Box: 22, 10, 6
Box: 15, 4, 4
Box: 2, 24, 126
Box: 64, 31, 12
Box: 7, 6, 18
Box: 56, 35, 43
Box: 6, 2, 3
Box: 7, 33, 35
Box: 3, 15, 6
Box: 17, 162, 16
Box: 24, 21, 25
Box: 4, 15, 5
Box: 9, 38, 33
Box: 64, 2, 32
Box: 64, 24, 28
Box: 23, 162, 49
Box: 64, 162, 44
Box: 21, 56, 14
Box: 6, 10, 6
Box: 64, 19, 38
Box: 64, 8, 11
Box: 18, 12, 102
Box: 13, 14, 5
Box: 31, 21, 31
Box: 64, 17, 7
Box: 18, 5, 19
Box: 2, 19, 7
Box: 64, 29, 35
Box: 6, 35, 4
Box: 2, 30, 22
Box: 12, 5, 2
Box: 18, 9, 69
Box: 64, 10, 44
Box: 7, 2, 21
Box: 64, 47, 6
Box: 10, 10, 13
Box: 30, 162, 14
Box: 6, 10, 49
Box: 10, 8, 63
Box: 64, 134, 91
Box: 64, 94, 6
Box: 64, 5, 46
Box: 3, 6, 21
Box: 15, 22, 11
Box: 31, 9, 81
Box: 11, 8, 10
Box: 19, 62, 3
Box: 2, 38, 5
Box: 64, 29, 9
Box: 7, 99, 39
Box: 35, 162, 29
Box: 26, 29, 8
Box: 15, 27, 126
Box: 23, 162, 11
Box: 45, 65, 20
Box: 15, 47, 10
Box: 9, 3, 8
Box: 12, 33, 2
Box: 13, 24, 22
Box: 20, 3, 13
Box: 12, 32, 49
Box: 64, 24, 21
Box: 17, 12, 41
Box: 13, 8, 4
Box: 44, 20, 28
Box: 4, 25, 32
Box: 64, 58, 74
Box: 6, 59, 23
Box: 64, 19, 2
Box: 15, 10, 51
Box: 64, 4, 4
Box: 20, 162, 4
Box: 64, 2, 15
Box: 4, 4, 126
Box: 64, 17, 9
Box: 11, 4, 2
Box: 10, 13, 126
Box: 4, 7, 8
Box: 6, 68, 11
Box: 64, 24, 12
Box: 64, 22, 60
Box: 12, 3, 49
Box: 5, 14, 84
Box: 13, 8, 4
Box: 4, 13, 25
Box: 2, 33, 41
Box: 29, 26, 43
Box: 5, 162, 17
Box: 64, 2, 6
Box: 18, 41, 6
Box: 64, 24, 48
Box: 64, 67, 2
Box: 22, 2, 14
Box: 64, 5, 7
Box: 64, 55, 21
Box: 15, 13, 2
Box: 2, 17, 11
Box: 10, 17, 7
Box: 16, 19, 13
Box: 3, 2, 2
Box: 3, 4, 26
Box: 30, 33, 4
Box: 3, 8, 39
Box: 30, 10, 42
Box: 7, 5, 4
Box: 4, 24, 9
Box: 6, 22, 11
Box: 64, 36, 22
Box: 6, 35, 20
Box: 27, 2, 26
Box: 27, 32, 25
Box: 25, 2, 2
Box: 64, 162, 70
Box: 64, 26, 16
Box: 13, 3, 3
Box: 64, 2, 34
Box: 6, 4, 40
Box: 64, 28, 66
Box: 14, 37, 8
Box: 64, 7, 47
Box: 4, 9, 3
Box: 7, 24, 126
Box: 27, 34, 25
Box: 64, 20, 2
Box: 2, 7, 13
Box: 64, 18, 3
Box: 8, 14, 40
Box: 3, 162, 126
Box: 17, 18, 21
Box: 64, 17, 126
Box: 18, 13, 19
Box: 4, 2, 4
Box: 5, 26, 51
Box: 3, 25, 17
Box: 9, 10, 14
Box: 64, 22, 51
Box: 30, 60, 23
Box: 13, 12, 32
Box: 15, 4, 43
Box: 64, 10, 9
Box: 37, 55, 126
Box: 30, 20, 17
Box: 8, 58, 29
Box: 8, 39, 18
Box: 64, 13, 21
Box: 20, 26, 16
Box: 5, 34, 19
Box: 64, 19, 13
Box: 27, 7, 23
Box: 64, 69, 24
Box: 64, 13, 13
Box: 29, 21, 126
Box: 64, 26, 126
Box: 18, 27, 13
Box: 30, 33, 24
Box: 28, 162, 34
Box: 6, 68, 19
Box: 23, 4, 22
Box: 10, 2, 2
Box: 4, 37, 7
Box: 27, 18, 55
Box: 6, 39, 43
Box: 64, 10, 126
Box: 4, 2, 6
Box: 37, 121, 16
Box: 12, 2, 5
Box: 13, 56, 6
Box: 64, 18, 15
Box: 11, 87, 2
Box: 6, 8, 20
Box: 12, 5, 28
Box: 64, 82, 19
Box: 64, 59, 32
Box: 34, 2, 13
Box: 26, 48, 17
Box: 13, 73, 24
Box: 24, 58, 63
Box: 10, 2, 4
Box: 11, 2, 13
Box: 16, 15, 28
Box: 2, 5, 5
Box: 7, 12, 75
Box: 62, 33, 2
Box: 25, 4, 95
Box: 2, 45, 8
Box: 20, 39, 10
Box: 13, 2, 12
Box: 59, 162, 46
Box: 64, 8, 4
Box: 64, 88, 126
Box: 50, 18, 11
Box: 11, 116, 10
Box: 64, 11, 21
Box: 4, 12, 11
Box: 3, 10, 19
Box: 64, 11, 3
Box: 10, 25, 26
Box: 38, 20, 8
Box: 64, 17, 48
Box: 9, 3, 33
Box: 41, 9, 11
Box: 17, 162, 126
Box: 20, 4, 12
Box: 7, 19, 57
Box: 12, 4, 21
Box: 56, 4, 24
Box: 23, 5, 9
Box: 3, 3, 2
Box: 64, 162, 3
Box: 43, 2, 13
Box: 64, 107, 8
Box: 6, 6, 75
Box: 15, 50, 38
Box: 12, 18, 36
Box: 10, 3, 10
Box: 15, 7, 2
Box: 9, 19, 33
Box: 43, 2, 126
Box: 9, 25, 6
Box: 16, 36, 3
Box: 64, 15, 126
Box: 3, 44, 126
Box: 2, 16, 3
Box: 64, 70, 9
Box: 18, 8, 9
Box: 64, 17, 126
Box: 64, 16, 10
Box: 64, 21, 126
Box: 8, 12, 13
Box: 7, 19, 11
Box: 13, 10, 34
Box: 3, 57, 9
Box: 30, 162, 14
Box: 64, 2, 42
Box: 3, 19, 63
Box: 44, 16, 29
Box: 2, 74, 126
Box: 19, 162, 31
Box: 64, 21, 10
Box: 19, 7, 8
Box: 13, 2, 8
Box: 62, 33, 4
Box: 5, 14, 11
Box: 64, 25, 6
Box: 3, 103, 9
Box: 10, 11, 126
Box: 64, 42, 97
Box: 4, 4, 126
Box: 6, 58, 126
Box: 22, 35, 2
Box: 30, 2, 82
Box: 64, 5, 3
Box: 2, 22, 126
Box: 38, 44, 3
Box: 8, 5, 4
Box: 64, 7, 126
Box: 64, 17, 32
Box: 2, 19, 85
Box: 15, 2, 11
Box: 8, 81, 19
Box: 7, 53, 13
Box: 43, 51, 5
Box: 64, 7, 17
Box: 5, 17, 7
Box: 2, 6, 13
Box: 18, 95, 126
Box: 5, 58, 29
Box: 3, 14, 13
Box: 4, 7, 65
Box: 7, 7, 126
Box: 64, 44, 7
Box: 11, 28, 13
Box: 5, 22, 9
Box: 64, 17, 21
Box: 15, 77, 126
Box: 64, 41, 12
Box: 7, 8, 10
Box: 9, 2, 8
Box: 3, 162, 25
Box: 9, 11, 126
Box: 16, 17, 31
Box: 64, 8, 84
Box: 13, 7, 4
Box: 32, 7, 4
Box: 13, 22, 4
Box: 15, 12, 126
Box: 64, 145, 32
Box: 9, 10, 2
Box: 64, 8, 17
Box: 21, 69, 126
Box: 64, 24, 126
Box: 15, 8, 39
Box: 4, 9, 24
Box: 64, 31, 40
Box: 64, 12, 14
Box: 2, 116, 62
Box: 18, 162, 126
Box: 6, 2, 24
Box: 9, 33, 16
Box: 42, 10, 101
Box: 9, 22, 6
Box: 19, 5, 114
Box: 15, 3, 42
Box: 64, 34, 49
Box: 7, 18, 2
Box: 5, 21, 40
Box: 64, 11, 7
Box: 64, 31, 8
Box: 28, 48, 16
Box: 64, 18, 41
Box: 6, 162, 17
Box: 64, 2, 2
Box: 11, 37, 21
Box: 64, 26, 60
Box: 14, 15, 9
Box: 11, 3, 40
Box: 27, 7, 48
Box: 2, 2, 4
Box: 13, 11, 13
Box: 19, 28, 18
Box: 5, 39, 71
Box: 5, 3, 4
Box: 4, 3, 4
Box: 64, 7, 126
Box: 64, 5, 26
Box: 4, 18, 3
Box: 4, 23, 4
Box: 11, 5, 13
Box: 28, 9, 17
Box: 64, 68, 14
Box: 64, 162, 7
Box: 64, 36, 11
Box: 6, 4, 4
Box: 10, 19, 17
Box: 64, 26, 11
Box: 27, 4, 4
Box: 9, 6, 3
Box: 18, 73, 12
Box: 14, 3, 26
Box: 3, 26, 70
Box: 5, 3, 5
Box: 12, 18, 126
Box: 2, 30, 22
Box: 6, 35, 17
Box: 9, 14, 10
Box: 64, 24, 11
Box: 34, 7, 13
Box: 64, 95, 32
Box: 15, 22, 42
Box: 3, 6, 22
Box: 3, 51, 20
Box: 49, 77, 32
Box: 3, 13, 60
Box: 10, 64, 126
Box: 2, 162, 11
Box: 7, 33, 57
Box: 7, 18, 24
Box: 6, 45, 59
Box: 64, 125, 19
Box: 6, 10, 13
Box: 10, 55, 45
Box: 64, 39, 61
Box: 2, 28, 13
Box: 15, 18, 13
Box: 37, 162, 19
Box: 5, 5, 57
Box: 19, 33, 28
Box: 64, 26, 69
Box: 64, 14, 54
Box: 64, 32, 20
Box: 34, 2, 13
Box: 3, 4, 16
Box: 64, 10, 29
Box: 64, 53, 126
Box: 2, 42, 27
Box: 64, 2, 126
Box: 4, 14, 17
Box: 7, 25, 32
Box: 10, 37, 3
Box: 3, 106, 4
Box: 17, 21, 12
Box: 15, 5, 13
Box: 3, 6, 7
Box: 9, 10, 8
Box: 64, 4, 126
Box: 17, 21, 24
Box: 11, 18, 9
Box: 64, 73, 3
Box: 3, 82, 26
Box: 64, 36, 37
Box: 64, 19, 29
Box: 64, 81, 12
Box: 9, 4, 126
Box: 64, 75, 6
Box: 5, 4, 3
Box: 15, 22, 20
Box: 20, 17, 106
Box: 64, 5, 126
Box: 5, 60, 98
Box: 10, 2, 2
Box: 9, 18, 4
Box: 10, 6, 126
Box: 64, 14, 25
Box: 55, 10, 32
Box: 2, 11, 8
Box: 9, 20, 58
Box: 4, 20, 24
Box: 17, 38, 36
Box: 10, 18, 4
Box: 17, 162, 39
Box: 64, 19, 49
Box: 64, 12, 35
Box: 16, 19, 17
Box: 3, 23, 4
Box: 28, 44, 112
Box: 40, 12, 41
Box: 64, 26, 8
Box: 15, 4, 2
Box: 8, 7, 8
Box: 20, 6, 35
Box: 7, 71, 33
Box: 4, 17, 16
Box: 18, 14, 4
Box: 64, 13, 11
Box: 13, 4, 126
Box: 45, 2, 126
Box: 3, 3, 7
Box: 17, 162, 30
Box: 31, 6, 39
Box: 64, 19, 48
Box: 64, 28, 3
Box: 2, 6, 3
Box: 64, 34, 8
Box: 3, 16, 16
Box: 64, 26, 63
Box: 12, 14, 2
Box: 2, 2, 5
Box: 64, 162, 6
Box: 8, 44, 9
Box: 21, 19, 76
Box: 4, 3, 3
Box: 7, 42, 26
Box: 26, 8, 19
Box: 10, 10, 16
Box: 20, 22, 17
Box: 3, 3, 9
Box: 2, 13, 74
Box: 19, 5, 6
Box: 7, 162, 57
Box: 25, 21, 86
Box: 3, 14, 7
Box: 64, 6, 14
Box: 41, 32, 12
Box: 64, 24, 3
Box: 7, 13, 60
Box: 15, 8, 15
Box: 25, 27, 20
Box: 13, 2, 68
Box: 17, 10, 72
Box: 6, 8, 43
Box: 64, 69, 4
Box: 8, 20, 43
Box: 64, 99, 18
Box: 7, 19, 37
Box: 6, 22, 126
Box: 8, 72, 7
Box: 16, 6, 15
Box: 18, 5, 15
Box: 7, 4, 17
Box: 17, 23, 33
Box: 7, 21, 36
Box: 17, 22, 4
Box: 64, 8, 3
Box: 4, 12, 3
Box: 6, 9, 11
Box: 16, 36, 3
Box: 8, 133, 9
Box: 3, 5, 10
Box: 2, 3, 46
Box: 46, 17, 16
Box: 3, 5, 7
Box: 8, 12, 28
Box: 5, 11, 69
Box: 15, 38, 31
Box: 5, 5, 4
Box: 8, 10, 72
Box: 7, 59, 5
Box: 26, 28, 126
Box: 64, 40, 36
Box: 7, 27, 126
Box: 28, 12, 7
Box: 5, 58, 6
Box: 8, 5, 110
Box: 31, 3, 81
Box: 8, 81, 8
Box: 15, 14, 7
Box: 10, 162, 34
Box: 3, 5, 4
Box: 4, 48, 12
Box: 15, 15, 3
Box: 16, 15, 9
Box: 64, 16, 45
Box: 64, 19, 21
Box: 7, 3, 8
Box: 64, 103, 6
Box: 64, 16, 12
Box: 64, 17, 27
Box: 30, 17, 23
Box: 6, 4, 27
Box: 33, 18, 58
Box: 62, 34, 7
Box: 2, 19, 34
Box: 26, 2, 6
Box: 17, 6, 22
Box: 8, 61, 3
Box: 8, 17, 56
Box: 13, 16, 45
Box: 3, 26, 126
Box: 64, 14, 126
Box: 2, 16, 4
Box: 64, 31, 2
Box: 62, 33, 12
Box: 6, 3, 6
Box: 7, 5, 7
Box: 64, 68, 7
Box: 3, 3, 36
Box: 4, 10, 11
Box: 64, 67, 6
Box: 34, 40, 21
Box: 2, 68, 75
Box: 3, 14, 50
Box: 64, 6, 9
Box: 64, 5, 13
Box: 64, 17, 23
Box: 64, 115, 4
Box: 64, 22, 29
Box: 64, 162, 8
Box: 5, 6, 39
Box: 6, 162, 21
Box: 18, 57, 23
Box: 4, 11, 81
Box: 13, 73, 13
Box: 10, 2, 6
Box: 18, 162, 126
Box: 3, 113, 126
Box: 64, 9, 120
Box: 64, 162, 7
Box: 57, 3, 3
Box: 44, 26, 16
Box: 64, 64, 5
Box: 39, 49, 25
Box: 22, 27, 19
Box: 14, 44, 85
Box: 64, 16, 126
Box: 2, 14, 17
Box: 16, 4, 3
Box: 10, 17, 20
Box: 9, 14, 2
Box: 4, 22, 79
Box: 16, 19, 6
Box: 15, 4, 4
Box: 4, 28, 22
Box: 20, 21, 4
Box: 64, 42, 21
Box: 2, 38, 35
Box: 3, 2, 7
Box: 10, 19, 32
Box: 18, 40, 10
Box: 7, 3, 6
Box: 7, 5, 7
Box: 15, 3, 7
Box: 64, 8, 18
Box: 11, 18, 126
Box: 3, 11, 2
Box: 64, 5, 56
Box: 2, 7, 19
Box: 4, 3, 2
Box: 9, 5, 55
Box: 6, 8, 21
Box: 6, 51, 33
Box: 15, 3, 5
Box: 32, 8, 64
Box: 9, 89, 66
Box: 64, 14, 60
Box: 4, 19, 28
Box: 7, 18, 6
Box: 21, 19, 13
Box: 64, 51, 33
Box: 10, 3, 3
Box: 4, 11, 2
Box: 5, 58, 57
Box: 14, 5, 9
Box: 15, 4, 61
Box: 15, 3, 4
Box: 12, 17, 2
Box: 4, 9, 26
Box: 18, 28, 22
Box: 13, 2, 33
Box: 64, 6, 20
Box: 64, 29, 126
Box: 64, 8, 12
Box: 64, 23, 41
Box: 7, 14, 67
Box: 5, 162, 126
Box: 3, 48, 38
Box: 10, 9, 12
Box: 22, 20, 2
Box: 21, 8, 126
Box: 64, 15, 89
Box: 4, 12, 17
Box: 7, 19, 126
Box: 2, 2, 36
Box: 8, 53, 126
Box: 16, 55, 2
Box: 15, 8, 31
Box: 6, 15, 69
Box: 13, 112, 56
Box: 3, 11, 9
Box: 15, 18, 43
Box: 64, 45, 38
Box: 13, 9, 4
Box: 16, 36, 6
Box: 11, 116, 39
Box: 10, 19, 7
Box: 64, 12, 4
Box: 13, 5, 18
Box: 22, 21, 11
Box: 2, 17, 106
Box: 4, 9, 2
Box: 12, 28, 126
Box: 5, 9, 126
Box: 64, 30, 30
Box: 5, 17, 2
Box: 2, 7, 8
Box: 6, 18, 21
Box: 20, 11, 14
Box: 19, 7, 4
Box: 7, 33, 126
Box: 2, 63, 75
Box: 2, 12, 41
Box: 49, 162, 4
Box: 64, 7, 38
Box: 3, 32, 49
Box: 3, 11, 15
Box: 5, 99, 23
Box: 2, 5, 8
Box: 9, 12, 75
Box: 64, 45, 2
Box: 4, 3, 2
Box: 64, 9, 17
Box: 64, 162, 38
Box: 64, 51, 5
Box: 28, 15, 35
Box: 64, 16, 15
Box: 64, 15, 126
Box: 3, 17, 11
Box: 64, 7, 6
Box: 4, 2, 7
Box: 20, 26, 126
Box: 16, 22, 11
Box: 8, 3, 40
Box: 27, 7, 9
Box: 64, 13, 8
Box: 64, 48, 5
Box: 39, 6, 12
Box: 10, 42, 21
Box: 26, 10, 51
Box: 7, 48, 26
Box: 21, 27, 19
Box: 64, 94, 17
Box: 4, 3, 41
Box: 7, 2, 3
Box: 10, 2, 124
Box: 7, 9, 34
Box: 33, 4, 2
Box: 3, 32, 9
Box: 64, 66, 126
Box: 26, 14, 2
Box: 8, 3, 9
Box: 22, 26, 9
Box: 14, 39, 18
Box: 26, 2, 36
Box: 64, 30, 46
Box: 64, 36, 6
Box: 15, 3, 126
Box: 7, 51, 39
Box: 10, 3, 39
Box: 64, 34, 9
Box: 64, 8, 38
Box: 8, 69, 126
Box: 24, 5, 12
Box: 64, 44, 7
Box: 10, 14, 7
Box: 64, 31, 23
Box: 13, 57, 9
Box: 64, 6, 15
Box: 16, 73, 38
Box: 2, 32, 20
Box: 4, 5, 19
Box: 44, 16, 45
Box: 64, 103, 3
Box: 4, 7, 11
Box: 64, 102, 4
Box: 6, 19, 51
Box: 64, 15, 126
Box: 3, 2, 9
Box: 14, 3, 24
Box: 4, 4, 36
Box: 23, 33, 9
Box: 6, 35, 3
Box: 37, 38, 8
Box: 64, 42, 20
Box: 14, 5, 56
Box: 2, 18, 20
Box: 7, 44, 9
Box: 24, 2, 95
Box: 3, 4, 4
Box: 6, 19, 126
Box: 34, 51, 39
Box: 64, 27, 26
Box: 28, 74, 3
Box: 2, 7, 75
Box: 64, 4, 35
Box: 32, 2, 8
Box: 13, 2, 14
Box: 19, 16, 14
Box: 10, 21, 5
Box: 7, 24, 9
Box: 7, 19, 57
Box: 22, 120, 4
Box: 64, 68, 4
Box: 2, 21, 86
Box: 44, 74, 29
Box: 64, 56, 25
Box: 64, 11, 36
Box: 30, 2, 6
Box: 16, 23, 3
Box: 10, 15, 35
Box: 64, 3, 34
Box: 9, 7, 3
Box: 3, 2, 26
Box: 2, 16, 10
Box: 24, 34, 115
Box: 3, 21, 64
Box: 24, 21, 23
Box: 50, 27, 30
Box: 2, 13, 9
Box: 5, 14, 17
Box: 9, 22, 17
Box: 20, 50, 4
Box: 3, 14, 6
Box: 64, 28, 22
Box: 12, 12, 102
Box: 64, 5, 126
Box: 26, 53, 31
Box: 5, 75, 57
Box: 64, 7, 74
Box: 44, 5, 29
Box: 5, 68, 3
Box: 8, 37, 56
Box: 7, 40, 6
Box: 64, 27, 126
Box: 4, 27, 2
Box: 6, 7, 53
Box: 64, 38, 7
Box: 5, 11, 19
Box: 19, 12, 16
Box: 20, 33, 4
Box: 17, 19, 126
Box: 12, 2, 5
Box: 42, 30, 17
Box: 64, 5, 51
Box: 29, 9, 33
Box: 64, 11, 126
Box: 9, 14, 58
Box: 64, 65, 21
Box: 10, 10, 126
Box: 10, 15, 23
Box: 64, 4, 126
Box: 64, 7, 3
Box: 64, 30, 36
Box: 4, 13, 3
Box: 64, 2, 24
Box: 4, 18, 9
Box: 64, 8, 40
Box: 7, 24, 3
Box: 5, 7, 121
Box: 64, 58, 14
Box: 4, 2, 3
Box: 13, 14, 17
Box: 39, 14, 3
Box: 64, 34, 26
Box: 20, 10, 12
Box: 5, 7, 53
Box: 5, 2, 126
Box: 6, 5, 17
Box: 7, 5, 28
Box: 4, 14, 17
Box: 43, 19, 6
Box: 64, 32, 4
Box: 22, 3, 19
Box: 64, 18, 2
Box: 64, 2, 46
Box: 4, 5, 12
Box: 2, 13, 25
Box: 7, 32, 36
Box: 11, 9, 8
Box: 30, 60, 4
Box: 5, 14, 21
Box: 64, 6, 17
Box: 13, 4, 18
Box: 10, 3, 26
Box: 64, 12, 56
Box: 19, 49, 14
Box: 5, 87, 13
Box: 5, 52, 11
Box: 64, 18, 7
Box: 64, 9, 9
Box: 24, 11, 68
Box: 37, 10, 4
Box: 64, 6, 16
Box: 19, 59, 8
Box: 64, 7, 126
Box: 64, 162, 24
Box: 53, 16, 9
Box: 2, 17, 23
Box: 4, 15, 126
Box: 64, 42, 18
Box: 7, 23, 6
Box: 4, 22, 12
Box: 18, 48, 2
Box: 2, 9, 126
Box: 64, 27, 71
Box: 64, 62, 22
Box: 13, 162, 32
Box: 64, 102, 6
Box: 64, 26, 114
Box: 35, 14, 48
Box: 18, 27, 9
Box: 7, 12, 36
Box: 64, 11, 5
Box: 16, 20, 9
Box: 24, 6, 115
Box: 15, 15, 43
Box: 64, 57, 15
Box: 13, 73, 20
Box: 64, 162, 23
Box: 34, 14, 7
Box: 3, 162, 11
Box: 64, 6, 6
Box: 5, 4, 7
Box: 64, 60, 13
Box: 64, 45, 4
Box: 2, 33, 48
Box: 4, 51, 126
Box: 45, 27, 126
Box: 28, 48, 9
Box: 13, 8, 13
Box: 64, 7, 8
Box: 64, 14, 126
Box: 3, 3, 5
Box: 5, 99, 22
Box: 10, 3, 9
Box: 13, 36, 33
Box: 64, 2, 126
Box: 8, 135, 6
Box: 64, 162, 33
Box: 9, 22, 7
Box: 64, 33, 22
Box: 8, 14, 16
Box: 6, 6, 32
Box: 35, 94, 48
Box: 6, 44, 2
Box: 11, 43, 2
Box: 34, 26, 11
Box: 18, 73, 3
Box: 64, 162, 58
Box: 35, 12, 8
Box: 2, 9, 26
Box: 18, 10, 20
Box: 10, 4, 12
Box: 15, 8, 42
Box: 2, 3, 40
Box: 64, 140, 126
Box: 8, 8, 47
Box: 3, 9, 6
Box: 8, 7, 24
Box: 16, 19, 17
Box: 5, 162, 2
Box: 64, 13, 4
Box: 15, 47, 33
Box: 5, 8, 31
Box: 14, 45, 17
Box: 64, 13, 56
Box: 64, 48, 21
Box: 62, 33, 15
Box: 8, 45, 8
Box: 3, 2, 36
Box: 5, 4, 34
Box: 18, 73, 36
Box: 64, 20, 81
Box: 64, 39, 15
Box: 64, 53, 62
Box: 15, 8, 4
Box: 64, 57, 22
Box: 64, 14, 12
Box: 7, 25, 17
Box: 25, 17, 11
Box: 2, 30, 4
Box: 60, 14, 8
Box: 64, 16, 41
Box: 15, 20, 26
Box: 9, 10, 6
Box: 4, 11, 22
Box: 8, 5, 2
Box: 32, 83, 81
Box: 4, 24, 6
Box: 64, 3, 10
Box: 4, 8, 126
Box: 7, 24, 2
Box: 38, 3, 126
Box: 10, 3, 5
Box: 22, 51, 11
Box: 64, 2, 126
Box: 10, 2, 7
Box: 27, 4, 22
Box: 64, 10, 29
Box: 3, 37, 23
Box: 64, 15, 34
Box: 2, 14, 48
Box: 28, 12, 2
Box: 51, 7, 2
Box: 18, 27, 2
Box: 14, 162, 126
Box: 64, 8, 25
Box: 10, 7, 33
Box: 64, 35, 51
Box: 64, 39, 47
Box: 4, 23, 26
Box: 7, 33, 126
Box: 64, 15, 5
Box: 6, 30, 34
Box: 28, 2, 8
Box: 9, 28, 22
Box: 4, 45, 13
Box: 10, 19, 44
Box: 64, 27, 111
Box: 11, 6, 32
Box: 10, 162, 64
Box: 64, 6, 126
Box: 2, 18, 9
Box: 16, 9, 3
Box: 29, 68, 30
Box: 3, 32, 36
Box: 64, 3, 22
Box: 8, 2, 26
Box: 5, 74, 126
Box: 31, 162, 31
Box: 64, 10, 126
Box: 19, 48, 38
Box: 64, 84, 6
Box: 15, 162, 36
Box: 10, 15, 26
Box: 2, 19, 88
Box: 64, 26, 18
Box: 2, 7, 75
Box: 64, 13, 32
Box: 11, 12, 12
Box: 64, 23, 126
Box: 18, 38, 19
Box: 64, 62, 126
Box: 5, 21, 3
Box: 4, 5, 28
Box: 9, 9, 6
Box: 5, 25, 126
Box: 14, 5, 4
Box: 7, 5, 7
Box: 10, 18, 14
Box: 29, 9, 12
Box: 21, 19, 16
Box: 28, 42, 21
Box: 4, 9, 2
Box: 11, 19, 19
Box: 44, 68, 4
Box: 64, 7, 51
Box: 19, 19, 11
Box: 7, 28, 22
Box: 64, 6, 26
Box: 6, 8, 2
Box: 35, 5, 48
Box: 64, 42, 46
Box: 15, 5, 9
Box: 16, 19, 54
Box: 5, 4, 75
Box: 64, 34, 41
Box: 3, 30, 13
Box: 45, 16, 51
Box: 57, 3, 7
Box: 9, 7, 10
Box: 12, 14, 3
Box: 11, 2, 7
Box: 64, 6, 2
Box: 5, 21, 19
Box: 64, 4, 44
Box: 2, 28, 23
Box: 64, 7, 20
Box: 18, 21, 19
Box: 5, 2, 10
Box: 28, 48, 38
Box: 9, 5, 13
Box: 4, 56, 16
Box: 64, 17, 34
Box: 21, 12, 81
Box: 5, 5, 114
Box: 22, 6, 7
Box: 64, 23, 88
Box: 64, 10, 30
Box: 4, 37, 38
Box: 2, 22, 2
Box: 64, 26, 16
Box: 17, 10, 4
Box: 20, 3, 3
Box: 44, 2, 29
Box: 24, 57, 10
Box: 3, 14, 31
Box: 14, 27, 30
Box: 18, 10, 43
Box: 7, 7, 36
Box: 64, 162, 2
Box: 5, 14, 20
Box: 9, 71, 33
Box: 64, 9, 8
Box: 6, 162, 21
Box: 64, 28, 21
Box: 64, 162, 11
Box: 15, 102, 26
Box: 2, 8, 9
Box: 64, 5, 8
Box: 14, 2, 36
Box: 7, 5, 6
Box: 19, 21, 18
Box: 64, 8, 126
Box: 7, 82, 99
Box: 5, 12, 126
Box: 16, 31, 49
Box: 4, 6, 8
Box: 42, 30, 54
Box: 6, 35, 4
Box: 24, 21, 4
Box: 64, 2, 67
Box: 4, 17, 16
Box: 64, 13, 17
Box: 20, 16, 16
Box: 4, 4, 126
Box: 4, 56, 26
Box: 4, 12, 4
Box: 10, 5, 2
Box: 64, 10, 56
Box: 3, 87, 9
Box: 64, 68, 4
Box: 6, 4, 5
Box: 7, 38, 31
Box: 64, 57, 6
Box: 10, 16, 3
Box: 17, 22, 11
Box: 5, 51, 39
Box: 64, 23, 23
Box: 64, 5, 15
Box: 64, 6, 6
Box: 6, 18, 12
Box: 32, 17, 8
Box: 7, 5, 18
Box: 19, 27, 2
Box: 12, 23, 59
Box: 39, 2, 12
Box: 64, 27, 36
Box: 4, 8, 5
Box: 64, 67, 30
Box: 9, 25, 17
Box: 50, 18, 12
Box: 6, 2, 2
Box: 10, 37, 3
Box: 32, 70, 10
Box: 8, 19, 10
Box: 5, 7, 121
Box: 64, 17, 43
Box: 4, 28, 18
Box: 9, 25, 5
Box: 43, 22, 47
Box: 64, 13, 126
Box: 5, 31, 71
Box: 10, 32, 26
Box: 64, 84, 11
Box: 12, 26, 51
Box: 64, 3, 7
Box: 64, 89, 23
Box: 23, 162, 22
Box: 64, 11, 126
Box: 64, 26, 26
Box: 6, 14, 81
Box: 2, 55, 4
Box: 64, 58, 7
Box: 7, 24, 2
Box: 64, 13, 51
Box: 16, 10, 126
Box: 46, 2, 7
Box: 2, 5, 5
Box: 7, 16, 35
Box: 9, 14, 16
Box: 18, 8, 5
Box: 7, 15, 31
Box: 32, 78, 126
Box: 7, 53, 31
Box: 27, 29, 55
Box: 64, 7, 126
Box: 64, 3, 3
Box: 13, 4, 20
Box: 64, 6, 66
Box: 6, 8, 37
Box: 64, 10, 17
Box: 8, 14, 77
Box: 7, 2, 8
Box: 11, 2, 26
Box: 15, 45, 8
Box: 2, 4, 126
Box: 4, 35, 2
Box: 64, 4, 17
Box: 7, 53, 4
Box: 10, 19, 88
Box: 16, 11, 23
Box: 34, 52, 11
Box: 22, 21, 86
Box: 13, 4, 28
Box: 43, 20, 23
Box: 2, 21, 21
Box: 13, 87, 13
Box: 24, 21, 12
Box: 9, 15, 33
Box: 31, 99, 54
Box: 13, 55, 126
Box: 13, 16, 10
Box: 64, 21, 3
Box: 17, 27, 121
Box: 6, 162, 26
Box: 4, 87, 13
Box: 45, 57, 8
Box: 22, 56, 14
Box: 13, 36, 8
Box: 20, 16, 4
Box: 35, 162, 24
Box: 3, 32, 49
Box: 3, 162, 46
Box: 35, 162, 17
Box: 15, 5, 10
Box: 2, 4, 17
Box: 6, 12, 10
Box: 18, 5, 38
Box: 3, 18, 26
Box: 14, 18, 10
Box: 2, 13, 33
Box: 31, 11, 10
Box: 29, 7, 121
####################
#Expected Output: 128
#Number of Bins: 128.
