Bin: 253, 261, 271
Box: 35, 29, 14
Box: 102, 42, 43
Box: 5, 99, 271
Box: 6, 75, 25
Box: 96, 158, 64
Box: 12, 16, 106
Box: 83, 32, 97
Box: 52, 261, 25
Box: 61, 5, 17
Box: 253, 43, 271
Box: 55, 16, 3
Box: 41, 11, 20
Box: 4, 13, 24
Box: 158, 199, 30
Box: 194, 50, 82
Box: 14, 5, 43
Box: 101, 124, 76
Box: 62, 37, 19
Box: 12, 4, 8
Box: 253, 13, 36
Box: 87, 3, 174
Box: 12, 19, 9
Box: 132, 261, 3
Box: 46, 2, 24
Box: 111, 261, 5
Box: 95, 8, 10
Box: 41, 6, 3
Box: 16, 8, 10
Box: 71, 261, 123
Box: 10, 49, 236
Box: 3, 143, 35
Box: 9, 42, 11
Box: 10, 79, 77
Box: 35, 10, 6
Box: 11, 40, 58
Box: 32, 13, 64
Box: 30, 57, 55
Box: 3, 19, 85
Box: 132, 11, 8
Box: 19, 50, 82
Box: 15, 72, 66
Box: 22, 31, 9
Box: 83, 14, 97
Box: 8, 124, 60
Box: 50, 32, 69
Box: 85, 5, 9
Box: 7, 261, 76
Box: 10, 71, 29
Box: 29, 9, 271
Box: 27, 3, 46
Box: 8, 27, 11
Box: 164, 36, 115
Box: 5, 46, 75
Box: 17, 17, 102
Box: 10, 24, 6
Box: 12, 60, 12
Box: 31, 139, 70
Box: 4, 8, 64
Box: 5, 7, 44
Box: 152, 261, 3
Box: 253, 134, 10
Box: 63, 13, 64
Box: 67, 82, 271
Box: 132, 261, 14
Box: 17, 184, 75
Box: 12, 6, 2
Box: 13, 33, 23
Box: 45, 29, 22
Box: 50, 19, 30
Box: 253, 58, 271
Box: 28, 261, 69
Box: 37, 261, 8
Box: 97, 145, 35
Box: 32, 261, 271
Box: 43, 21, 11
Box: 85, 9, 271
Box: 26, 43, 69
Box: 81, 261, 82
Box: 86, 35, 9
Box: 12, 17, 143
Box: 111, 31, 10
Box: 40, 25, 271
Box: 253, 15, 26
Box: 9, 2, 271
Box: 12, 119, 57
Box: 86, 54, 28
Box: 64, 71, 271
Box: 32, 2, 59
Box: 167, 35, 27
Box: 5, 69, 106
Box: 9, 40, 11
Box: 42, 261, 57
Box: 132, 248, 2
Box: 9, 6, 26
Box: 3, 203, 271
Box: 118, 261, 33
Box: 12, 36, 7
Box: 32, 127, 94
Box: 85, 109, 271
Box: 2, 5, 47
Box: 62, 50, 99
Box: 253, 261, 6
Box: 4, 28, 2
Box: 42, 31, 89
Box: 41, 15, 4
Box: 13, 8, 3
Box: 205, 37, 31
Box: 38, 12, 271
Box: 49, 82, 271
Box: 111, 24, 10
Box: 253, 261, 116
Box: 3, 36, 67
Box: 17, 40, 8
Box: 139, 13, 94
Box: 253, 24, 10
Box: 253, 20, 7
Box: 4, 6, 8
Box: 4, 234, 51
Box: 100, 36, 70
Box: 87, 45, 90
Box: 16, 13, 271
Box: 57, 9, 3
Box: 90, 5, 3
Box: 91, 15, 13
Box: 111, 40, 10
Box: 52, 22, 7
Box: 47, 22, 2
Box: 74, 139, 70
Box: 129, 36, 67
Box: 3, 12, 22
Box: 32, 23, 13
Box: 26, 49, 271
Box: 107, 44, 15
Box: 32, 3, 82
Box: 9, 99, 2
Box: 35, 6, 28
Box: 2, 6, 15
Box: 12, 4, 4
Box: 253, 3, 271
Box: 93, 11, 11
Box: 253, 34, 19
Box: 253, 44, 23
Box: 32, 7, 34
Box: 18, 103, 75
Box: 5, 4, 10
Box: 253, 51, 271
Box: 85, 167, 271
Box: 253, 14, 26
Box: 74, 7, 3
Box: 19, 261, 33
Box: 24, 14, 182
Box: 8, 21, 271
Box: 6, 12, 22
Box: 61, 49, 82
Box: 10, 12, 80
Box: 13, 49, 33
Box: 67, 50, 11
Box: 121, 43, 21
Box: 125, 61, 40
Box: 13, 13, 33
Box: 87, 26, 239
Box: 50, 261, 17
Box: 253, 261, 149
Box: 42, 31, 34
Box: 21, 16, 22
Box: 46, 27, 8
Box: 50, 4, 15
Box: 134, 226, 271
Box: 253, 49, 33
Box: 90, 5, 9
Box: 253, 132, 271
Box: 27, 21, 44
Box: 86, 186, 3
Box: 66, 75, 271
Box: 54, 182, 2
Box: 10, 13, 93
Box: 10, 5, 3
Box: 29, 10, 24
Box: 7, 15, 57
Box: 253, 10, 8
Box: 22, 65, 17
Box: 3, 10, 2
Box: 143, 112, 21
Box: 129, 120, 120
Box: 39, 261, 32
Box: 15, 79, 23
Box: 42, 261, 178
Box: 184, 261, 238
Box: 25, 14, 16
Box: 10, 75, 271
Box: 4, 56, 9
Box: 7, 63, 148
Box: 35, 14, 16
Box: 36, 9, 72
Box: 253, 261, 3
Box: 7, 19, 57
Box: 42, 41, 4
Box: 72, 3, 69
Box: 27, 33, 23
Box: 18, 15, 36
Box: 64, 51, 7
Box: 253, 33, 6
Box: 32, 126, 13
Box: 109, 51, 8
Box: 12, 36, 68
Box: 253, 199, 53
Box: 31, 40, 3
Box: 25, 4, 62
Box: 17, 2, 26
Box: 34, 261, 271
Box: 28, 75, 139
Box: 253, 11, 8
Box: 253, 3, 2
Box: 9, 261, 21
Box: 110, 18, 23
Box: 50, 17, 75
Box: 27, 3, 3
Box: 78, 40, 7
Box: 253, 33, 114
Box: 37, 94, 11
Box: 10, 12, 20
Box: 31, 48, 30
Box: 78, 31, 7
Box: 33, 13, 36
Box: 15, 11, 50
Box: 18, 100, 271
Box: 253, 261, 45
Box: 18, 115, 36
Box: 81, 12, 20
Box: 15, 154, 153
Box: 253, 261, 16
Box: 111, 261, 12
Box: 12, 19, 6
Box: 21, 261, 9
Box: 105, 12, 42
Box: 14, 6, 4
Box: 11, 3, 10
Box: 10, 43, 2
Box: 29, 184, 24
Box: 21, 93, 82
Box: 24, 19, 3
Box: 35, 21, 271
Box: 105, 3, 23
Box: 178, 61, 120
Box: 14, 46, 77
Box: 253, 106, 115
Box: 6, 16, 271
Box: 74, 31, 271
Box: 5, 19, 20
Box: 105, 121, 84
Box: 100, 154, 20
Box: 37, 61, 69
Box: 60, 27, 53
Box: 51, 43, 49
Box: 253, 22, 14
Box: 17, 59, 80
Box: 253, 38, 20
Box: 201, 79, 87
Box: 79, 33, 23
Box: 110, 46, 29
Box: 85, 6, 40
Box: 31, 36, 36
Box: 25, 80, 271
Box: 47, 12, 133
Box: 12, 19, 27
Box: 253, 261, 24
Box: 225, 26, 46
Box: 43, 21, 3
Box: 190, 261, 37
Box: 41, 24, 70
Box: 109, 6, 6
Box: 204, 143, 35
Box: 2, 107, 5
Box: 12, 261, 51
Box: 69, 80, 22
Box: 74, 7, 63
Box: 12, 43, 15
Box: 61, 49, 26
Box: 30, 30, 84
Box: 59, 30, 11
Box: 2, 134, 42
Box: 102, 60, 119
Box: 121, 43, 116
Box: 253, 69, 177
Box: 25, 21, 5
Box: 2, 19, 47
Box: 55, 20, 64
Box: 253, 42, 45
Box: 17, 76, 4
Box: 34, 60, 2
Box: 55, 25, 12
Box: 253, 24, 47
Box: 107, 6, 85
Box: 21, 25, 22
Box: 146, 4, 11
Box: 163, 31, 67
Box: 6, 6, 26
Box: 253, 261, 62
Box: 8, 7, 271
Box: 22, 261, 20
Box: 253, 4, 37
Box: 71, 71, 79
Box: 20, 112, 17
Box: 55, 154, 271
Box: 39, 32, 51
Box: 5, 61, 69
Box: 253, 261, 35
Box: 36, 21, 52
Box: 83, 189, 53
Box: 72, 159, 15
Box: 133, 69, 106
Box: 2, 31, 23
Box: 3, 106, 102
Box: 176, 240, 111
Box: 37, 65, 90
Box: 10, 13, 67
Box: 34, 261, 271
Box: 27, 32, 44
Box: 8, 261, 107
Box: 86, 75, 3
Box: 37, 20, 4
Box: 253, 55, 60
Box: 60, 7, 14
Box: 24, 31, 4
Box: 168, 194, 11
Box: 66, 74, 19
Box: 3, 32, 5
Box: 15, 24, 21
Box: 9, 33, 9
Box: 6, 14, 182
Box: 153, 261, 197
Box: 253, 54, 64
Box: 65, 12, 20
Box: 83, 10, 97
Box: 26, 55, 2
Box: 10, 43, 2
Box: 5, 42, 150
Box: 102, 56, 9
Box: 19, 21, 5
Box: 29, 3, 46
Box: 35, 133, 271
Box: 14, 13, 4
Box: 28, 30, 3
Box: 253, 6, 79
Box: 2, 24, 9
Box: 2, 30, 84
Box: 36, 6, 56
Box: 152, 66, 3
Box: 3, 32, 6
Box: 77, 31, 209
Box: 87, 50, 239
Box: 23, 48, 2
Box: 253, 128, 106
Box: 11, 31, 51
Box: 105, 26, 84
Box: 20, 12, 4
Box: 2, 3, 3
Box: 193, 261, 10
Box: 47, 60, 53
Box: 23, 8, 32
Box: 25, 67, 105
Box: 4, 6, 6
Box: 3, 43, 271
Box: 5, 66, 49
Box: 5, 125, 131
Box: 41, 32, 43
Box: 5, 8, 10
Box: 52, 261, 16
Box: 27, 6, 15
Box: 16, 75, 271
Box: 6, 10, 271
Box: 14, 27, 14
Box: 25, 117, 271
Box: 12, 17, 12
Box: 55, 31, 8
Box: 7, 6, 271
Box: 66, 13, 94
Box: 107, 261, 15
Box: 253, 28, 82
Box: 45, 6, 40
Box: 37, 261, 15
Box: 3, 9, 7
Box: 33, 30, 69
Box: 96, 261, 271
Box: 55, 25, 12
Box: 253, 28, 50
Box: 4, 12, 3
Box: 123, 261, 120
Box: 33, 35, 66
Box: 89, 87, 20
Box: 12, 57, 66
Box: 31, 261, 5
Box: 67, 72, 66
Box: 253, 139, 42
Box: 93, 22, 75
Box: 22, 69, 58
Box: 63, 56, 31
Box: 87, 35, 49
Box: 253, 24, 10
Box: 10, 6, 26
Box: 10, 122, 20
Box: 41, 79, 224
Box: 111, 261, 46
Box: 41, 261, 107
Box: 142, 67, 46
Box: 5, 7, 70
Box: 36, 11, 8
Box: 71, 261, 28
Box: 8, 93, 34
Box: 253, 10, 2
Box: 83, 76, 35
Box: 253, 261, 21
Box: 22, 5, 17
Box: 45, 86, 26
Box: 21, 99, 271
Box: 28, 125, 131
Box: 136, 191, 30
Box: 253, 74, 5
Box: 8, 27, 4
Box: 131, 12, 64
Box: 8, 35, 2
Box: 8, 12, 64
Box: 175, 5, 32
Box: 47, 261, 44
Box: 11, 76, 4
Box: 3, 261, 58
Box: 57, 2, 70
Box: 42, 31, 60
Box: 62, 261, 6
Box: 69, 261, 69
Box: 165, 31, 207
Box: 18, 8, 10
Box: 10, 15, 5
Box: 12, 261, 271
Box: 102, 42, 81
Box: 253, 139, 51
Box: 36, 261, 14
Box: 36, 261, 51
Box: 2, 6, 23
Box: 151, 62, 43
Box: 92, 261, 4
Box: 17, 14, 15
Box: 36, 9, 25
Box: 253, 51, 51
Box: 14, 5, 37
Box: 4, 76, 77
Box: 253, 18, 189
Box: 37, 3, 75
Box: 51, 28, 8
Box: 20, 29, 271
Box: 21, 156, 22
Box: 253, 12, 5
Box: 86, 58, 46
Box: 61, 6, 23
Box: 2, 40, 12
Box: 9, 261, 31
Box: 253, 43, 16
Box: 32, 19, 3
Box: 44, 3, 84
Box: 17, 86, 26
Box: 143, 6, 30
Box: 77, 261, 13
Box: 67, 64, 13
Box: 37, 29, 9
Box: 106, 62, 80
Box: 111, 34, 34
Box: 28, 13, 3
Box: 66, 211, 136
Box: 253, 234, 45
Box: 30, 56, 20
Box: 12, 4, 25
Box: 93, 142, 11
Box: 27, 3, 2
Box: 73, 4, 2
Box: 104, 56, 9
Box: 136, 40, 64
Box: 9, 127, 80
Box: 35, 38, 31
Box: 26, 261, 10
Box: 199, 129, 161
Box: 13, 16, 271
Box: 90, 13, 271
Box: 21, 8, 82
Box: 96, 27, 64
Box: 253, 3, 15
Box: 17, 261, 271
Box: 5, 71, 271
Box: 74, 261, 271
Box: 10, 261, 99
Box: 33, 42, 150
Box: 4, 261, 17
Box: 100, 96, 70
Box: 34, 51, 80
Box: 38, 50, 271
Box: 3, 143, 35
Box: 78, 6, 23
Box: 21, 26, 17
Box: 13, 199, 21
Box: 76, 261, 102
Box: 30, 17, 61
Box: 86, 54, 2
Box: 253, 177, 41
Box: 7, 31, 9
Box: 52, 6, 56
Box: 4, 4, 5
Box: 253, 61, 14
Box: 41, 33, 28
Box: 253, 2, 66
Box: 3, 94, 20
Box: 122, 20, 40
Box: 13, 37, 35
Box: 253, 104, 271
Box: 32, 7, 14
Box: 11, 9, 10
Box: 7, 6, 73
Box: 83, 261, 39
Box: 78, 6, 29
Box: 2, 261, 86
Box: 46, 2, 2
Box: 8, 261, 64
Box: 9, 23, 11
Box: 109, 17, 24
Box: 2, 35, 271
Box: 39, 26, 51
Box: 14, 62, 271
Box: 11, 54, 13
Box: 253, 87, 10
Box: 25, 8, 271
Box: 253, 37, 67
Box: 49, 51, 3
Box: 253, 261, 13
Box: 45, 105, 9
Box: 14, 13, 14
Box: 44, 23, 30
Box: 152, 261, 271
Box: 37, 13, 82
Box: 34, 13, 2
Box: 253, 15, 10
Box: 253, 2, 46
Box: 13, 261, 4
Box: 5, 24, 63
Box: 45, 50, 11
Box: 50, 11, 132
Box: 253, 28, 6
Box: 164, 102, 3
Box: 19, 11, 12
Box: 164, 17, 115
Box: 209, 15, 57
Box: 253, 2, 152
Box: 89, 60, 2
Box: 3, 261, 69
Box: 5, 20, 15
Box: 175, 94, 32
Box: 20, 194, 11
Box: 18, 74, 4
Box: 76, 35, 49
Box: 6, 5, 57
Box: 13, 97, 35
Box: 253, 199, 16
Box: 37, 10, 23
Box: 253, 261, 30
Box: 9, 13, 2
Box: 164, 102, 99
Box: 175, 24, 25
Box: 12, 45, 90
Box: 24, 149, 10
Box: 253, 50, 34
Box: 253, 159, 24
Box: 36, 24, 64
Box: 22, 86, 271
Box: 62, 36, 19
Box: 204, 22, 26
Box: 114, 261, 249
Box: 12, 50, 15
Box: 7, 63, 6
Box: 7, 261, 14
Box: 253, 124, 16
Box: 25, 9, 39
Box: 11, 2, 16
Box: 31, 41, 131
Box: 61, 2, 182
Box: 21, 12, 44
Box: 18, 33, 33
Box: 17, 42, 8
Box: 18, 4, 15
Box: 64, 43, 271
Box: 83, 106, 102
Box: 253, 19, 2
Box: 90, 5, 19
Box: 50, 2, 69
Box: 2, 31, 23
Box: 91, 8, 49
Box: 28, 34, 11
Box: 29, 5, 18
Box: 92, 261, 271
Box: 37, 20, 25
Box: 17, 10, 57
Box: 253, 70, 76
Box: 68, 148, 67
Box: 7, 69, 58
Box: 10, 14, 182
Box: 253, 10, 26
Box: 56, 8, 67
Box: 253, 3, 23
Box: 85, 9, 271
Box: 17, 22, 6
Box: 47, 8, 2
Box: 155, 26, 191
Box: 253, 144, 8
Box: 64, 29, 20
Box: 14, 4, 3
Box: 83, 24, 64
Box: 66, 47, 77
Box: 9, 231, 13
Box: 86, 261, 20
Box: 3, 32, 37
Box: 10, 70, 45
Box: 54, 9, 37
Box: 25, 22, 7
Box: 4, 28, 19
Box: 7, 9, 73
Box: 126, 39, 17
Box: 31, 12, 52
Box: 79, 60, 271
Box: 253, 26, 84
Box: 175, 124, 32
Box: 26, 36, 41
Box: 4, 19, 2
Box: 25, 12, 62
Box: 29, 50, 82
Box: 8, 17, 34
Box: 20, 6, 26
Box: 19, 20, 90
Box: 32, 31, 59
Box: 18, 55, 26
Box: 22, 21, 271
Box: 14, 99, 49
Box: 5, 6, 4
Box: 83, 44, 44
Box: 253, 261, 32
Box: 31, 76, 168
Box: 30, 198, 271
Box: 32, 261, 2
Box: 7, 15, 57
Box: 50, 4, 15
Box: 41, 11, 32
Box: 13, 16, 35
Box: 253, 261, 84
Box: 10, 60, 45
Box: 253, 7, 26
Box: 30, 19, 241
Box: 12, 4, 106
Box: 11, 3, 10
Box: 53, 26, 106
Box: 25, 261, 40
Box: 253, 132, 66
Box: 9, 3, 8
Box: 92, 261, 82
Box: 83, 40, 53
Box: 253, 261, 119
Box: 37, 26, 9
Box: 253, 113, 33
Box: 107, 56, 30
Box: 120, 52, 201
Box: 20, 50, 63
Box: 131, 261, 49
Box: 50, 43, 75
Box: 27, 40, 12
Box: 12, 7, 17
Box: 57, 10, 70
Box: 82, 19, 66
Box: 32, 37, 72
Box: 253, 60, 157
Box: 253, 5, 138
Box: 22, 261, 7
Box: 253, 65, 5
Box: 46, 4, 7
Box: 5, 29, 59
Box: 253, 7, 175
Box: 25, 48, 105
Box: 36, 129, 27
Box: 67, 7, 8
Box: 10, 2, 9
Box: 66, 43, 9
Box: 31, 69, 58
Box: 39, 261, 6
Box: 16, 7, 102
Box: 23, 40, 2
Box: 52, 45, 4
Box: 46, 10, 6
Box: 11, 148, 121
Box: 253, 4, 130
Box: 106, 60, 2
Box: 36, 61, 120
Box: 51, 79, 19
Box: 25, 9, 84
Box: 7, 90, 271
Box: 122, 29, 271
Box: 157, 57, 271
Box: 109, 6, 8
Box: 29, 15, 4
Box: 34, 99, 82
Box: 9, 2, 16
Box: 140, 31, 271
Box: 37, 58, 23
Box: 9, 3, 104
Box: 19, 15, 4
Box: 253, 7, 26
Box: 81, 261, 32
Box: 39, 13, 4
Box: 253, 3, 41
Box: 253, 87, 32
Box: 24, 134, 12
Box: 18, 11, 75
Box: 253, 18, 32
Box: 15, 35, 85
Box: 53, 31, 106
Box: 253, 3, 78
Box: 20, 127, 80
Box: 7, 19, 271
Box: 132, 30, 17
Box: 9, 261, 73
Box: 126, 261, 35
Box: 47, 60, 218
Box: 167, 35, 28
Box: 30, 61, 69
Box: 67, 261, 26
Box: 21, 23, 96
Box: 55, 6, 56
Box: 5, 70, 49
Box: 7, 33, 52
Box: 3, 132, 20
Box: 23, 28, 2
Box: 253, 14, 16
Box: 2, 13, 271
Box: 12, 60, 58
Box: 20, 6, 56
Box: 7, 51, 11
Box: 122, 21, 29
Box: 93, 88, 46
Box: 119, 127, 13
Box: 10, 5, 57
Box: 13, 140, 35
Box: 102, 30, 88
Box: 2, 32, 239
Box: 28, 24, 271
Box: 10, 79, 126
Box: 39, 19, 35
Box: 11, 45, 105
Box: 13, 118, 104
Box: 8, 5, 23
Box: 45, 26, 22
Box: 253, 30, 67
Box: 14, 6, 5
Box: 2, 15, 5
Box: 69, 80, 152
Box: 4, 24, 11
Box: 9, 120, 177
Box: 6, 31, 60
Box: 4, 4, 2
Box: 42, 36, 14
Box: 14, 3, 14
Box: 28, 61, 3
Box: 13, 49, 21
Box: 75, 82, 271
Box: 112, 39, 16
Box: 41, 71, 70
Box: 241, 85, 30
Box: 17, 8, 7
Box: 4, 56, 2
Box: 17, 8, 6
Box: 102, 29, 9
Box: 14, 12, 13
Box: 253, 22, 8
Box: 60, 59, 14
Box: 10, 12, 85
Box: 253, 4, 2
Box: 20, 2, 29
Box: 11, 40, 27
Box: 36, 261, 10
Box: 35, 33, 6
Box: 37, 36, 67
Box: 253, 44, 38
Box: 30, 6, 241
Box: 6, 4, 271
Box: 4, 28, 34
Box: 2, 40, 14
Box: 4, 15, 5
Box: 43, 21, 5
Box: 175, 6, 110
Box: 32, 37, 19
Box: 10, 30, 236
Box: 107, 79, 85
Box: 17, 261, 271
Box: 153, 261, 74
Box: 6, 6, 2
Box: 105, 10, 271
Box: 37, 261, 23
Box: 16, 191, 271
Box: 109, 127, 12
Box: 6, 2, 16
Box: 105, 51, 84
Box: 5, 261, 9
Box: 15, 7, 50
Box: 62, 13, 19
Box: 13, 49, 46
Box: 253, 3, 78
Box: 253, 7, 22
Box: 10, 43, 6
Box: 111, 40, 12
Box: 8, 58, 9
Box: 157, 87, 89
Box: 50, 123, 45
Box: 5, 13, 6
Box: 36, 261, 18
Box: 29, 67, 24
Box: 35, 49, 6
Box: 87, 21, 239
Box: 253, 13, 67
Box: 7, 3, 11
Box: 5, 261, 271
Box: 6, 31, 83
Box: 12, 75, 12
Box: 50, 125, 8
Box: 253, 41, 6
Box: 253, 56, 67
Box: 7, 99, 52
Box: 5, 12, 13
Box: 253, 84, 271
Box: 60, 191, 27
Box: 2, 9, 16
Box: 162, 61, 65
Box: 116, 127, 107
Box: 60, 72, 66
Box: 109, 6, 12
Box: 12, 126, 42
Box: 9, 20, 134
Box: 19, 13, 271
Box: 10, 30, 125
Box: 6, 5, 5
Box: 19, 31, 271
Box: 46, 18, 271
Box: 253, 44, 17
Box: 2, 17, 12
Box: 69, 261, 271
Box: 37, 77, 23
Box: 31, 38, 131
Box: 253, 17, 130
Box: 68, 261, 239
Box: 17, 14, 57
Box: 83, 76, 6
Box: 29, 104, 271
Box: 87, 3, 97
Box: 12, 19, 36
Box: 10, 261, 30
Box: 253, 8, 271
Box: 16, 123, 14
Box: 5, 31, 62
Box: 10, 175, 7
Box: 6, 31, 17
Box: 18, 261, 204
Box: 41, 33, 10
Box: 37, 261, 70
Box: 10, 54, 271
Box: 9, 19, 7
Box: 139, 40, 3
Box: 253, 261, 116
Box: 164, 74, 115
Box: 7, 261, 71
Box: 26, 83, 2
Box: 133, 99, 271
Box: 33, 36, 41
Box: 40, 148, 67
Box: 13, 49, 2
Box: 5, 12, 5
Box: 13, 60, 271
Box: 83, 261, 33
Box: 7, 25, 11
Box: 109, 17, 15
Box: 101, 261, 33
Box: 16, 104, 14
Box: 61, 20, 34
Box: 28, 34, 8
Box: 13, 6, 11
Box: 3, 8, 3
Box: 50, 17, 15
Box: 30, 56, 9
Box: 253, 261, 8
Box: 253, 10, 24
Box: 24, 9, 8
Box: 88, 42, 27
Box: 253, 31, 30
Box: 101, 261, 113
Box: 7, 252, 16
Box: 253, 12, 52
Box: 32, 6, 28
Box: 74, 69, 37
Box: 7, 5, 9
Box: 47, 28, 11
Box: 253, 125, 37
Box: 253, 36, 71
Box: 83, 261, 3
Box: 16, 7, 137
Box: 16, 80, 64
Box: 11, 261, 4
Box: 13, 33, 271
Box: 113, 261, 40
Box: 10, 20, 3
Box: 13, 57, 2
Box: 69, 8, 271
Box: 205, 69, 19
Box: 7, 66, 4
Box: 30, 11, 241
Box: 2, 13, 9
Box: 7, 261, 43
Box: 66, 197, 70
Box: 122, 109, 40
Box: 11, 9, 4
Box: 33, 14, 66
Box: 11, 9, 10
Box: 29, 14, 45
Box: 30, 6, 241
Box: 163, 6, 40
Box: 9, 3, 28
Box: 56, 16, 67
Box: 2, 53, 75
Box: 253, 39, 17
Box: 8, 127, 80
Box: 11, 3, 16
Box: 17, 13, 12
Box: 55, 25, 11
Box: 3, 73, 13
Box: 26, 46, 61
Box: 123, 4, 9
Box: 21, 50, 8
Box: 37, 46, 75
Box: 95, 52, 201
Box: 12, 60, 21
Box: 164, 102, 13
Box: 42, 71, 29
Box: 55, 194, 11
Box: 100, 20, 90
Box: 16, 5, 22
Box: 7, 17, 20
Box: 13, 143, 35
Box: 253, 3, 8
Box: 36, 70, 52
Box: 78, 3, 7
Box: 9, 33, 12
Box: 66, 47, 9
Box: 3, 68, 85
Box: 253, 18, 100
Box: 253, 44, 3
Box: 74, 261, 57
Box: 11, 76, 89
Box: 253, 147, 271
Box: 17, 5, 11
Box: 24, 134, 8
Box: 100, 154, 16
Box: 3, 261, 9
Box: 4, 40, 12
Box: 12, 73, 13
Box: 23, 51, 7
Box: 253, 108, 7
Box: 68, 42, 20
Box: 93, 8, 11
Box: 253, 261, 161
Box: 253, 58, 29
Box: 253, 36, 18
Box: 48, 76, 4
Box: 204, 22, 14
Box: 72, 6, 69
Box: 11, 22, 7
Box: 8, 20, 13
Box: 4, 6, 26
Box: 31, 79, 10
Box: 24, 24, 26
Box: 68, 261, 271
Box: 4, 76, 82
Box: 6, 3, 82
Box: 8, 4, 67
Box: 109, 6, 11
Box: 9, 9, 20
Box: 5, 125, 131
Box: 182, 57, 58
Box: 16, 169, 34
Box: 132, 45, 69
Box: 253, 261, 72
Box: 253, 15, 38
Box: 93, 13, 11
Box: 84, 5, 17
Box: 40, 14, 90
Box: 132, 261, 14
Box: 20, 13, 271
Box: 5, 56, 20
Box: 10, 136, 6
Box: 6, 69, 271
Box: 22, 48, 30
Box: 253, 65, 26
Box: 5, 121, 2
Box: 224, 39, 45
Box: 190, 10, 20
Box: 8, 124, 83
Box: 28, 116, 3
Box: 50, 45, 4
Box: 91, 58, 90
Box: 17, 50, 12
Box: 44, 160, 84
Box: 8, 124, 54
Box: 15, 17, 9
Box: 253, 261, 195
Box: 14, 5, 11
Box: 37, 261, 24
Box: 41, 6, 13
Box: 184, 97, 33
Box: 2, 6, 10
Box: 253, 261, 184
Box: 7, 4, 67
Box: 19, 46, 18
Box: 17, 22, 4
Box: 33, 73, 13
Box: 12, 15, 143
Box: 89, 261, 7
Box: 53, 261, 271
Box: 116, 184, 14
Box: 12, 208, 107
Box: 253, 34, 7
Box: 50, 45, 32
Box: 4, 45, 105
Box: 100, 154, 54
Box: 42, 61, 69
Box: 12, 8, 8
Box: 17, 14, 4
Box: 143, 16, 271
Box: 39, 139, 34
Box: 3, 71, 85
Box: 63, 148, 121
Box: 41, 66, 4
Box: 37, 17, 9
Box: 253, 27, 271
Box: 21, 13, 4
Box: 136, 28, 64
Box: 253, 20, 37
Box: 6, 86, 271
Box: 62, 97, 19
Box: 8, 6, 17
Box: 253, 2, 205
Box: 57, 33, 70
Box: 49, 39, 6
Box: 132, 12, 8
Box: 186, 70, 271
Box: 23, 9, 6
Box: 16, 16, 3
Box: 27, 84, 67
Box: 253, 74, 36
Box: 172, 211, 82
Box: 83, 261, 271
Box: 31, 14, 7
Box: 7, 261, 62
Box: 5, 154, 153
Box: 87, 46, 18
Box: 77, 52, 34
Box: 10, 2, 43
Box: 5, 122, 64
Box: 32, 143, 25
Box: 22, 7, 82
Box: 5, 31, 25
Box: 10, 10, 59
Box: 14, 4, 3
Box: 217, 70, 13
Box: 62, 38, 23
Box: 43, 124, 76
Box: 51, 261, 70
Box: 22, 46, 47
Box: 12, 20, 73
Box: 71, 33, 33
Box: 6, 142, 271
Box: 86, 54, 7
Box: 91, 37, 17
Box: 253, 33, 27
Box: 72, 253, 15
Box: 5, 15, 20
Box: 37, 100, 90
Box: 49, 45, 69
Box: 253, 106, 16
Box: 2, 53, 42
Box: 253, 261, 11
Box: 157, 87, 23
Box: 253, 39, 271
Box: 3, 131, 49
Box: 253, 10, 25
Box: 36, 103, 94
Box: 119, 66, 4
Box: 10, 29, 3
Box: 56, 227, 61
Box: 222, 36, 36
Box: 100, 15, 171
Box: 7, 10, 11
Box: 111, 94, 103
Box: 8, 4, 6
Box: 3, 43, 49
Box: 2, 261, 2
Box: 129, 9, 3
Box: 89, 25, 20
Box: 253, 44, 26
Box: 8, 6, 56
Box: 16, 7, 16
Box: 70, 8, 41
Box: 9, 96, 124
Box: 61, 49, 27
Box: 39, 76, 51
Box: 10, 261, 37
Box: 253, 8, 37
Box: 10, 69, 6
Box: 2, 68, 35
Box: 25, 12, 62
Box: 214, 21, 45
Box: 6, 33, 58
Box: 14, 56, 9
Box: 103, 31, 271
Box: 106, 56, 30
Box: 15, 55, 44
Box: 83, 6, 16
Box: 253, 133, 2
Box: 39, 54, 2
Box: 2, 9, 20
Box: 69, 4, 24
Box: 109, 59, 105
Box: 3, 121, 2
Box: 10, 24, 94
Box: 70, 8, 43
Box: 53, 261, 2
Box: 129, 49, 75
Box: 102, 60, 3
Box: 37, 94, 76
Box: 15, 3, 4
Box: 49, 261, 29
Box: 5, 43, 112
Box: 66, 96, 10
Box: 33, 15, 271
Box: 13, 18, 2
Box: 60, 191, 102
Box: 105, 5, 271
Box: 205, 37, 128
Box: 39, 261, 7
Box: 93, 261, 11
Box: 16, 20, 34
Box: 253, 261, 138
Box: 253, 102, 7
Box: 2, 13, 64
Box: 10, 51, 11
Box: 253, 43, 22
Box: 32, 126, 4
Box: 74, 261, 29
Box: 36, 201, 33
Box: 253, 261, 5
Box: 39, 261, 96
Box: 28, 34, 4
Box: 13, 65, 64
Box: 13, 118, 7
Box: 116, 115, 271
Box: 15, 261, 82
Box: 253, 261, 41
Box: 12, 12, 57
Box: 9, 52, 201
Box: 10, 73, 29
Box: 83, 30, 271
Box: 10, 8, 2
Box: 3, 32, 110
Box: 253, 28, 85
Box: 2, 261, 53
Box: 8, 61, 33
Box: 117, 18, 64
Box: 7, 174, 271
Box: 253, 34, 153
Box: 253, 148, 83
Box: 60, 4, 53
Box: 253, 261, 5
Box: 18, 10, 157
Box: 33, 33, 23
Box: 17, 22, 8
Box: 21, 2, 22
Box: 63, 68, 35
Box: 12, 35, 2
Box: 21, 45, 4
Box: 14, 28, 24
Box: 11, 4, 13
Box: 253, 36, 82
Box: 33, 79, 19
Box: 64, 47, 20
Box: 253, 13, 14
Box: 253, 15, 31
Box: 40, 14, 56
Box: 2, 99, 271
Box: 205, 4, 271
Box: 78, 199, 77
Box: 7, 58, 46
Box: 2, 139, 70
Box: 99, 261, 99
Box: 33, 75, 12
Box: 155, 48, 30
Box: 83, 152, 11
Box: 80, 261, 49
Box: 55, 30, 8
Box: 96, 72, 7
Box: 12, 19, 27
Box: 10, 261, 10
Box: 136, 30, 64
Box: 253, 46, 271
Box: 67, 70, 271
Box: 18, 18, 36
Box: 14, 13, 26
Box: 253, 47, 177
Box: 119, 127, 60
Box: 7, 4, 57
Box: 13, 17, 271
Box: 17, 8, 30
Box: 60, 191, 103
Box: 127, 39, 17
Box: 11, 2, 16
Box: 3, 35, 2
Box: 90, 261, 271
Box: 53, 12, 64
Box: 9, 11, 11
Box: 40, 4, 24
Box: 5, 7, 20
Box: 3, 18, 271
Box: 6, 5, 44
Box: 72, 261, 271
Box: 18, 65, 271
Box: 35, 4, 6
Box: 3, 17, 9
Box: 39, 160, 35
Box: 253, 46, 271
Box: 45, 261, 91
Box: 90, 5, 4
Box: 46, 11, 7
Box: 253, 35, 13
Box: 78, 2, 7
Box: 20, 12, 63
Box: 2, 6, 11
Box: 32, 38, 59
Box: 111, 261, 25
Box: 105, 12, 31
Box: 69, 28, 271
Box: 9, 35, 2
Box: 11, 43, 49
Box: 32, 154, 153
Box: 36, 10, 11
Box: 98, 62, 191
Box: 33, 53, 33
Box: 2, 19, 239
Box: 21, 49, 22
Box: 69, 22, 75
Box: 90, 161, 271
Box: 66, 96, 41
Box: 15, 19, 10
Box: 65, 261, 7
Box: 33, 2, 43
Box: 2, 53, 33
Box: 9, 35, 197
Box: 2, 50, 87
Box: 12, 43, 31
Box: 253, 22, 3
Box: 129, 9, 12
Box: 20, 33, 11
Box: 253, 79, 201
Box: 253, 15, 30
Box: 36, 9, 17
Box: 23, 31, 51
Box: 107, 33, 85
Box: 190, 261, 8
Box: 11, 31, 271
Box: 43, 131, 4
Box: 19, 261, 6
Box: 50, 20, 69
Box: 190, 10, 4
Box: 42, 14, 16
Box: 28, 25, 271
Box: 25, 14, 16
Box: 5, 99, 70
Box: 30, 12, 83
Box: 199, 17, 161
Box: 60, 261, 58
Box: 3, 12, 20
Box: 49, 16, 19
Box: 91, 3, 69
Box: 2, 5, 11
Box: 12, 19, 18
Box: 85, 199, 77
Box: 12, 4, 34
Box: 6, 15, 5
Box: 9, 134, 250
Box: 30, 22, 8
Box: 160, 91, 46
Box: 83, 15, 22
Box: 69, 75, 11
Box: 31, 80, 96
Box: 93, 2, 11
Box: 3, 261, 2
Box: 253, 34, 29
Box: 33, 56, 69
Box: 72, 36, 69
Box: 93, 7, 11
Box: 36, 70, 11
Box: 190, 10, 4
Box: 175, 261, 6
Box: 21, 36, 41
Box: 10, 66, 236
Box: 38, 9, 46
Box: 5, 43, 30
Box: 90, 5, 16
Box: 46, 17, 8
Box: 7, 261, 174
Box: 103, 162, 271
Box: 250, 9, 24
Box: 16, 47, 150
Box: 7, 41, 73
Box: 6, 4, 271
Box: 109, 185, 105
Box: 53, 112, 17
Box: 253, 10, 7
Box: 5, 5, 9
Box: 36, 21, 75
Box: 7, 36, 41
Box: 113, 261, 19
Box: 92, 75, 271
Box: 62, 261, 68
Box: 253, 42, 76
Box: 132, 55, 26
Box: 73, 14, 2
Box: 44, 29, 16
Box: 21, 50, 15
Box: 69, 17, 3
Box: 2, 261, 85
Box: 85, 9, 46
Box: 253, 70, 16
Box: 31, 80, 64
Box: 21, 6, 28
Box: 25, 9, 79
Box: 10, 11, 6
Box: 110, 46, 82
Box: 100, 64, 171
Box: 53, 3, 4
Box: 25, 42, 271
Box: 32, 12, 59
Box: 11, 131, 271
Box: 12, 261, 4
Box: 20, 68, 2
Box: 253, 125, 271
Box: 253, 7, 49
Box: 60, 191, 25
Box: 37, 46, 90
Box: 21, 26, 2
Box: 11, 35, 82
Box: 253, 10, 70
Box: 11, 71, 85
Box: 253, 261, 50
Box: 17, 46, 8
Box: 30, 113, 61
Box: 184, 63, 33
Box: 7, 15, 57
Box: 3, 261, 6
Box: 3, 24, 94
Box: 253, 107, 82
Box: 7, 16, 11
Box: 6, 35, 271
Box: 18, 62, 18
Box: 253, 50, 226
Box: 253, 144, 38
Box: 6, 5, 11
Box: 30, 70, 45
Box: 13, 49, 95
Box: 12, 261, 16
Box: 13, 261, 34
Box: 52, 45, 9
Box: 67, 68, 35
Box: 36, 261, 17
Box: 155, 69, 271
Box: 91, 261, 102
Box: 37, 199, 27
Box: 93, 4, 75
Box: 8, 5, 51
Box: 10, 40, 271
Box: 253, 35, 271
Box: 49, 66, 4
Box: 13, 49, 9
Box: 253, 79, 36
Box: 40, 199, 21
Box: 70, 8, 80
Box: 47, 24, 64
Box: 22, 88, 57
Box: 52, 73, 13
Box: 62, 7, 30
Box: 41, 122, 43
Box: 10, 261, 2
Box: 37, 5, 11
Box: 37, 15, 57
Box: 12, 6, 2
Box: 56, 9, 22
Box: 28, 27, 3
Box: 2, 9, 21
Box: 132, 57, 66
Box: 8, 70, 47
Box: 62, 34, 99
Box: 14, 3, 3
Box: 109, 127, 10
Box: 30, 22, 15
Box: 19, 21, 7
Box: 14, 4, 3
Box: 13, 12, 20
Box: 3, 18, 20
Box: 152, 52, 3
Box: 73, 6, 37
Box: 7, 15, 52
Box: 253, 103, 4
Box: 50, 79, 87
Box: 14, 46, 21
Box: 19, 114, 106
Box: 17, 14, 17
Box: 199, 67, 3
Box: 55, 30, 8
Box: 253, 20, 26
Box: 157, 87, 94
Box: 21, 26, 2
Box: 60, 85, 14
Box: 19, 75, 271
Box: 58, 45, 15
Box: 30, 127, 80
Box: 253, 19, 43
Box: 68, 16, 20
Box: 10, 4, 6
Box: 253, 9, 131
Box: 89, 261, 12
Box: 82, 13, 80
Box: 14, 14, 24
Box: 10, 13, 9
Box: 12, 19, 24
Box: 21, 26, 17
Box: 7, 33, 5
Box: 253, 261, 208
Box: 47, 68, 17
Box: 24, 9, 8
Box: 4, 12, 4
Box: 6, 261, 271
Box: 10, 3, 7
Box: 107, 44, 39
Box: 6, 5, 9
Box: 5, 11, 12
Box: 6, 13, 271
Box: 2, 261, 18
Box: 13, 118, 32
Box: 102, 60, 105
Box: 19, 52, 31
Box: 17, 22, 8
Box: 21, 45, 3
Box: 113, 261, 51
Box: 12, 19, 2
Box: 6, 54, 13
Box: 11, 12, 22
Box: 5, 13, 3
Box: 253, 37, 138
Box: 13, 55, 26
Box: 74, 261, 7
Box: 11, 40, 62
Box: 32, 50, 59
Box: 18, 76, 89
Box: 54, 100, 271
Box: 55, 25, 17
Box: 8, 15, 69
Box: 253, 44, 154
Box: 76, 261, 271
Box: 33, 5, 21
Box: 16, 12, 30
Box: 52, 17, 2
Box: 56, 11, 3
Box: 20, 261, 19
Box: 14, 33, 23
Box: 10, 121, 2
Box: 4, 76, 16
Box: 12, 5, 17
Box: 14, 31, 29
Box: 5, 4, 9
Box: 17, 7, 9
Box: 7, 206, 271
Box: 123, 261, 2
Box: 39, 61, 120
Box: 144, 10, 29
Box: 23, 55, 44
Box: 90, 199, 77
Box: 43, 56, 31
Box: 176, 240, 6
Box: 7, 3, 4
Box: 52, 13, 271
Box: 34, 13, 11
Box: 3, 84, 8
Box: 43, 21, 3
Box: 45, 48, 30
Box: 46, 2, 104
Box: 10, 13, 2
Box: 96, 261, 64
Box: 253, 11, 11
Box: 37, 261, 60
Box: 78, 7, 7
Box: 15, 35, 13
Box: 253, 261, 11
Box: 77, 40, 3
Box: 253, 46, 189
Box: 9, 261, 57
Box: 72, 40, 120
Box: 83, 82, 19
Box: 85, 67, 19
Box: 9, 96, 82
Box: 39, 4, 33
Box: 49, 32, 85
Box: 33, 5, 23
Box: 2, 42, 5
Box: 17, 13, 35
Box: 11, 56, 9
Box: 253, 87, 110
Box: 117, 134, 113
Box: 70, 13, 80
Box: 10, 23, 7
Box: 70, 107, 5
Box: 37, 261, 4
Box: 69, 43, 271
Box: 13, 9, 6
Box: 25, 13, 271
Box: 253, 261, 40
Box: 18, 11, 3
Box: 24, 12, 2
Box: 120, 25, 271
Box: 225, 227, 14
Box: 44, 114, 24
Box: 2, 2, 16
Box: 6, 51, 11
Box: 107, 44, 15
Box: 47, 11, 42
Box: 2, 69, 58
Box: 164, 8, 130
Box: 253, 23, 175
Box: 46, 261, 76
Box: 9, 261, 16
Box: 195, 21, 271
Box: 32, 126, 17
Box: 37, 8, 82
Box: 124, 120, 120
Box: 10, 76, 6
Box: 33, 61, 40
Box: 253, 2, 7
Box: 184, 10, 34
Box: 2, 36, 10
Box: 49, 45, 15
Box: 8, 13, 271
Box: 23, 8, 71
Box: 253, 31, 133
Box: 253, 79, 11
Box: 253, 36, 24
Box: 34, 261, 64
Box: 131, 24, 8
Box: 3, 106, 102
Box: 17, 5, 3
Box: 9, 48, 177
Box: 77, 261, 164
Box: 26, 6, 26
Box: 36, 9, 41
Box: 4, 6, 15
Box: 2, 61, 10
Box: 253, 67, 76
Box: 28, 143, 35
Box: 42, 261, 36
Box: 25, 5, 271
Box: 72, 31, 92
Box: 15, 35, 6
Box: 152, 261, 23
Box: 6, 31, 55
Box: 12, 126, 86
Box: 6, 122, 20
Box: 82, 13, 63
Box: 2, 261, 16
Box: 40, 8, 130
Box: 3, 9, 46
Box: 3, 60, 30
Box: 47, 49, 75
Box: 17, 154, 271
Box: 13, 5, 64
Box: 174, 86, 271
Box: 4, 5, 38
Box: 253, 261, 33
Box: 4, 65, 15
Box: 30, 107, 146
Box: 151, 74, 9
Box: 253, 261, 130
Box: 13, 46, 271
Box: 66, 9, 9
Box: 8, 83, 76
Box: 253, 65, 125
Box: 50, 57, 75
Box: 15, 199, 30
Box: 39, 261, 82
Box: 38, 57, 271
Box: 18, 45, 75
Box: 10, 79, 23
Box: 253, 50, 70
Box: 7, 182, 57
Box: 24, 134, 13
Box: 29, 2, 45
Box: 5, 5, 40
Box: 175, 261, 233
Box: 73, 20, 40
Box: 6, 59, 2
Box: 12, 6, 7
Box: 15, 22, 7
Box: 93, 2, 11
Box: 39, 28, 11
Box: 253, 83, 14
Box: 3, 13, 4
Box: 35, 64, 271
Box: 27, 3, 2
Box: 29, 10, 157
Box: 36, 261, 3
Box: 253, 7, 13
Box: 13, 47, 271
Box: 21, 8, 22
Box: 20, 261, 64
Box: 33, 63, 69
Box: 46, 7, 8
Box: 21, 4, 11
Box: 92, 261, 102
Box: 113, 261, 8
Box: 253, 22, 8
Box: 47, 15, 2
Box: 8, 5, 8
Box: 28, 6, 26
Box: 13, 132, 35
Box: 70, 6, 37
Box: 32, 261, 60
Box: 5, 16, 44
Box: 7, 63, 6
Box: 37, 6, 9
Box: 65, 50, 17
Box: 253, 261, 14
Box: 13, 68, 35
Box: 55, 49, 64
Box: 2, 29, 40
Box: 27, 3, 5
Box: 4, 4, 67
Box: 100, 28, 171
Box: 54, 47, 271
Box: 72, 12, 52
Box: 11, 12, 7
Box: 149, 3, 271
Box: 253, 91, 30
Box: 9, 29, 59
Box: 53, 12, 37
Box: 22, 11, 82
Box: 26, 63, 2
Box: 253, 87, 6
Box: 5, 5, 10
Box: 143, 6, 87
Box: 31, 79, 4
Box: 11, 19, 99
Box: 175, 14, 32
Box: 253, 19, 271
Box: 55, 4, 3
Box: 253, 39, 190
Box: 6, 71, 271
Box: 253, 23, 271
Box: 8, 5, 8
Box: 253, 21, 271
Box: 8, 59, 69
Box: 162, 61, 76
Box: 93, 61, 69
Box: 253, 261, 37
Box: 253, 261, 8
Box: 12, 20, 127
Box: 85, 3, 16
Box: 82, 261, 7
Box: 5, 10, 34
Box: 253, 65, 74
Box: 37, 261, 99
Box: 9, 3, 38
Box: 3, 9, 271
Box: 13, 13, 4
Box: 27, 261, 17
Box: 50, 80, 64
Box: 3, 50, 15
Box: 48, 69, 19
Box: 21, 50, 52
Box: 50, 13, 15
Box: 48, 12, 22
Box: 253, 4, 14
Box: 4, 28, 7
Box: 37, 24, 23
Box: 35, 17, 271
Box: 5, 15, 9
Box: 102, 30, 65
Box: 25, 7, 62
Box: 111, 55, 10
Box: 3, 261, 2
Box: 38, 39, 6
Box: 34, 10, 11
Box: 19, 252, 16
Box: 253, 10, 69
Box: 8, 61, 6
Box: 9, 3, 11
Box: 10, 261, 17
Box: 4, 12, 30
Box: 253, 27, 45
Box: 61, 261, 35
Box: 253, 29, 19
Box: 11, 34, 15
Box: 66, 44, 9
Box: 4, 3, 46
Box: 3, 32, 2
Box: 14, 18, 29
Box: 19, 9, 6
Box: 12, 4, 9
Box: 253, 2, 78
Box: 253, 261, 61
Box: 12, 23, 106
Box: 66, 44, 55
Box: 33, 226, 271
Box: 20, 35, 29
Box: 3, 53, 26
Box: 5, 6, 5
Box: 4, 4, 11
Box: 253, 43, 19
Box: 64, 261, 24
Box: 9, 27, 8
Box: 91, 3, 90
Box: 10, 30, 58
Box: 8, 13, 13
Box: 37, 20, 3
Box: 175, 21, 32
Box: 253, 6, 271
Box: 105, 19, 27
Box: 50, 75, 271
Box: 35, 38, 271
Box: 214, 184, 13
Box: 25, 9, 10
Box: 14, 6, 10
Box: 214, 56, 271
Box: 83, 14, 97
Box: 9, 80, 96
Box: 43, 3, 75
Box: 253, 115, 189
Box: 58, 5, 15
Box: 11, 12, 4
Box: 13, 11, 2
Box: 3, 58, 46
Box: 43, 131, 6
Box: 190, 261, 6
Box: 9, 242, 7
Box: 6, 3, 3
Box: 253, 38, 38
Box: 39, 67, 30
Box: 24, 4, 10
Box: 253, 33, 94
Box: 41, 33, 43
Box: 57, 9, 3
Box: 41, 42, 150
Box: 82, 11, 271
Box: 214, 184, 8
Box: 18, 74, 36
Box: 253, 183, 131
Box: 253, 22, 45
Box: 105, 7, 23
Box: 46, 161, 148
Box: 30, 83, 61
Box: 2, 11, 10
Box: 38, 25, 271
Box: 132, 3, 8
Box: 27, 261, 4
Box: 2, 10, 11
Box: 253, 261, 47
Box: 18, 5, 10
Box: 69, 17, 40
Box: 8, 5, 23
Box: 253, 11, 177
Box: 69, 62, 75
Box: 26, 139, 70
Box: 23, 11, 2
Box: 17, 18, 9
Box: 66, 68, 9
Box: 120, 68, 2
Box: 81, 261, 62
Box: 9, 234, 70
Box: 43, 5, 75
Box: 18, 41, 6
Box: 7, 10, 34
Box: 92, 261, 82
Box: 61, 21, 100
Box: 205, 37, 112
Box: 46, 80, 220
Box: 19, 261, 271
Box: 102, 30, 42
Box: 71, 182, 44
Box: 105, 12, 7
Box: 61, 49, 86
Box: 20, 6, 37
Box: 38, 2, 43
Box: 17, 261, 271
Box: 35, 82, 271
Box: 17, 76, 49
Box: 11, 43, 77
Box: 52, 261, 51
Box: 5, 261, 271
Box: 100, 20, 70
Box: 38, 3, 78
Box: 2, 30, 11
Box: 2, 103, 13
Box: 14, 46, 34
Box: 66, 24, 64
Box: 90, 84, 67
Box: 36, 5, 11
Box: 13, 39, 45
Box: 19, 261, 271
Box: 50, 2, 15
Box: 214, 58, 45
Box: 253, 56, 20
Box: 4, 52, 201
Box: 22, 9, 82
Box: 17, 3, 271
Box: 39, 231, 13
Box: 78, 99, 3
Box: 5, 4, 44
Box: 37, 17, 9
Box: 8, 22, 34
Box: 45, 43, 271
Box: 253, 5, 17
Box: 15, 76, 89
Box: 4, 30, 11
Box: 78, 6, 30
Box: 117, 79, 224
Box: 253, 149, 21
Box: 129, 9, 10
Box: 17, 27, 96
Box: 20, 120, 58
Box: 59, 51, 7
Box: 30, 32, 146
Box: 116, 24, 271
Box: 68, 134, 250
Box: 30, 35, 82
Box: 11, 10, 271
Box: 29, 49, 271
Box: 2, 40, 39
Box: 3, 19, 20
Box: 3, 31, 62
Box: 3, 15, 5
Box: 46, 27, 37
Box: 12, 13, 17
Box: 12, 28, 106
Box: 253, 2, 37
Box: 253, 9, 2
Box: 69, 55, 44
Box: 121, 43, 3
Box: 146, 34, 15
Box: 11, 7, 13
Box: 32, 131, 49
Box: 13, 94, 20
Box: 205, 13, 271
Box: 253, 60, 11
Box: 11, 24, 271
Box: 52, 39, 271
Box: 4, 261, 20
Box: 42, 24, 11
Box: 15, 261, 271
Box: 8, 13, 271
Box: 86, 54, 184
Box: 32, 59, 59
Box: 129, 9, 214
Box: 58, 30, 271
Box: 7, 26, 52
Box: 15, 22, 7
Box: 35, 29, 271
Box: 253, 40, 48
Box: 91, 7, 17
Box: 17, 56, 102
Box: 90, 6, 271
Box: 6, 22, 271
Box: 21, 134, 113
Box: 17, 3, 102
Box: 54, 6, 26
Box: 39, 9, 24
Box: 10, 261, 8
Box: 58, 77, 2
Box: 75, 12, 83
Box: 28, 134, 42
Box: 38, 140, 271
Box: 10, 17, 12
Box: 253, 47, 16
Box: 95, 25, 271
Box: 132, 13, 2
Box: 20, 154, 271
Box: 20, 134, 42
Box: 9, 15, 128
Box: 4, 73, 15
Box: 74, 7, 37
Box: 66, 154, 37
Box: 110, 28, 23
Box: 31, 76, 26
Box: 190, 261, 82
Box: 25, 33, 35
Box: 12, 19, 4
Box: 46, 2, 51
Box: 217, 70, 9
Box: 89, 6, 26
Box: 13, 11, 131
Box: 43, 131, 21
Box: 18, 261, 107
Box: 83, 60, 22
Box: 253, 261, 11
Box: 7, 6, 15
Box: 36, 261, 84
Box: 3, 213, 15
Box: 170, 2, 220
Box: 3, 261, 56
Box: 253, 17, 20
Box: 3, 261, 103
Box: 48, 61, 112
Box: 17, 5, 17
Box: 6, 6, 2
Box: 12, 4, 71
Box: 9, 130, 26
Box: 27, 261, 12
Box: 62, 10, 19
Box: 253, 261, 29
Box: 214, 8, 45
Box: 61, 24, 18
Box: 113, 30, 13
Box: 67, 261, 51
Box: 6, 40, 3
Box: 7, 12, 57
Box: 253, 147, 12
Box: 24, 134, 9
Box: 39, 60, 51
Box: 36, 8, 17
Box: 85, 64, 60
Box: 2, 8, 271
Box: 5, 46, 71
Box: 14, 4, 11
Box: 253, 13, 26
Box: 25, 47, 86
Box: 111, 6, 10
Box: 4, 8, 103
Box: 86, 261, 19
Box: 41, 59, 2
Box: 66, 261, 116
Box: 31, 24, 7
Box: 12, 261, 10
Box: 46, 27, 14
Box: 102, 30, 27
Box: 10, 8, 6
Box: 39, 19, 99
Box: 93, 261, 42
Box: 151, 115, 43
Box: 37, 50, 90
Box: 8, 84, 64
Box: 23, 205, 271
Box: 18, 34, 75
Box: 100, 154, 12
Box: 49, 5, 8
Box: 25, 9, 54
Box: 3, 40, 271
Box: 66, 41, 15
Box: 136, 58, 64
Box: 10, 35, 271
Box: 7, 134, 42
Box: 13, 28, 64
Box: 12, 19, 9
Box: 32, 37, 167
Box: 18, 261, 31
Box: 49, 5, 2
Box: 100, 73, 10
Box: 77, 261, 107
Box: 29, 261, 34
Box: 4, 15, 15
Box: 46, 97, 85
Box: 46, 20, 6
Box: 10, 76, 159
Box: 26, 19, 3
Box: 10, 79, 21
Box: 8, 91, 69
Box: 13, 66, 4
Box: 24, 60, 2
Box: 17, 60, 2
Box: 253, 3, 29
Box: 91, 7, 69
Box: 12, 6, 2
Box: 2, 13, 4
Box: 10, 13, 10
Box: 50, 11, 69
Box: 29, 80, 96
Box: 199, 15, 161
Box: 39, 28, 8
Box: 39, 54, 31
Box: 17, 60, 11
Box: 36, 9, 77
Box: 5, 53, 63
Box: 53, 12, 16
Box: 7, 12, 30
Box: 105, 19, 27
Box: 23, 9, 22
Box: 14, 6, 13
Box: 7, 33, 18
Box: 29, 261, 56
Box: 95, 79, 19
Box: 14, 5, 29
Box: 5, 10, 82
Box: 113, 261, 7
Box: 11, 2, 10
Box: 99, 9, 29
Box: 50, 35, 82
Box: 9, 13, 24
Box: 3, 87, 10
Box: 54, 40, 12
Box: 42, 31, 26
Box: 22, 261, 3
Box: 36, 60, 33
Box: 100, 36, 70
Box: 17, 22, 23
Box: 217, 70, 10
Box: 2, 45, 105
Box: 2, 38, 24
Box: 253, 261, 65
Box: 16, 61, 112
Box: 4, 12, 18
Box: 74, 261, 123
Box: 68, 20, 20
Box: 5, 261, 271
Box: 5, 8, 4
Box: 2, 40, 13
Box: 253, 47, 23
Box: 167, 261, 61
Box: 105, 12, 2
Box: 182, 14, 58
Box: 30, 154, 271
Box: 30, 261, 64
Box: 12, 30, 84
Box: 15, 17, 50
Box: 60, 18, 14
Box: 12, 6, 37
Box: 13, 118, 92
Box: 10, 13, 7
Box: 53, 22, 7
Box: 253, 65, 21
Box: 104, 49, 271
Box: 42, 41, 18
Box: 253, 9, 7
Box: 17, 60, 9
Box: 29, 8, 130
Box: 49, 10, 227
Box: 85, 64, 57
Box: 204, 6, 96
Box: 58, 107, 5
Box: 26, 121, 2
Box: 8, 6, 4
Box: 31, 124, 7
Box: 16, 101, 271
Box: 78, 6, 3
Box: 2, 234, 70
Box: 83, 67, 19
Box: 38, 6, 26
Box: 7, 42, 5
Box: 5, 33, 11
Box: 55, 6, 3
Box: 67, 3, 78
Box: 73, 37, 40
Box: 16, 31, 51
Box: 36, 21, 12
Box: 5, 3, 44
Box: 5, 6, 10
Box: 21, 35, 2
Box: 10, 125, 131
Box: 122, 15, 40
Box: 162, 61, 43
Box: 46, 261, 236
Box: 15, 12, 13
Box: 28, 13, 271
Box: 14, 13, 7
Box: 205, 43, 271
Box: 10, 252, 16
Box: 3, 10, 6
Box: 52, 17, 13
Box: 3, 9, 5
Box: 253, 194, 47
Box: 34, 261, 10
Box: 12, 8, 271
Box: 12, 69, 58
Box: 31, 261, 3
Box: 175, 3, 32
Box: 66, 15, 19
Box: 5, 72, 7
Box: 14, 38, 24
Box: 10, 194, 11
Box: 3, 43, 252
Box: 253, 6, 201
Box: 24, 29, 26
Box: 91, 53, 49
Box: 9, 261, 63
Box: 32, 51, 3
Box: 253, 261, 65
Box: 253, 3, 19
Box: 61, 45, 90
Box: 253, 9, 7
Box: 253, 129, 90
Box: 30, 174, 135
Box: 58, 10, 157
Box: 93, 2, 11
Box: 64, 72, 7
Box: 37, 45, 82
Box: 8, 13, 5
Box: 30, 34, 8
Box: 2, 22, 271
Box: 33, 62, 69
Box: 33, 13, 33
Box: 2, 53, 81
Box: 14, 43, 252
Box: 25, 3, 62
Box: 47, 33, 2
Box: 30, 20, 241
Box: 104, 80, 96
Box: 253, 21, 8
Box: 8, 34, 69
Box: 32, 3, 4
Box: 253, 18, 100
Box: 6, 31, 9
Box: 8, 52, 69
Box: 9, 69, 177
Box: 106, 10, 26
Box: 253, 4, 271
Box: 104, 62, 80
Box: 35, 7, 16
Box: 2, 7, 25
Box: 2, 4, 23
Box: 9, 11, 2
Box: 37, 125, 131
Box: 2, 13, 39
Box: 66, 176, 9
Box: 13, 13, 24
Box: 89, 76, 20
Box: 15, 261, 70
Box: 253, 36, 13
Box: 10, 76, 5
Box: 3, 39, 8
Box: 9, 2, 2
Box: 2, 12, 10
Box: 63, 147, 9
Box: 69, 96, 271
Box: 136, 35, 64
Box: 26, 68, 35
Box: 17, 115, 57
Box: 9, 4, 11
Box: 5, 10, 34
Box: 71, 261, 9
Box: 32, 126, 25
Box: 10, 6, 15
Box: 4, 35, 64
Box: 83, 57, 19
Box: 10, 261, 6
Box: 61, 24, 54
Box: 10, 60, 52
Box: 9, 261, 29
Box: 5, 5, 82
Box: 3, 29, 19
Box: 47, 38, 42
Box: 46, 161, 123
Box: 12, 126, 143
Box: 39, 42, 21
Box: 18, 6, 26
Box: 11, 17, 12
Box: 46, 261, 70
Box: 20, 184, 75
Box: 35, 42, 8
Box: 53, 19, 106
Box: 253, 15, 42
Box: 253, 115, 81
Box: 119, 127, 2
Box: 9, 33, 3
Box: 158, 49, 6
Box: 30, 4, 8
Box: 39, 4, 24
Box: 44, 24, 16
Box: 253, 17, 11
Box: 253, 4, 49
Box: 29, 72, 66
Box: 3, 31, 62
Box: 198, 103, 8
Box: 10, 7, 9
Box: 25, 47, 2
Box: 136, 191, 13
Box: 32, 261, 35
Box: 32, 261, 107
Box: 2, 3, 82
Box: 11, 12, 9
Box: 7, 61, 112
Box: 30, 46, 61
Box: 13, 11, 21
Box: 28, 34, 24
Box: 78, 7, 7
Box: 10, 114, 106
Box: 57, 106, 51
Box: 4, 35, 82
Box: 9, 15, 134
Box: 11, 261, 9
Box: 14, 45, 271
Box: 3, 12, 16
Box: 61, 4, 24
Box: 253, 261, 15
Box: 4, 76, 73
Box: 204, 57, 96
Box: 2, 123, 55
Box: 253, 107, 25
Box: 204, 41, 96
Box: 8, 124, 26
Box: 5, 43, 9
Box: 14, 82, 271
Box: 30, 7, 8
Box: 182, 83, 58
Box: 24, 9, 4
Box: 77, 20, 34
Box: 4, 17, 51
Box: 74, 261, 236
Box: 176, 240, 6
Box: 19, 150, 31
Box: 77, 261, 7
Box: 25, 134, 113
Box: 44, 68, 84
Box: 57, 106, 51
Box: 7, 36, 42
Box: 33, 22, 7
Box: 13, 3, 64
Box: 54, 261, 271
Box: 47, 26, 2
Box: 253, 74, 23
Box: 17, 60, 11
Box: 3, 4, 67
Box: 205, 108, 271
Box: 151, 10, 43
Box: 47, 6, 42
Box: 12, 53, 107
Box: 30, 26, 146
Box: 253, 87, 22
Box: 12, 43, 15
Box: 55, 261, 29
Box: 253, 7, 10
Box: 253, 22, 39
Box: 26, 247, 25
Box: 253, 13, 30
Box: 6, 35, 2
Box: 2, 46, 18
Box: 29, 61, 69
Box: 37, 134, 250
Box: 7, 3, 9
Box: 23, 3, 78
Box: 30, 154, 271
Box: 253, 261, 171
Box: 93, 34, 75
Box: 85, 24, 40
Box: 15, 5, 13
Box: 66, 154, 4
Box: 30, 15, 61
Box: 232, 23, 96
Box: 2, 9, 2
Box: 48, 94, 20
Box: 253, 56, 121
Box: 5, 40, 271
Box: 6, 5, 15
Box: 17, 50, 3
Box: 10, 77, 2
Box: 7, 36, 110
Box: 206, 68, 17
Box: 2, 14, 55
Box: 50, 9, 75
Box: 253, 261, 148
Box: 7, 68, 40
Box: 205, 14, 271
Box: 28, 39, 271
Box: 19, 54, 192
Box: 27, 252, 16
Box: 229, 24, 94
Box: 2, 62, 10
Box: 9, 55, 119
Box: 2, 9, 2
Box: 16, 261, 2
Box: 29, 33, 33
Box: 11, 28, 13
Box: 102, 30, 29
Box: 253, 28, 40
Box: 2, 13, 48
Box: 32, 13, 25
Box: 12, 5, 17
Box: 13, 60, 271
Box: 61, 16, 271
Box: 44, 11, 6
Box: 10, 261, 14
Box: 253, 84, 6
Box: 253, 93, 271
Box: 7, 36, 82
Box: 83, 32, 44
Box: 8, 7, 23
Box: 152, 261, 61
Box: 253, 55, 17
Box: 31, 7, 7
Box: 12, 14, 106
Box: 14, 36, 29
Box: 5, 125, 131
Box: 93, 38, 75
Box: 78, 6, 3
Box: 6, 17, 12
Box: 9, 8, 134
Box: 253, 261, 110
Box: 17, 6, 6
Box: 13, 8, 10
Box: 253, 12, 14
Box: 21, 261, 271
Box: 46, 7, 6
Box: 37, 17, 3
Box: 49, 86, 26
Box: 104, 106, 24
Box: 74, 78, 35
Box: 20, 70, 47
Box: 9, 33, 4
Box: 214, 5, 45
Box: 3, 12, 20
Box: 17, 105, 49
Box: 13, 68, 2
Box: 9, 15, 32
Box: 2, 4, 67
Box: 39, 11, 24
Box: 50, 125, 42
Box: 217, 70, 25
Box: 47, 9, 2
Box: 83, 2, 220
Box: 49, 36, 14
Box: 13, 49, 271
Box: 28, 20, 271
Box: 148, 74, 55
Box: 152, 85, 3
Box: 73, 31, 67
Box: 190, 261, 26
Box: 57, 29, 70
Box: 11, 39, 6
Box: 52, 45, 92
Box: 52, 67, 46
Box: 3, 6, 20
Box: 45, 201, 22
Box: 14, 76, 89
Box: 85, 64, 101
Box: 50, 11, 18
Box: 2, 43, 49
Box: 8, 27, 8
Box: 91, 200, 49
Box: 10, 32, 9
Box: 43, 6, 75
Box: 32, 24, 11
Box: 7, 69, 3
Box: 36, 261, 60
Box: 83, 186, 22
Box: 250, 71, 24
Box: 62, 3, 30
Box: 21, 261, 57
Box: 62, 82, 271
Box: 17, 5, 107
Box: 12, 5, 143
Box: 90, 44, 271
Box: 253, 105, 7
Box: 10, 43, 12
Box: 10, 135, 59
Box: 14, 4, 24
Box: 14, 78, 35
Box: 31, 71, 85
Box: 109, 17, 27
Box: 26, 261, 271
Box: 29, 261, 39
Box: 97, 261, 35
Box: 47, 3, 2
Box: 10, 188, 29
Box: 253, 22, 29
Box: 9, 20, 15
Box: 47, 6, 2
Box: 253, 261, 82
Box: 13, 48, 35
Box: 17, 20, 8
Box: 253, 74, 68
Box: 10, 60, 112
Box: 20, 12, 5
Box: 151, 23, 43
Box: 253, 74, 26
Box: 25, 18, 35
Box: 17, 12, 9
Box: 7, 36, 62
Box: 58, 127, 63
Box: 34, 13, 10
Box: 3, 261, 57
Box: 14, 45, 9
Box: 2, 8, 11
Box: 5, 261, 9
Box: 253, 3, 11
Box: 152, 12, 3
Box: 5, 43, 51
Box: 83, 261, 3
Box: 41, 146, 70
Box: 41, 191, 271
Box: 7, 2, 40
Box: 253, 33, 131
Box: 2, 10, 34
Box: 143, 6, 108
Box: 43, 261, 271
Box: 14, 79, 224
Box: 5, 50, 11
Box: 15, 6, 3
Box: 100, 154, 52
Box: 78, 113, 20
Box: 113, 261, 13
Box: 12, 261, 271
Box: 28, 34, 12
Box: 44, 176, 30
Box: 3, 35, 2
Box: 87, 61, 239
Box: 167, 35, 120
Box: 27, 57, 66
Box: 42, 35, 9
Box: 148, 74, 39
Box: 253, 261, 85
Box: 93, 54, 271
Box: 8, 21, 23
Box: 253, 66, 271
Box: 21, 17, 44
Box: 32, 6, 8
Box: 8, 35, 69
Box: 27, 261, 18
Box: 41, 6, 3
Box: 17, 5, 17
Box: 8, 121, 2
Box: 64, 46, 20
Box: 91, 36, 14
Box: 32, 126, 32
Box: 22, 261, 17
Box: 2, 143, 35
Box: 25, 4, 5
Box: 155, 32, 191
Box: 3, 44, 8
Box: 8, 124, 14
Box: 4, 103, 94
Box: 10, 43, 35
Box: 61, 24, 103
Box: 14, 31, 125
Box: 14, 80, 96
Box: 14, 6, 4
Box: 8, 178, 76
Box: 40, 56, 30
Box: 2, 71, 85
Box: 253, 34, 14
Box: 9, 33, 78
Box: 38, 31, 11
Box: 214, 24, 45
Box: 14, 99, 121
Box: 78, 99, 50
Box: 69, 75, 8
Box: 12, 213, 15
Box: 52, 3, 4
Box: 4, 76, 23
Box: 8, 61, 7
Box: 12, 15, 143
Box: 74, 7, 19
Box: 35, 29, 14
Box: 77, 261, 51
Box: 12, 28, 106
Box: 253, 23, 90
Box: 20, 141, 58
Box: 253, 28, 29
Box: 2, 54, 13
Box: 7, 18, 24
Box: 22, 9, 6
Box: 5, 42, 49
Box: 12, 261, 9
Box: 46, 17, 77
Box: 253, 4, 17
Box: 12, 6, 26
Box: 32, 133, 3
Box: 53, 148, 67
Box: 217, 70, 91
Box: 96, 134, 42
Box: 14, 18, 64
Box: 34, 261, 10
Box: 25, 76, 89
Box: 253, 3, 67
Box: 15, 43, 252
Box: 2, 73, 239
Box: 42, 33, 23
Box: 21, 6, 17
Box: 61, 49, 50
Box: 74, 127, 271
Box: 5, 17, 9
Box: 9, 40, 271
Box: 20, 3, 46
Box: 55, 4, 64
Box: 253, 18, 39
Box: 56, 3, 67
Box: 28, 34, 33
Box: 116, 12, 271
Box: 21, 261, 12
Box: 253, 261, 29
Box: 20, 50, 17
Box: 8, 261, 28
Box: 45, 106, 24
Box: 7, 98, 40
Box: 253, 56, 45
Box: 14, 5, 9
Box: 24, 10, 29
Box: 42, 41, 48
Box: 57, 128, 70
Box: 199, 6, 161
Box: 13, 11, 117
Box: 8, 14, 15
Box: 37, 24, 75
Box: 3, 69, 58
Box: 20, 19, 29
Box: 6, 33, 54
Box: 78, 99, 39
Box: 12, 60, 13
Box: 111, 126, 34
Box: 9, 174, 271
Box: 9, 45, 9
Box: 3, 17, 9
Box: 19, 261, 18
Box: 22, 61, 82
Box: 253, 55, 20
Box: 71, 79, 224
Box: 3, 19, 8
Box: 4, 3, 3
Box: 59, 76, 4
Box: 28, 72, 7
Box: 47, 221, 271
Box: 77, 71, 29
Box: 17, 13, 57
Box: 253, 44, 2
Box: 253, 261, 29
Box: 253, 4, 30
Box: 83, 32, 53
Box: 253, 10, 33
Box: 17, 53, 57
Box: 96, 50, 11
Box: 50, 51, 59
Box: 82, 17, 20
Box: 64, 16, 20
Box: 7, 23, 24
Box: 253, 261, 91
Box: 8, 4, 11
Box: 141, 43, 271
Box: 3, 13, 20
Box: 253, 68, 271
Box: 24, 35, 2
Box: 39, 261, 97
Box: 4, 24, 94
Box: 116, 41, 271
Box: 9, 13, 177
Box: 105, 16, 84
Box: 19, 56, 9
Box: 12, 42, 5
Box: 21, 26, 44
Box: 12, 9, 57
Box: 20, 229, 17
Box: 32, 71, 85
Box: 45, 261, 82
Box: 164, 32, 115
Box: 70, 106, 80
Box: 103, 68, 271
Box: 30, 16, 8
Box: 2, 107, 5
Box: 13, 261, 237
Box: 12, 54, 13
Box: 93, 5, 11
Box: 7, 15, 271
Box: 29, 5, 4
Box: 37, 183, 23
Box: 41, 11, 8
Box: 253, 82, 189
Box: 7, 59, 40
Box: 7, 261, 40
Box: 3, 13, 8
Box: 12, 43, 10
Box: 10, 43, 68
Box: 8, 5, 34
Box: 36, 74, 17
Box: 3, 2, 20
Box: 4, 261, 20
Box: 217, 70, 27
Box: 63, 35, 49
Box: 34, 162, 82
Box: 36, 199, 30
Box: 9, 27, 18
Box: 86, 46, 234
Box: 17, 12, 27
Box: 23, 19, 3
Box: 40, 124, 76
Box: 13, 8, 64
Box: 43, 54, 271
Box: 55, 8, 3
Box: 27, 31, 23
Box: 4, 45, 9
Box: 32, 19, 59
Box: 63, 261, 126
Box: 9, 6, 134
Box: 72, 11, 3
Box: 11, 12, 22
Box: 10, 21, 236
Box: 67, 261, 82
Box: 31, 17, 131
Box: 55, 6, 17
Box: 12, 9, 6
Box: 9, 261, 29
Box: 17, 50, 51
Box: 66, 50, 136
Box: 2, 13, 54
Box: 18, 13, 6
Box: 167, 35, 24
Box: 38, 33, 8
Box: 71, 79, 44
Box: 31, 92, 7
Box: 82, 42, 66
Box: 61, 5, 151
Box: 11, 20, 15
Box: 143, 93, 14
Box: 46, 2, 90
Box: 26, 12, 22
Box: 46, 80, 15
Box: 45, 261, 4
Box: 66, 261, 7
Box: 19, 148, 121
Box: 26, 106, 24
Box: 181, 22, 6
Box: 11, 3, 82
Box: 35, 52, 119
Box: 253, 6, 14
Box: 49, 10, 19
Box: 21, 213, 10
Box: 52, 46, 234
Box: 3, 261, 2
Box: 23, 28, 2
Box: 68, 261, 44
Box: 2, 44, 239
Box: 204, 22, 35
Box: 131, 31, 24
Box: 5, 148, 121
Box: 39, 39, 28
Box: 46, 4, 7
Box: 103, 13, 4
Box: 12, 38, 24
Box: 23, 6, 26
Box: 39, 62, 29
Box: 250, 62, 24
Box: 3, 261, 6
Box: 71, 261, 7
Box: 45, 261, 271
Box: 253, 44, 5
Box: 9, 2, 134
Box: 10, 16, 3
Box: 2, 13, 20
Box: 14, 20, 13
Box: 91, 6, 17
Box: 95, 43, 69
Box: 8, 51, 3
Box: 5, 3, 33
Box: 253, 55, 25
Box: 2, 2, 16
Box: 3, 72, 7
Box: 6, 40, 23
Box: 12, 95, 271
Box: 29, 261, 17
Box: 12, 70, 8
Box: 6, 8, 271
Box: 54, 46, 61
Box: 9, 106, 24
Box: 253, 56, 13
Box: 5, 46, 23
Box: 10, 44, 3
Box: 18, 74, 154
Box: 109, 17, 39
Box: 40, 261, 10
Box: 136, 191, 164
Box: 29, 5, 11
Box: 145, 261, 271
Box: 131, 17, 33
Box: 86, 48, 60
Box: 253, 10, 29
Box: 253, 261, 151
Box: 13, 59, 271
Box: 28, 16, 11
Box: 11, 15, 5
Box: 6, 158, 25
Box: 46, 3, 7
Box: 73, 42, 64
Box: 66, 58, 26
Box: 28, 43, 252
Box: 36, 261, 11
Box: 132, 15, 17
Box: 5, 2, 82
Box: 42, 41, 6
Box: 39, 8, 24
Box: 253, 81, 41
Box: 253, 10, 8
Box: 253, 38, 11
Box: 10, 9, 6
Box: 63, 261, 57
Box: 20, 261, 20
Box: 16, 19, 3
Box: 31, 34, 15
Box: 5, 50, 63
Box: 96, 261, 239
Box: 12, 15, 4
Box: 137, 261, 25
Box: 52, 45, 15
Box: 12, 6, 3
Box: 190, 261, 80
Box: 93, 22, 75
Box: 28, 10, 34
Box: 5, 41, 20
Box: 57, 7, 70
Box: 11, 20, 271
Box: 30, 22, 38
Box: 64, 261, 107
Box: 204, 55, 96
Box: 9, 15, 5
Box: 253, 144, 4
Box: 2, 29, 59
Box: 72, 37, 15
Box: 9, 96, 45
Box: 72, 7, 2
Box: 32, 80, 64
Box: 126, 47, 150
Box: 50, 51, 10
Box: 37, 52, 75
Box: 12, 78, 106
Box: 4, 12, 5
Box: 44, 114, 13
Box: 56, 53, 67
Box: 176, 240, 21
Box: 2, 31, 70
Box: 152, 261, 113
Box: 137, 261, 10
Box: 94, 50, 15
Box: 253, 15, 136
Box: 253, 12, 14
Box: 77, 261, 73
Box: 143, 59, 271
Box: 7, 3, 6
Box: 22, 261, 30
Box: 20, 12, 15
Box: 253, 261, 3
Box: 7, 3, 10
Box: 214, 15, 271
Box: 18, 4, 11
Box: 37, 14, 82
Box: 14, 9, 14
Box: 253, 134, 22
Box: 17, 22, 2
Box: 20, 69, 241
Box: 2, 9, 3
Box: 4, 155, 2
Box: 253, 149, 17
Box: 43, 131, 18
Box: 14, 24, 75
Box: 78, 99, 79
Box: 27, 3, 2
Box: 17, 199, 27
Box: 253, 9, 25
Box: 188, 47, 53
Box: 105, 2, 23
Box: 33, 5, 271
Box: 5, 46, 21
Box: 12, 43, 5
Box: 3, 8, 271
Box: 12, 36, 15
Box: 2, 2, 11
Box: 13, 16, 271
Box: 17, 35, 2
Box: 33, 114, 106
Box: 102, 42, 16
Box: 15, 18, 13
Box: 28, 34, 4
Box: 253, 64, 25
Box: 21, 45, 45
Box: 66, 44, 11
Box: 15, 261, 271
Box: 31, 76, 77
Box: 28, 75, 13
Box: 3, 32, 10
Box: 253, 144, 2
Box: 69, 17, 24
Box: 12, 39, 28
Box: 39, 261, 136
Box: 253, 11, 271
Box: 39, 81, 34
Box: 42, 41, 12
Box: 132, 72, 8
Box: 26, 261, 5
Box: 34, 134, 113
Box: 9, 9, 46
Box: 2, 4, 11
Box: 47, 50, 42
Box: 22, 261, 11
Box: 62, 38, 20
Box: 17, 20, 57
Box: 11, 141, 13
Box: 15, 35, 104
Box: 12, 4, 15
Box: 18, 106, 102
Box: 26, 7, 2
Box: 37, 17, 15
Box: 104, 70, 24
Box: 89, 7, 2
Box: 156, 261, 69
Box: 5, 31, 37
Box: 43, 19, 30
Box: 10, 43, 106
Box: 25, 261, 112
Box: 66, 6, 35
Box: 19, 27, 44
Box: 87, 101, 239
Box: 55, 27, 3
Box: 72, 127, 63
Box: 4, 35, 2
Box: 66, 40, 19
Box: 11, 50, 82
Box: 14, 3, 13
Box: 42, 31, 8
Box: 5, 31, 62
Box: 3, 2, 20
Box: 12, 85, 30
Box: 46, 2, 7
Box: 15, 35, 271
Box: 37, 20, 9
Box: 253, 10, 12
Box: 2, 31, 112
Box: 34, 9, 22
Box: 17, 18, 57
Box: 8, 20, 69
Box: 55, 25, 12
Box: 24, 12, 2
Box: 9, 18, 11
Box: 46, 15, 5
Box: 4, 9, 20
Box: 132, 70, 8
Box: 3, 31, 24
Box: 74, 35, 271
Box: 36, 12, 30
Box: 49, 55, 26
Box: 5, 6, 26
Box: 2, 3, 87
Box: 17, 5, 9
Box: 55, 3, 78
Box: 6, 18, 271
Box: 5, 13, 5
Box: 10, 261, 9
Box: 3, 10, 10
Box: 10, 9, 6
Box: 42, 41, 27
Box: 8, 27, 69
Box: 13, 81, 2
Box: 253, 50, 11
Box: 56, 86, 26
Box: 43, 21, 5
Box: 50, 42, 5
Box: 24, 9, 26
Box: 100, 154, 10
Box: 11, 51, 11
Box: 5, 6, 4
Box: 13, 96, 26
Box: 5, 154, 153
Box: 253, 87, 93
Box: 11, 33, 11
Box: 35, 29, 15
Box: 5, 12, 12
Box: 14, 20, 271
Box: 102, 60, 19
Box: 84, 36, 67
Box: 109, 18, 8
Box: 36, 9, 51
Box: 36, 261, 58
Box: 253, 18, 26
Box: 2, 40, 4
Box: 41, 56, 9
Box: 253, 16, 25
Box: 37, 261, 54
Box: 24, 75, 12
Box: 6, 5, 52
Box: 55, 61, 64
Box: 27, 261, 57
Box: 14, 31, 70
Box: 253, 92, 20
Box: 94, 261, 271
Box: 14, 99, 43
Box: 17, 3, 96
Box: 62, 56, 19
Box: 32, 7, 2
Box: 13, 49, 17
Box: 253, 61, 271
Box: 89, 261, 70
Box: 180, 42, 64
Box: 12, 4, 14
Box: 10, 24, 236
Box: 182, 107, 58
Box: 12, 33, 33
Box: 68, 71, 29
Box: 116, 69, 271
Box: 70, 3, 78
Box: 17, 6, 3
Box: 14, 46, 15
Box: 2, 35, 47
Box: 11, 6, 15
Box: 82, 199, 27
Box: 39, 261, 51
Box: 43, 35, 2
Box: 18, 261, 58
Box: 2, 51, 11
Box: 253, 56, 22
Box: 111, 5, 103
Box: 122, 31, 11
Box: 28, 14, 3
Box: 253, 261, 5
Box: 253, 74, 57
Box: 253, 67, 14
Box: 2, 13, 4
Box: 101, 20, 90
Box: 76, 24, 25
Box: 111, 25, 103
Box: 62, 83, 99
Box: 4, 5, 2
Box: 48, 50, 15
Box: 6, 6, 25
Box: 51, 261, 58
Box: 39, 5, 21
Box: 253, 79, 72
Box: 60, 22, 14
Box: 141, 261, 17
Box: 2, 16, 10
Box: 36, 261, 8
Box: 2, 31, 66
Box: 253, 36, 11
Box: 17, 44, 57
Box: 6, 5, 10
Box: 17, 5, 107
Box: 15, 261, 64
Box: 17, 60, 20
Box: 49, 86, 271
Box: 18, 22, 271
Box: 8, 10, 11
Box: 15, 8, 130
Box: 36, 39, 6
Box: 47, 8, 42
Box: 37, 20, 14
Box: 253, 199, 271
Box: 105, 28, 44
Box: 47, 19, 42
Box: 52, 248, 271
Box: 5, 54, 13
Box: 68, 16, 11
Box: 37, 17, 17
Box: 107, 28, 85
Box: 2, 4, 11
Box: 28, 20, 15
Box: 15, 14, 16
Box: 55, 67, 64
Box: 57, 9, 28
Box: 253, 14, 29
Box: 18, 68, 75
Box: 30, 261, 125
Box: 12, 19, 19
Box: 2, 127, 63
Box: 3, 10, 6
Box: 115, 69, 106
Box: 121, 107, 5
Box: 9, 45, 105
Box: 19, 4, 44
Box: 4, 10, 51
Box: 4, 61, 40
Box: 20, 12, 5
Box: 13, 74, 2
Box: 17, 53, 57
Box: 8, 11, 12
Box: 146, 15, 4
Box: 7, 20, 15
Box: 5, 9, 46
Box: 8, 20, 5
Box: 35, 29, 48
Box: 14, 46, 13
Box: 13, 9, 46
Box: 253, 261, 21
Box: 16, 9, 22
Box: 14, 31, 29
Box: 3, 10, 5
Box: 49, 5, 3
Box: 123, 261, 90
Box: 6, 33, 87
Box: 17, 22, 4
Box: 61, 6, 159
Box: 253, 12, 60
Box: 39, 4, 21
Box: 253, 261, 16
Box: 7, 5, 40
Box: 5, 28, 64
Box: 51, 211, 82
Box: 17, 78, 9
Box: 92, 134, 250
Box: 42, 31, 22
Box: 52, 261, 27
Box: 253, 261, 48
Box: 71, 71, 34
Box: 3, 29, 59
Box: 5, 8, 21
Box: 157, 87, 65
Box: 123, 261, 8
Box: 83, 261, 16
Box: 138, 261, 44
Box: 11, 2, 271
Box: 31, 29, 80
Box: 2, 49, 6
Box: 11, 261, 271
Box: 21, 6, 26
Box: 14, 31, 18
Box: 217, 261, 18
Box: 61, 21, 52
Box: 52, 106, 24
Box: 17, 22, 2
Box: 31, 261, 18
Box: 6, 261, 3
Box: 39, 49, 4
Box: 12, 4, 46
Box: 19, 2, 31
Box: 4, 10, 34
Box: 11, 31, 62
Box: 90, 5, 25
Box: 21, 51, 7
Box: 15, 237, 21
Box: 43, 15, 5
Box: 26, 53, 2
Box: 66, 197, 38
Box: 18, 4, 11
Box: 9, 96, 20
Box: 24, 15, 4
Box: 72, 31, 33
Box: 253, 44, 48
Box: 21, 68, 20
Box: 36, 132, 27
Box: 24, 3, 4
Box: 41, 6, 9
Box: 22, 261, 11
Box: 41, 74, 43
Box: 46, 3, 7
Box: 40, 90, 271
Box: 2, 5, 11
Box: 13, 13, 56
Box: 20, 61, 112
Box: 16, 20, 90
Box: 9, 261, 271
Box: 5, 5, 44
Box: 82, 13, 66
Box: 30, 261, 69
Box: 105, 28, 40
Box: 3, 31, 20
Box: 52, 22, 15
Box: 66, 44, 2
Box: 18, 49, 10
Box: 28, 11, 271
Box: 253, 74, 9
Box: 20, 9, 20
Box: 253, 34, 14
Box: 91, 30, 17
Box: 175, 70, 8
Box: 69, 80, 37
Box: 53, 112, 17
Box: 19, 261, 5
Box: 23, 22, 6
Box: 37, 9, 271
Box: 14, 8, 103
Box: 253, 17, 20
Box: 110, 24, 11
Box: 23, 15, 5
Box: 10, 29, 271
Box: 2, 31, 10
Box: 7, 63, 4
Box: 2, 261, 10
Box: 2, 8, 9
Box: 5, 8, 26
Box: 5, 3, 44
Box: 17, 58, 57
Box: 12, 8, 143
Box: 50, 2, 45
Box: 17, 13, 9
Box: 53, 79, 23
Box: 11, 20, 90
Box: 21, 24, 20
Box: 96, 61, 64
Box: 10, 60, 62
Box: 253, 261, 16
Box: 10, 6, 9
Box: 199, 2, 3
Box: 17, 5, 9
Box: 253, 74, 10
Box: 50, 127, 80
Box: 2, 103, 15
Box: 3, 261, 29
Box: 9, 3, 28
Box: 21, 48, 10
Box: 22, 163, 82
Box: 33, 5, 6
Box: 32, 126, 3
Box: 5, 40, 20
Box: 3, 9, 32
Box: 52, 11, 271
Box: 50, 14, 16
Box: 42, 154, 271
Box: 12, 43, 49
Box: 81, 31, 20
Box: 253, 8, 49
Box: 13, 6, 8
Box: 72, 31, 95
Box: 32, 8, 59
Box: 9, 11, 12
Box: 32, 4, 67
Box: 49, 5, 6
Box: 253, 13, 43
Box: 33, 5, 5
Box: 37, 32, 9
Box: 50, 45, 28
Box: 35, 86, 271
Box: 25, 35, 9
Box: 2, 3, 3
Box: 12, 4, 3
Box: 253, 85, 230
Box: 10, 43, 4
Box: 34, 76, 80
Box: 9, 154, 153
Box: 83, 261, 11
Box: 205, 24, 271
Box: 36, 4, 11
Box: 24, 6, 4
Box: 30, 63, 271
Box: 53, 13, 4
Box: 14, 6, 2
Box: 2, 45, 105
Box: 253, 218, 133
Box: 81, 261, 51
Box: 8, 20, 22
Box: 54, 7, 2
Box: 20, 29, 63
Box: 32, 261, 23
Box: 39, 35, 35
Box: 5, 46, 12
Box: 90, 63, 271
Box: 25, 5, 5
Box: 2, 40, 239
Box: 253, 40, 28
Box: 36, 71, 29
Box: 64, 29, 20
Box: 24, 14, 4
Box: 14, 13, 20
Box: 55, 261, 271
Box: 40, 12, 16
Box: 27, 50, 17
Box: 2, 124, 271
Box: 10, 13, 18
Box: 67, 261, 101
Box: 5, 87, 10
Box: 4, 31, 2
Box: 253, 12, 44
Box: 32, 8, 94
Box: 16, 7, 2
Box: 61, 5, 31
Box: 10, 3, 9
Box: 66, 96, 140
Box: 4, 9, 46
Box: 81, 49, 271
Box: 19, 15, 5
Box: 253, 7, 36
Box: 13, 75, 271
Box: 18, 11, 6
Box: 31, 70, 45
Box: 5, 38, 24
Box: 11, 2, 10
Box: 46, 48, 85
Box: 66, 28, 26
Box: 39, 39, 28
Box: 253, 3, 271
Box: 80, 79, 23
Box: 62, 12, 19
Box: 54, 9, 20
Box: 17, 10, 29
Box: 107, 44, 16
Box: 13, 261, 9
Box: 6, 6, 2
Box: 8, 60, 64
Box: 23, 13, 271
Box: 16, 2, 16
Box: 20, 3, 29
Box: 4, 174, 64
Box: 35, 52, 38
Box: 18, 113, 36
Box: 119, 127, 32
Box: 165, 31, 53
Box: 81, 105, 4
Box: 11, 31, 23
Box: 26, 19, 3
Box: 37, 14, 82
Box: 37, 17, 9
Box: 253, 139, 11
Box: 253, 16, 26
Box: 2, 3, 3
Box: 6, 42, 5
Box: 6, 31, 20
Box: 253, 11, 271
Box: 111, 261, 33
Box: 2, 3, 11
Box: 253, 47, 29
Box: 253, 60, 34
Box: 112, 261, 140
Box: 25, 2, 5
Box: 25, 9, 5
Box: 7, 4, 40
Box: 63, 261, 271
Box: 37, 17, 24
Box: 25, 146, 105
Box: 253, 6, 122
Box: 26, 261, 57
Box: 253, 19, 13
Box: 27, 2, 44
Box: 33, 8, 69
Box: 32, 6, 7
Box: 89, 3, 20
Box: 2, 19, 3
Box: 3, 58, 85
Box: 21, 26, 4
Box: 8, 15, 5
Box: 41, 11, 145
Box: 15, 68, 10
Box: 7, 261, 45
Box: 35, 29, 20
Box: 83, 4, 97
Box: 253, 261, 27
Box: 92, 261, 49
Box: 14, 7, 14
Box: 253, 50, 89
Box: 8, 51, 271
Box: 38, 33, 3
Box: 4, 3, 62
Box: 253, 49, 157
Box: 37, 6, 9
Box: 29, 125, 45
Box: 33, 3, 66
Box: 35, 76, 271
Box: 7, 261, 70
Box: 62, 37, 99
Box: 83, 17, 19
Box: 143, 6, 46
Box: 12, 87, 271
Box: 3, 32, 7
Box: 33, 51, 271
Box: 253, 85, 2
Box: 253, 43, 6
Box: 39, 41, 34
Box: 66, 48, 77
Box: 28, 90, 271
Box: 39, 31, 62
Box: 253, 50, 37
Box: 4, 64, 15
Box: 190, 4, 28
Box: 132, 93, 8
Box: 12, 4, 19
Box: 49, 42, 15
Box: 30, 261, 43
Box: 7, 17, 9
Box: 5, 47, 53
Box: 8, 13, 5
Box: 19, 21, 4
Box: 21, 9, 82
Box: 8, 52, 201
Box: 31, 29, 13
Box: 5, 47, 64
Box: 214, 6, 158
Box: 10, 5, 11
Box: 253, 49, 271
Box: 253, 261, 46
Box: 4, 29, 15
Box: 82, 13, 62
Box: 25, 71, 35
Box: 3, 43, 252
Box: 26, 261, 17
Box: 2, 46, 18
Box: 107, 261, 4
Box: 2, 13, 23
Box: 17, 10, 102
Box: 28, 33, 33
Box: 90, 5, 14
Box: 11, 36, 41
Box: 19, 261, 24
Box: 35, 29, 93
Box: 60, 70, 45
Box: 9, 15, 17
Box: 30, 7, 241
Box: 54, 39, 2
Box: 102, 42, 126
Box: 50, 11, 46
Box: 17, 6, 7
Box: 31, 3, 4
Box: 65, 24, 11
Box: 39, 3, 21
Box: 36, 9, 5
Box: 47, 51, 2
Box: 5, 7, 9
Box: 72, 103, 94
Box: 19, 261, 114
Box: 47, 2, 42
Box: 78, 6, 18
Box: 13, 118, 36
Box: 7, 127, 63
Box: 35, 14, 31
Box: 16, 7, 16
Box: 18, 62, 52
Box: 66, 21, 9
Box: 100, 73, 47
Box: 36, 168, 11
Box: 53, 29, 271
Box: 45, 261, 63
Box: 253, 16, 169
Box: 29, 51, 7
Box: 77, 192, 58
Box: 87, 2, 239
Box: 45, 44, 82
Box: 71, 261, 17
Box: 6, 2, 271
Box: 22, 39, 16
Box: 46, 27, 4
Box: 57, 72, 7
Box: 106, 261, 249
Box: 54, 231, 13
Box: 5, 107, 70
Box: 128, 6, 28
Box: 253, 44, 90
Box: 82, 68, 35
Box: 102, 60, 25
Box: 5, 21, 70
Box: 4, 31, 51
Box: 253, 36, 131
Box: 2, 11, 9
Box: 253, 96, 19
Box: 66, 23, 9
Box: 214, 184, 116
Box: 9, 3, 46
Box: 36, 70, 98
Box: 8, 124, 34
Box: 67, 213, 15
Box: 17, 2, 26
Box: 2, 103, 39
Box: 22, 199, 27
Box: 253, 17, 271
Box: 98, 7, 8
Box: 6, 78, 35
Box: 3, 261, 54
Box: 253, 107, 184
Box: 3, 2, 16
Box: 6, 6, 3
Box: 22, 13, 271
Box: 52, 19, 46
Box: 253, 115, 190
Box: 37, 116, 23
Box: 4, 4, 4
Box: 12, 50, 15
Box: 60, 40, 120
Box: 253, 125, 103
Box: 6, 5, 3
Box: 42, 41, 13
Box: 69, 6, 271
Box: 253, 63, 30
Box: 52, 38, 271
Box: 74, 26, 37
Box: 7, 8, 40
Box: 21, 6, 26
Box: 33, 5, 11
Box: 7, 14, 57
Box: 73, 84, 40
Box: 110, 12, 52
Box: 54, 261, 271
Box: 69, 85, 75
Box: 10, 69, 271
Box: 21, 30, 82
Box: 253, 19, 23
Box: 79, 261, 51
Box: 26, 261, 9
Box: 36, 11, 9
Box: 5, 261, 35
Box: 174, 43, 49
Box: 10, 12, 48
Box: 118, 76, 4
Box: 66, 197, 77
Box: 79, 6, 17
Box: 204, 22, 8
Box: 19, 261, 56
Box: 42, 7, 8
Box: 253, 28, 271
Box: 3, 261, 70
Box: 61, 169, 34
Box: 5, 20, 64
Box: 51, 261, 271
Box: 18, 74, 51
Box: 78, 87, 271
Box: 3, 30, 20
Box: 8, 20, 64
Box: 37, 20, 5
Box: 53, 12, 10
Box: 23, 9, 2
Box: 74, 7, 95
Box: 91, 15, 56
Box: 149, 53, 33
Box: 253, 22, 129
Box: 253, 22, 232
Box: 93, 2, 75
Box: 29, 13, 8
Box: 253, 25, 11
Box: 253, 117, 271
Box: 36, 10, 17
Box: 28, 71, 85
Box: 16, 139, 70
Box: 74, 7, 52
Box: 6, 10, 11
Box: 12, 28, 11
Box: 151, 6, 9
Box: 9, 261, 78
Box: 32, 4, 24
Box: 74, 12, 271
Box: 40, 12, 52
Box: 14, 40, 29
Box: 37, 15, 75
Box: 253, 261, 23
Box: 71, 71, 131
Box: 12, 7, 17
Box: 85, 74, 271
Box: 27, 35, 49
Box: 9, 55, 2
Box: 253, 14, 15
Box: 12, 19, 9
Box: 17, 24, 57
Box: 19, 199, 27
Box: 2, 9, 2
Box: 89, 12, 20
Box: 10, 13, 41
Box: 4, 35, 2
Box: 14, 6, 2
Box: 253, 68, 271
Box: 4, 114, 106
Box: 132, 261, 28
Box: 6, 261, 271
Box: 112, 261, 112
Box: 8, 5, 23
Box: 4, 10, 34
Box: 36, 105, 9
Box: 40, 261, 99
Box: 93, 17, 11
Box: 253, 56, 10
Box: 68, 261, 84
Box: 90, 4, 271
Box: 7, 2, 40
Box: 25, 7, 5
Box: 5, 211, 82
Box: 45, 217, 82
Box: 8, 13, 271
Box: 12, 38, 57
Box: 4, 35, 9
Box: 17, 68, 80
Box: 25, 211, 82
Box: 6, 45, 271
Box: 10, 71, 236
Box: 4, 5, 44
Box: 49, 229, 85
Box: 12, 14, 182
Box: 5, 35, 64
Box: 46, 3, 4
Box: 205, 18, 271
Box: 111, 14, 10
Box: 36, 70, 63
Box: 52, 9, 46
Box: 20, 114, 106
Box: 122, 65, 40
Box: 45, 8, 30
Box: 67, 131, 49
Box: 74, 79, 19
Box: 35, 6, 56
Box: 155, 2, 191
Box: 12, 19, 12
Box: 168, 67, 19
Box: 6, 6, 271
Box: 5, 4, 11
Box: 253, 44, 13
Box: 8, 5, 69
Box: 253, 66, 11
Box: 17, 31, 67
Box: 106, 43, 26
Box: 29, 13, 86
Box: 88, 21, 29
Box: 70, 8, 19
Box: 41, 71, 271
Box: 13, 49, 13
Box: 29, 261, 37
Box: 133, 5, 26
Box: 110, 44, 82
Box: 253, 139, 97
Box: 73, 120, 40
Box: 26, 14, 25
Box: 29, 53, 45
Box: 132, 5, 17
Box: 44, 6, 26
Box: 17, 106, 3
Box: 10, 13, 3
Box: 253, 261, 36
Box: 2, 234, 70
Box: 41, 8, 12
Box: 13, 29, 271
Box: 39, 55, 24
Box: 253, 29, 37
Box: 32, 24, 271
Box: 66, 58, 19
Box: 50, 125, 36
Box: 35, 52, 60
Box: 20, 99, 63
Box: 50, 156, 69
Box: 33, 29, 69
Box: 10, 13, 28
Box: 19, 174, 271
Box: 22, 46, 10
Box: 91, 6, 17
Box: 14, 46, 6
Box: 56, 261, 27
Box: 197, 261, 27
Box: 18, 9, 6
Box: 6, 38, 24
Box: 181, 261, 57
Box: 12, 4, 11
Box: 12, 2, 43
Box: 7, 63, 10
Box: 107, 15, 10
Box: 163, 33, 106
Box: 5, 261, 4
Box: 12, 36, 181
Box: 29, 67, 45
Box: 9, 55, 271
Box: 82, 40, 271
Box: 127, 184, 75
Box: 18, 261, 9
Box: 9, 261, 10
Box: 39, 47, 78
Box: 57, 7, 70
Box: 17, 50, 30
Box: 55, 13, 64
Box: 6, 31, 36
Box: 13, 13, 134
Box: 100, 249, 30
Box: 98, 261, 20
Box: 28, 34, 26
Box: 69, 80, 41
Box: 91, 26, 17
Box: 253, 50, 35
Box: 3, 35, 2
Box: 47, 21, 2
Box: 37, 28, 11
Box: 28, 75, 11
Box: 96, 15, 64
Box: 69, 80, 19
Box: 190, 77, 28
Box: 2, 5, 10
Box: 8, 7, 21
Box: 2, 11, 47
Box: 10, 26, 7
Box: 19, 7, 2
Box: 57, 13, 70
Box: 253, 10, 271
Box: 18, 127, 107
Box: 86, 54, 16
Box: 253, 46, 37
Box: 211, 25, 11
Box: 217, 70, 9
Box: 74, 261, 70
Box: 9, 55, 26
Box: 238, 96, 26
Box: 6, 20, 90
Box: 12, 227, 14
Box: 3, 60, 237
Box: 28, 75, 108
Box: 24, 70, 10
Box: 10, 19, 2
Box: 7, 6, 37
Box: 22, 171, 17
Box: 253, 261, 79
Box: 25, 131, 35
Box: 13, 31, 2
Box: 4, 120, 15
Box: 83, 35, 11
Box: 5, 261, 271
Box: 64, 79, 23
Box: 10, 13, 2
Box: 253, 20, 271
Box: 253, 7, 17
Box: 86, 47, 150
Box: 9, 5, 2
Box: 66, 7, 9
Box: 9, 124, 11
Box: 2, 261, 57
Box: 123, 258, 16
Box: 66, 20, 15
Box: 4, 44, 64
Box: 2, 31, 62
Box: 61, 3, 182
Box: 123, 8, 9
Box: 83, 2, 97
Box: 253, 44, 88
Box: 14, 5, 13
Box: 3, 6, 20
Box: 61, 24, 12
Box: 2, 57, 271
Box: 13, 6, 15
Box: 18, 74, 16
Box: 38, 2, 271
Box: 97, 38, 35
Box: 32, 200, 271
Box: 3, 30, 20
Box: 43, 45, 90
Box: 3, 63, 85
Box: 61, 70, 45
Box: 32, 7, 9
Box: 19, 21, 2
Box: 4, 5, 3
Box: 37, 16, 75
Box: 253, 3, 78
Box: 253, 21, 271
Box: 109, 8, 8
Box: 40, 33, 106
Box: 131, 138, 64
Box: 37, 23, 9
Box: 109, 6, 5
Box: 72, 8, 15
Box: 7, 261, 3
Box: 16, 69, 3
Box: 97, 16, 11
Box: 4, 17, 15
Box: 179, 261, 271
Box: 12, 25, 271
Box: 23, 14, 2
Box: 13, 8, 18
Box: 2, 13, 51
Box: 253, 261, 23
Box: 8, 7, 48
Box: 60, 10, 53
Box: 24, 38, 10
Box: 66, 37, 19
Box: 253, 261, 134
Box: 43, 43, 252
Box: 80, 84, 67
Box: 253, 36, 46
Box: 253, 43, 25
Box: 34, 49, 75
Box: 143, 180, 271
Box: 13, 60, 271
Box: 3, 51, 3
Box: 6, 22, 25
Box: 59, 261, 85
Box: 105, 12, 7
Box: 13, 49, 17
Box: 2, 2, 43
Box: 66, 37, 19
Box: 5, 6, 6
Box: 92, 148, 67
Box: 151, 51, 43
Box: 7, 24, 94
Box: 81, 105, 7
Box: 93, 34, 75
Box: 253, 261, 53
Box: 19, 12, 31
Box: 11, 18, 13
Box: 13, 6, 8
Box: 77, 261, 14
Box: 111, 90, 103
Box: 37, 6, 37
Box: 10, 76, 97
Box: 124, 9, 37
Box: 12, 43, 13
Box: 253, 2, 152
Box: 122, 52, 40
Box: 10, 199, 35
Box: 12, 15, 5
Box: 34, 13, 11
Box: 4, 3, 15
Box: 8, 13, 9
Box: 40, 50, 11
Box: 168, 261, 49
Box: 12, 48, 57
Box: 19, 21, 7
Box: 21, 24, 64
Box: 17, 66, 49
Box: 22, 261, 35
Box: 25, 3, 5
Box: 19, 21, 6
Box: 77, 261, 112
Box: 110, 179, 82
Box: 10, 12, 53
Box: 102, 30, 20
Box: 120, 5, 26
Box: 23, 83, 2
Box: 61, 51, 89
Box: 119, 39, 16
Box: 37, 261, 21
Box: 9, 15, 79
Box: 5, 54, 13
Box: 52, 17, 31
Box: 36, 261, 107
Box: 7, 82, 52
Box: 6, 70, 47
Box: 25, 5, 17
Box: 16, 6, 17
Box: 7, 3, 82
Box: 7, 36, 57
Box: 69, 75, 26
Box: 176, 21, 144
Box: 52, 40, 120
Box: 20, 6, 26
Box: 2, 86, 271
Box: 12, 20, 71
Box: 49, 51, 19
Box: 8, 124, 11
Box: 13, 44, 35
Box: 93, 261, 31
Box: 12, 19, 30
Box: 5, 5, 44
Box: 73, 261, 271
Box: 69, 13, 271
Box: 7, 261, 179
Box: 11, 6, 10
Box: 31, 79, 9
Box: 14, 13, 23
Box: 34, 261, 3
Box: 16, 39, 45
Box: 7, 10, 40
Box: 23, 8, 3
Box: 5, 2, 16
Box: 36, 261, 94
Box: 14, 5, 7
Box: 25, 261, 17
Box: 17, 26, 9
Box: 54, 13, 2
Box: 8, 14, 8
Box: 30, 34, 146
Box: 61, 21, 30
Box: 27, 3, 2
Box: 30, 5, 146
Box: 88, 27, 27
Box: 3, 31, 51
Box: 125, 2, 43
Box: 253, 134, 11
Box: 37, 54, 23
Box: 11, 19, 13
Box: 253, 13, 228
Box: 17, 12, 8
Box: 7, 5, 9
Box: 2, 19, 9
Box: 32, 6, 13
Box: 12, 60, 24
Box: 28, 26, 46
Box: 2, 103, 18
Box: 147, 56, 31
Box: 107, 261, 8
Box: 11, 12, 30
Box: 253, 5, 93
Box: 206, 6, 26
Box: 10, 261, 35
Box: 41, 11, 66
Box: 83, 38, 19
Box: 21, 261, 5
Box: 131, 10, 157
Box: 72, 17, 15
Box: 47, 6, 26
Box: 11, 43, 175
Box: 10, 43, 17
Box: 253, 261, 42
Box: 11, 6, 26
Box: 253, 94, 271
Box: 20, 60, 63
Box: 17, 52, 201
Box: 2, 19, 271
Box: 15, 87, 10
Box: 9, 14, 182
Box: 16, 153, 271
Box: 21, 40, 271
Box: 253, 16, 13
Box: 62, 9, 37
Box: 4, 4, 6
Box: 7, 261, 33
Box: 2, 6, 26
Box: 5, 10, 44
Box: 29, 261, 15
Box: 55, 13, 64
Box: 3, 10, 21
Box: 21, 261, 249
Box: 37, 100, 271
Box: 47, 8, 2
Box: 10, 35, 82
Box: 52, 22, 152
Box: 11, 9, 6
Box: 18, 74, 4
Box: 17, 30, 11
Box: 41, 20, 70
Box: 52, 111, 271
Box: 190, 91, 28
Box: 2, 13, 23
Box: 83, 3, 16
Box: 50, 48, 75
Box: 3, 2, 16
Box: 6, 6, 11
Box: 53, 38, 106
Box: 47, 261, 58
Box: 92, 261, 34
Box: 58, 40, 120
Box: 142, 261, 64
Box: 69, 75, 18
Box: 105, 12, 34
Box: 23, 7, 2
Box: 14, 6, 261
Box: 14, 57, 66
Box: 29, 6, 17
Box: 46, 34, 6
Box: 43, 10, 75
Box: 100, 154, 4
Box: 39, 141, 33
Box: 37, 23, 9
Box: 83, 148, 121
Box: 5, 13, 26
Box: 253, 18, 17
Box: 3, 29, 32
Box: 73, 5, 2
Box: 37, 17, 7
Box: 5, 13, 94
Box: 11, 3, 10
Box: 81, 261, 75
Box: 108, 131, 49
Box: 2, 4, 271
Box: 253, 15, 193
Box: 44, 114, 8
Box: 25, 213, 15
Box: 111, 39, 103
Box: 36, 261, 271
Box: 30, 11, 61
Box: 65, 199, 27
Box: 73, 31, 24
Box: 199, 122, 3
Box: 3, 10, 34
Box: 32, 128, 3
Box: 17, 12, 58
Box: 13, 19, 3
Box: 85, 34, 40
Box: 44, 114, 30
Box: 12, 35, 57
Box: 253, 24, 155
Box: 22, 10, 61
Box: 66, 64, 271
Box: 253, 24, 58
Box: 11, 39, 10
Box: 4, 29, 51
Box: 54, 6, 2
Box: 32, 124, 76
Box: 52, 140, 2
Box: 3, 6, 26
Box: 253, 2, 26
Box: 21, 30, 20
Box: 6, 11, 3
Box: 20, 11, 63
Box: 39, 214, 43
Box: 2, 80, 64
Box: 62, 261, 178
Box: 17, 13, 10
Box: 122, 17, 33
Box: 17, 8, 102
Box: 102, 97, 271
Box: 253, 33, 107
Box: 37, 124, 76
Box: 253, 7, 220
Box: 253, 261, 125
Box: 10, 13, 9
Box: 5, 31, 11
Box: 253, 10, 20
Box: 55, 7, 64
Box: 7, 13, 271
Box: 73, 82, 2
Box: 8, 114, 106
Box: 5, 6, 7
Box: 253, 8, 220
Box: 37, 68, 75
Box: 253, 44, 62
Box: 3, 6, 26
Box: 57, 51, 7
Box: 7, 3, 24
Box: 28, 6, 28
Box: 90, 28, 271
Box: 152, 261, 170
Box: 41, 261, 82
Box: 253, 144, 11
Box: 4, 6, 3
Box: 141, 42, 8
Box: 83, 74, 11
Box: 21, 45, 17
Box: 57, 23, 70
Box: 37, 94, 102
Box: 3, 55, 20
Box: 4, 15, 10
Box: 35, 25, 11
Box: 253, 44, 64
Box: 60, 42, 8
Box: 253, 44, 271
Box: 37, 261, 49
Box: 30, 34, 15
Box: 5, 9, 64
Box: 9, 15, 15
Box: 73, 79, 2
Box: 96, 57, 271
Box: 6, 5, 15
Box: 66, 126, 15
Box: 93, 81, 75
Box: 30, 3, 8
Box: 31, 29, 38
Box: 15, 45, 105
Box: 10, 10, 7
Box: 5, 46, 32
Box: 13, 8, 4
Box: 74, 55, 44
Box: 30, 261, 2
Box: 26, 29, 51
Box: 63, 261, 145
Box: 184, 15, 33
Box: 19, 24, 44
Box: 111, 101, 34
Box: 144, 6, 42
Box: 4, 60, 15
Box: 13, 38, 64
Box: 59, 67, 46
Box: 2, 261, 61
Box: 50, 10, 75
Box: 12, 8, 64
Box: 10, 261, 271
Box: 253, 6, 271
Box: 12, 6, 3
Box: 55, 2, 64
Box: 243, 199, 35
Box: 52, 3, 82
Box: 3, 62, 8
Box: 47, 199, 21
Box: 3, 9, 2
Box: 35, 52, 17
Box: 7, 57, 66
Box: 2, 40, 201
Box: 14, 46, 54
Box: 2, 68, 271
Box: 68, 5, 20
Box: 6, 6, 20
Box: 78, 99, 26
Box: 4, 10, 34
Box: 66, 70, 35
Box: 190, 79, 28
Box: 72, 148, 121
Box: 2, 3, 10
Box: 253, 30, 17
Box: 9, 97, 26
Box: 46, 80, 30
Box: 3, 32, 94
Box: 30, 174, 136
Box: 49, 5, 19
Box: 86, 46, 60
Box: 12, 261, 58
Box: 100, 154, 3
Box: 7, 13, 4
Box: 22, 20, 17
Box: 102, 122, 271
Box: 78, 42, 150
Box: 47, 261, 271
Box: 253, 23, 8
Box: 253, 52, 12
Box: 3, 53, 85
Box: 32, 261, 57
Box: 2, 85, 9
Box: 20, 7, 26
Box: 17, 106, 13
Box: 35, 5, 6
Box: 9, 30, 11
Box: 253, 5, 44
Box: 66, 197, 33
Box: 38, 69, 241
Box: 78, 2, 7
Box: 11, 159, 27
Box: 17, 106, 102
Box: 11, 261, 3
Box: 40, 14, 125
Box: 2, 56, 20
Box: 53, 16, 11
Box: 253, 60, 80
Box: 9, 4, 134
Box: 25, 9, 62
Box: 61, 24, 84
Box: 7, 4, 24
Box: 82, 11, 66
Box: 253, 261, 37
Box: 109, 18, 8
Box: 2, 10, 34
Box: 5, 50, 15
Box: 89, 32, 20
Box: 66, 15, 77
Box: 163, 28, 8
Box: 9, 45, 105
Box: 27, 34, 15
Box: 7, 2, 40
Box: 19, 261, 31
Box: 67, 9, 46
Box: 253, 30, 29
Box: 2, 26, 87
Box: 43, 21, 2
Box: 42, 41, 112
Box: 2, 53, 41
Box: 46, 261, 110
Box: 82, 261, 10
Box: 90, 5, 74
Box: 190, 261, 4
Box: 66, 5, 17
Box: 20, 79, 26
Box: 40, 125, 131
Box: 36, 261, 14
Box: 253, 8, 177
Box: 54, 114, 271
Box: 35, 87, 271
Box: 29, 134, 42
Box: 74, 49, 271
Box: 37, 13, 4
Box: 44, 114, 15
Box: 13, 261, 271
Box: 217, 70, 22
Box: 6, 84, 271
Box: 74, 261, 57
Box: 129, 9, 10
Box: 253, 6, 14
Box: 9, 3, 65
Box: 10, 2, 2
Box: 253, 4, 94
Box: 9, 35, 5
Box: 31, 56, 20
Box: 57, 9, 26
Box: 32, 4, 13
Box: 22, 10, 21
Box: 79, 24, 75
Box: 5, 77, 2
Box: 55, 12, 8
Box: 6, 12, 2
Box: 3, 7, 20
Box: 253, 261, 7
Box: 105, 81, 271
Box: 13, 102, 64
Box: 56, 134, 113
Box: 35, 8, 16
Box: 7, 7, 73
Box: 17, 12, 30
Box: 253, 188, 110
Box: 253, 4, 271
Box: 12, 4, 6
Box: 110, 103, 94
Box: 8, 24, 64
Box: 162, 61, 47
Box: 4, 17, 9
Box: 2, 21, 23
Box: 21, 40, 22
Box: 57, 9, 4
Box: 28, 56, 9
Box: 36, 21, 132
Box: 253, 45, 49
Box: 12, 43, 271
Box: 41, 4, 12
Box: 8, 78, 69
Box: 41, 33, 68
Box: 34, 13, 22
Box: 3, 78, 35
Box: 39, 78, 24
Box: 28, 234, 70
Box: 97, 51, 3
Box: 105, 105, 271
Box: 3, 10, 4
Box: 253, 47, 271
Box: 3, 261, 43
Box: 4, 2, 43
Box: 26, 122, 20
Box: 10, 6, 3
Box: 32, 55, 26
Box: 28, 57, 66
Box: 5, 2, 44
Box: 43, 31, 24
Box: 2, 96, 26
Box: 21, 26, 40
Box: 34, 13, 8
Box: 6, 33, 45
Box: 78, 6, 4
Box: 23, 56, 271
Box: 11, 2, 10
Box: 112, 261, 19
Box: 10, 24, 7
Box: 66, 110, 35
Box: 253, 16, 6
Box: 69, 261, 2
Box: 253, 14, 64
Box: 9, 35, 69
Box: 12, 6, 10
Box: 7, 2, 24
Box: 253, 24, 271
Box: 66, 11, 271
Box: 253, 74, 33
Box: 2, 4, 11
Box: 157, 58, 46
Box: 46, 99, 85
Box: 18, 13, 271
Box: 10, 76, 4
Box: 17, 60, 4
Box: 62, 114, 106
Box: 50, 5, 15
Box: 25, 70, 45
Box: 36, 261, 10
Box: 5, 15, 82
Box: 10, 6, 2
Box: 14, 261, 49
Box: 7, 13, 24
Box: 8, 5, 2
Box: 152, 35, 3
Box: 2, 103, 55
Box: 18, 64, 13
Box: 13, 29, 59
Box: 6, 11, 6
Box: 29, 103, 94
Box: 104, 139, 70
Box: 81, 261, 64
Box: 10, 4, 9
Box: 250, 18, 24
Box: 18, 4, 9
Box: 49, 261, 271
Box: 34, 7, 2
Box: 86, 167, 60
Box: 4, 9, 6
Box: 17, 61, 69
Box: 78, 169, 7
Box: 21, 45, 13
Box: 123, 43, 9
Box: 22, 122, 57
Box: 153, 199, 21
Box: 5, 20, 40
Box: 13, 12, 64
Box: 5, 5, 40
Box: 74, 91, 37
Box: 42, 41, 31
Box: 253, 12, 58
Box: 100, 68, 2
Box: 8, 61, 23
Box: 20, 32, 17
Box: 41, 6, 37
Box: 35, 5, 9
Box: 25, 8, 35
Box: 47, 134, 250
Box: 19, 24, 31
Box: 7, 38, 271
Box: 21, 15, 22
Box: 8, 20, 13
Box: 105, 48, 271
Box: 253, 261, 108
Box: 9, 7, 26
Box: 110, 46, 21
Box: 9, 50, 17
Box: 14, 40, 12
Box: 85, 5, 271
Box: 20, 252, 16
Box: 44, 61, 16
Box: 13, 9, 37
Box: 2, 20, 15
Box: 13, 49, 18
Box: 2, 10, 34
Box: 42, 125, 131
Box: 253, 19, 40
Box: 17, 5, 37
Box: 29, 261, 40
Box: 66, 11, 35
Box: 253, 12, 271
Box: 26, 33, 33
Box: 155, 2, 191
Box: 12, 8, 34
Box: 9, 9, 2
Box: 98, 184, 14
Box: 74, 261, 25
Box: 133, 12, 133
Box: 3, 60, 4
Box: 105, 74, 94
Box: 5, 3, 37
Box: 253, 5, 61
Box: 11, 14, 13
Box: 10, 33, 59
Box: 52, 6, 271
Box: 4, 5, 20
Box: 120, 53, 26
Box: 9, 55, 18
Box: 253, 137, 177
Box: 78, 99, 74
Box: 253, 11, 24
Box: 2, 30, 11
Box: 5, 3, 10
Box: 9, 29, 2
Box: 109, 32, 8
Box: 74, 68, 37
Box: 8, 13, 37
Box: 253, 261, 7
Box: 2, 31, 9
Box: 62, 38, 26
Box: 7, 19, 3
Box: 71, 71, 27
Box: 41, 147, 9
Box: 2, 40, 23
Box: 37, 58, 271
Box: 8, 6, 35
Box: 29, 148, 271
Box: 5, 3, 12
Box: 253, 16, 13
Box: 5, 83, 49
Box: 28, 2, 16
Box: 85, 54, 271
Box: 6, 11, 271
Box: 25, 62, 80
Box: 60, 6, 53
Box: 199, 94, 161
Box: 2, 56, 9
Box: 55, 106, 102
Box: 58, 49, 6
Box: 32, 65, 25
Box: 253, 25, 20
Box: 253, 2, 78
Box: 181, 261, 15
Box: 10, 30, 88
Box: 6, 261, 271
Box: 21, 71, 271
Box: 15, 127, 80
Box: 37, 261, 35
Box: 110, 112, 21
Box: 2, 13, 10
Box: 9, 10, 2
Box: 14, 4, 3
Box: 19, 54, 79
Box: 26, 261, 64
Box: 253, 89, 13
Box: 45, 261, 86
Box: 71, 261, 8
Box: 163, 39, 28
Box: 152, 261, 11
Box: 71, 261, 42
Box: 61, 14, 271
Box: 214, 68, 45
Box: 38, 33, 12
Box: 37, 20, 24
Box: 253, 261, 15
Box: 28, 261, 112
Box: 39, 13, 21
Box: 10, 83, 59
Box: 253, 44, 25
Box: 67, 261, 11
Box: 14, 13, 4
Box: 253, 58, 26
Box: 22, 8, 3
Box: 53, 12, 22
Box: 121, 43, 43
Box: 111, 68, 10
Box: 8, 61, 64
Box: 4, 3, 46
Box: 146, 70, 24
Box: 12, 261, 6
Box: 253, 47, 33
Box: 68, 10, 29
Box: 32, 40, 25
Box: 154, 9, 29
Box: 5, 17, 10
Box: 3, 261, 24
Box: 9, 11, 177
Box: 8, 34, 15
Box: 17, 10, 157
Box: 167, 35, 56
Box: 7, 36, 148
Box: 39, 58, 24
Box: 17, 2, 26
Box: 176, 261, 57
Box: 39, 261, 271
Box: 119, 39, 6
Box: 2, 103, 9
Box: 93, 7, 11
Box: 43, 25, 75
Box: 30, 57, 91
Box: 217, 70, 12
Box: 12, 19, 3
Box: 29, 2, 43
Box: 167, 35, 5
Box: 46, 24, 8
Box: 96, 42, 150
Box: 253, 5, 22
Box: 123, 59, 9
Box: 7, 15, 5
Box: 12, 6, 3
Box: 50, 15, 5
Box: 54, 2, 2
Box: 32, 10, 13
Box: 6, 33, 27
Box: 2, 17, 25
Box: 66, 96, 80
Box: 3, 13, 20
Box: 253, 46, 271
Box: 14, 99, 29
Box: 4, 6, 17
Box: 49, 77, 227
Box: 13, 29, 271
Box: 253, 12, 138
Box: 86, 54, 21
Box: 253, 87, 4
Box: 113, 261, 6
Box: 76, 24, 8
Box: 32, 5, 107
Box: 8, 58, 262
Box: 11, 74, 271
Box: 109, 127, 33
Box: 89, 261, 66
Box: 52, 22, 104
Box: 2, 5, 10
Box: 2, 21, 55
Box: 253, 50, 74
Box: 119, 261, 105
Box: 69, 17, 8
Box: 7, 8, 3
Box: 6, 15, 4
Box: 110, 93, 14
Box: 50, 45, 11
Box: 9, 28, 2
Box: 15, 31, 51
Box: 45, 54, 13
Box: 8, 20, 16
Box: 253, 36, 63
Box: 74, 7, 39
Box: 62, 20, 30
Box: 118, 28, 11
Box: 10, 261, 34
Box: 253, 2, 49
Box: 33, 4, 24
Box: 29, 261, 18
Box: 5, 8, 79
####################
#Expected Output: 92
#Number of Bins: 92.
