Bin: 200, 250, 211
Box: 4, 10, 13
Box: 11, 26, 47
Box: 200, 250, 50
Box: 50, 8, 19
Box: 10, 250, 4
Box: 9, 3, 53
Box: 7, 31, 99
Box: 40, 9, 9
Box: 9, 5, 38
Box: 23, 95, 16
Box: 56, 11, 46
Box: 26, 81, 28
Box: 16, 33, 6
Box: 4, 51, 52
Box: 36, 3, 48
Box: 8, 85, 94
Box: 109, 250, 68
Box: 200, 18, 10
Box: 49, 56, 3
Box: 6, 3, 73
Box: 130, 23, 65
Box: 76, 23, 8
Box: 23, 15, 36
Box: 200, 9, 33
Box: 200, 56, 73
Box: 46, 94, 54
Box: 200, 10, 211
Box: 200, 250, 5
Box: 57, 9, 36
Box: 166, 18, 31
Box: 200, 63, 6
Box: 200, 103, 78
Box: 9, 139, 34
Box: 200, 158, 25
Box: 71, 69, 18
Box: 48, 47, 10
Box: 76, 250, 211
Box: 106, 11, 13
Box: 15, 5, 16
Box: 200, 67, 211
Box: 20, 31, 18
Box: 2, 17, 15
Box: 2, 14, 12
Box: 40, 3, 13
Box: 40, 8, 8
Box: 200, 89, 211
Box: 4, 10, 4
Box: 4, 20, 13
Box: 200, 7, 73
Box: 14, 130, 76
Box: 40, 8, 7
Box: 107, 20, 211
Box: 15, 63, 4
Box: 5, 30, 26
Box: 23, 23, 11
Box: 48, 6, 211
Box: 11, 23, 32
Box: 25, 18, 70
Box: 50, 108, 5
Box: 82, 18, 211
Box: 22, 8, 54
Box: 200, 155, 30
Box: 39, 64, 68
Box: 12, 22, 12
Box: 18, 27, 20
Box: 16, 11, 19
Box: 22, 175, 5
Box: 200, 250, 67
Box: 119, 11, 211
Box: 6, 25, 78
Box: 18, 58, 36
Box: 2, 91, 29
Box: 15, 10, 12
Box: 20, 117, 2
Box: 200, 56, 4
Box: 200, 250, 205
Box: 43, 5, 18
Box: 35, 32, 26
Box: 200, 17, 10
Box: 113, 175, 102
Box: 9, 17, 36
Box: 8, 28, 25
Box: 15, 25, 4
Box: 70, 23, 7
Box: 200, 68, 7
Box: 19, 14, 33
Box: 128, 5, 18
Box: 4, 3, 7
Box: 126, 30, 26
Box: 74, 15, 49
Box: 5, 14, 20
Box: 46, 4, 111
Box: 5, 20, 8
Box: 200, 75, 211
Box: 23, 250, 32
Box: 5, 5, 4
Box: 44, 81, 62
Box: 108, 9, 29
Box: 19, 250, 13
Box: 9, 250, 100
Box: 50, 52, 19
Box: 10, 11, 44
Box: 9, 11, 5
Box: 8, 113, 211
Box: 45, 25, 211
Box: 200, 250, 24
Box: 4, 21, 15
Box: 59, 68, 29
Box: 3, 9, 7
Box: 200, 22, 211
Box: 21, 13, 11
Box: 200, 19, 11
Box: 200, 14, 10
Box: 25, 85, 4
Box: 5, 19, 3
Box: 40, 117, 51
Box: 87, 250, 4
Box: 33, 13, 8
Box: 130, 142, 29
Box: 2, 8, 15
Box: 60, 31, 57
Box: 16, 18, 20
Box: 14, 93, 211
Box: 52, 46, 211
Box: 200, 55, 211
Box: 200, 49, 35
Box: 23, 37, 85
Box: 3, 12, 33
Box: 9, 39, 26
Box: 24, 93, 211
Box: 51, 63, 6
Box: 200, 68, 66
Box: 200, 81, 25
Box: 3, 2, 48
Box: 4, 49, 185
Box: 43, 37, 67
Box: 2, 45, 8
Box: 200, 22, 62
Box: 6, 68, 29
Box: 200, 109, 32
Box: 56, 13, 46
Box: 21, 12, 33
Box: 12, 20, 36
Box: 40, 15, 43
Box: 15, 9, 4
Box: 120, 42, 21
Box: 27, 3, 80
Box: 175, 16, 49
Box: 200, 15, 59
Box: 3, 113, 50
Box: 31, 29, 19
Box: 57, 108, 211
Box: 25, 250, 11
Box: 13, 6, 211
Box: 35, 11, 211
Box: 200, 10, 211
Box: 78, 71, 87
Box: 18, 10, 7
Box: 99, 112, 95
Box: 7, 25, 211
Box: 18, 63, 20
Box: 50, 108, 8
Box: 75, 15, 11
Box: 35, 250, 66
Box: 2, 34, 4
Box: 15, 66, 211
Box: 4, 17, 30
Box: 12, 34, 46
Box: 8, 26, 10
Box: 5, 127, 57
Box: 20, 18, 211
Box: 2, 8, 24
Box: 19, 18, 4
Box: 30, 56, 13
Box: 67, 9, 14
Box: 3, 31, 99
Box: 40, 4, 2
Box: 200, 118, 3
Box: 7, 105, 149
Box: 10, 2, 45
Box: 29, 19, 33
Box: 200, 88, 24
Box: 28, 146, 211
Box: 41, 55, 211
Box: 13, 4, 13
Box: 22, 2, 18
Box: 41, 18, 47
Box: 68, 60, 211
Box: 23, 141, 211
Box: 7, 13, 4
Box: 46, 19, 27
Box: 13, 10, 66
Box: 121, 7, 62
Box: 27, 60, 167
Box: 2, 16, 24
Box: 47, 6, 2
Box: 102, 135, 68
Box: 32, 84, 72
Box: 71, 250, 5
Box: 21, 13, 29
Box: 200, 43, 4
Box: 71, 250, 2
Box: 34, 31, 57
Box: 25, 11, 4
Box: 16, 21, 63
Box: 4, 39, 33
Box: 11, 5, 211
Box: 7, 106, 127
Box: 96, 6, 21
Box: 200, 81, 91
Box: 141, 63, 6
Box: 9, 55, 47
Box: 35, 12, 4
Box: 2, 14, 15
Box: 59, 2, 211
Box: 3, 9, 34
Box: 127, 26, 114
Box: 131, 17, 71
Box: 42, 49, 6
Box: 6, 16, 211
Box: 66, 104, 51
Box: 10, 12, 101
Box: 170, 11, 15
Box: 20, 25, 52
Box: 11, 29, 2
Box: 35, 4, 24
Box: 44, 95, 30
Box: 4, 29, 13
Box: 64, 103, 32
Box: 19, 19, 21
Box: 107, 26, 179
Box: 28, 6, 6
Box: 74, 55, 33
Box: 2, 5, 7
Box: 74, 15, 3
Box: 70, 175, 19
Box: 15, 250, 16
Box: 2, 18, 4
Box: 36, 18, 48
Box: 40, 9, 7
Box: 4, 19, 4
Box: 200, 14, 21
Box: 200, 15, 9
Box: 68, 9, 211
Box: 200, 34, 211
Box: 10, 12, 110
Box: 46, 38, 8
Box: 33, 11, 44
Box: 67, 27, 4
Box: 131, 137, 28
Box: 83, 250, 109
Box: 200, 137, 2
Box: 13, 8, 51
Box: 73, 68, 21
Box: 15, 250, 66
Box: 9, 11, 38
Box: 5, 23, 8
Box: 28, 108, 211
Box: 200, 31, 105
Box: 9, 39, 11
Box: 28, 27, 4
Box: 6, 20, 23
Box: 84, 14, 120
Box: 6, 27, 149
Box: 4, 7, 211
Box: 200, 250, 10
Box: 200, 63, 12
Box: 48, 250, 100
Box: 47, 145, 10
Box: 57, 68, 29
Box: 5, 66, 211
Box: 17, 2, 79
Box: 17, 4, 91
Box: 200, 5, 72
Box: 70, 167, 2
Box: 50, 23, 211
Box: 23, 49, 85
Box: 2, 135, 68
Box: 12, 3, 7
Box: 10, 3, 3
Box: 56, 3, 60
Box: 20, 18, 66
Box: 33, 15, 25
Box: 30, 23, 33
Box: 200, 34, 47
Box: 33, 13, 8
Box: 35, 15, 42
Box: 42, 200, 4
Box: 53, 13, 3
Box: 200, 9, 137
Box: 33, 250, 8
Box: 12, 250, 8
Box: 5, 14, 211
Box: 54, 37, 32
Box: 200, 89, 211
Box: 8, 15, 36
Box: 75, 2, 24
Box: 10, 175, 19
Box: 32, 24, 43
Box: 42, 66, 29
Box: 4, 12, 55
Box: 6, 7, 7
Box: 7, 30, 99
Box: 7, 2, 50
Box: 40, 39, 16
Box: 18, 104, 9
Box: 25, 16, 13
Box: 23, 42, 19
Box: 23, 60, 5
Box: 200, 40, 211
Box: 68, 13, 6
Box: 10, 2, 29
Box: 4, 20, 76
Box: 21, 18, 211
Box: 108, 52, 29
Box: 21, 8, 30
Box: 45, 3, 211
Box: 6, 3, 76
Box: 26, 33, 6
Box: 37, 108, 7
Box: 200, 16, 3
Box: 49, 103, 82
Box: 7, 250, 8
Box: 7, 5, 19
Box: 17, 92, 24
Box: 4, 250, 7
Box: 200, 28, 22
Box: 23, 95, 54
Box: 44, 40, 27
Box: 200, 250, 11
Box: 14, 7, 20
Box: 24, 22, 211
Box: 86, 21, 2
Box: 72, 7, 3
Box: 27, 32, 42
Box: 15, 27, 10
Box: 15, 25, 2
Box: 2, 5, 54
Box: 43, 42, 54
Box: 13, 7, 66
Box: 40, 9, 12
Box: 2, 4, 7
Box: 4, 250, 211
Box: 4, 17, 12
Box: 124, 6, 28
Box: 14, 2, 5
Box: 19, 15, 134
Box: 9, 22, 4
Box: 127, 12, 114
Box: 40, 63, 12
Box: 26, 37, 211
Box: 33, 250, 8
Box: 126, 213, 96
Box: 200, 58, 31
Box: 6, 9, 60
Box: 108, 29, 3
Box: 29, 13, 2
Box: 34, 250, 10
Box: 53, 104, 2
Box: 36, 13, 18
Box: 12, 13, 211
Box: 40, 24, 28
Box: 112, 6, 211
Box: 40, 15, 57
Box: 167, 21, 68
Box: 9, 58, 17
Box: 2, 130, 15
Box: 5, 35, 211
Box: 30, 23, 18
Box: 13, 21, 11
Box: 3, 5, 4
Box: 48, 49, 80
Box: 99, 13, 17
Box: 28, 12, 5
Box: 200, 14, 65
Box: 9, 22, 112
Box: 23, 73, 211
Box: 136, 103, 32
Box: 105, 24, 43
Box: 56, 30, 60
Box: 44, 250, 86
Box: 65, 19, 25
Box: 200, 10, 211
Box: 140, 24, 48
Box: 200, 48, 207
Box: 14, 18, 114
Box: 35, 4, 21
Box: 5, 250, 211
Box: 82, 62, 211
Box: 5, 3, 211
Box: 156, 51, 211
Box: 112, 32, 2
Box: 19, 123, 144
Box: 41, 2, 5
Box: 9, 11, 39
Box: 5, 250, 20
Box: 57, 10, 5
Box: 34, 22, 4
Box: 13, 12, 15
Box: 200, 68, 34
Box: 15, 4, 10
Box: 11, 49, 25
Box: 108, 31, 16
Box: 78, 71, 79
Box: 23, 13, 4
Box: 200, 2, 211
Box: 200, 8, 127
Box: 11, 12, 33
Box: 200, 11, 29
Box: 35, 166, 211
Box: 38, 63, 20
Box: 200, 250, 8
Box: 32, 9, 4
Box: 13, 14, 13
Box: 200, 175, 9
Box: 121, 11, 62
Box: 14, 92, 211
Box: 61, 3, 3
Box: 27, 2, 80
Box: 24, 13, 12
Box: 200, 90, 79
Box: 7, 39, 49
Box: 200, 117, 22
Box: 27, 81, 28
Box: 4, 9, 15
Box: 200, 14, 29
Box: 167, 7, 68
Box: 47, 21, 41
Box: 5, 11, 93
Box: 12, 16, 211
Box: 200, 13, 211
Box: 90, 63, 9
Box: 3, 250, 211
Box: 11, 6, 21
Box: 118, 2, 45
Box: 45, 23, 8
Box: 50, 20, 19
Box: 2, 39, 4
Box: 5, 250, 211
Box: 12, 60, 167
Box: 54, 49, 42
Box: 2, 32, 10
Box: 21, 22, 12
Box: 4, 7, 34
Box: 79, 44, 6
Box: 200, 11, 75
Box: 19, 14, 102
Box: 76, 67, 10
Box: 12, 15, 211
Box: 46, 250, 4
Box: 6, 16, 112
Box: 30, 50, 211
Box: 82, 63, 20
Box: 25, 250, 26
Box: 40, 3, 2
Box: 59, 25, 51
Box: 200, 88, 63
Box: 66, 104, 80
Box: 19, 104, 18
Box: 32, 7, 11
Box: 23, 12, 29
Box: 49, 22, 3
Box: 200, 27, 10
Box: 17, 250, 149
Box: 2, 71, 5
Box: 200, 75, 177
Box: 200, 11, 211
Box: 76, 9, 11
Box: 81, 37, 32
Box: 65, 7, 48
Box: 200, 91, 22
Box: 56, 12, 18
Box: 65, 11, 7
Box: 36, 85, 19
Box: 82, 31, 29
Box: 200, 250, 40
Box: 9, 5, 20
Box: 4, 51, 24
Box: 200, 19, 30
Box: 12, 108, 8
Box: 25, 9, 211
Box: 6, 21, 15
Box: 95, 11, 10
Box: 23, 34, 4
Box: 6, 10, 149
Box: 47, 30, 137
Box: 17, 14, 7
Box: 18, 12, 211
Box: 200, 50, 211
Box: 3, 14, 9
Box: 8, 93, 211
Box: 12, 32, 211
Box: 10, 66, 53
Box: 97, 2, 211
Box: 94, 91, 68
Box: 41, 90, 31
Box: 22, 32, 58
Box: 200, 250, 12
Box: 200, 9, 74
Box: 65, 11, 5
Box: 4, 12, 3
Box: 84, 5, 211
Box: 7, 6, 20
Box: 21, 7, 39
Box: 4, 10, 4
Box: 52, 250, 2
Box: 46, 250, 12
Box: 16, 15, 25
Box: 2, 18, 8
Box: 11, 23, 13
Box: 7, 9, 7
Box: 200, 10, 112
Box: 2, 15, 8
Box: 3, 21, 45
Box: 8, 12, 18
Box: 46, 138, 85
Box: 59, 25, 42
Box: 9, 22, 8
Box: 34, 34, 57
Box: 68, 13, 60
Box: 200, 90, 63
Box: 141, 66, 10
Box: 82, 3, 49
Box: 14, 175, 5
Box: 54, 13, 2
Box: 16, 27, 4
Box: 200, 61, 97
Box: 29, 250, 12
Box: 10, 3, 45
Box: 59, 21, 31
Box: 200, 72, 92
Box: 38, 20, 2
Box: 200, 250, 21
Box: 15, 18, 4
Box: 3, 5, 9
Box: 7, 7, 6
Box: 200, 32, 211
Box: 200, 250, 66
Box: 42, 250, 14
Box: 9, 22, 2
Box: 23, 117, 85
Box: 7, 6, 4
Box: 200, 14, 15
Box: 19, 9, 34
Box: 11, 42, 19
Box: 23, 23, 3
Box: 2, 65, 29
Box: 200, 2, 97
Box: 28, 58, 5
Box: 200, 250, 4
Box: 82, 54, 110
Box: 7, 3, 211
Box: 27, 3, 11
Box: 40, 65, 2
Box: 3, 66, 211
Box: 9, 39, 6
Box: 10, 213, 96
Box: 73, 12, 140
Box: 35, 22, 25
Box: 44, 85, 19
Box: 8, 6, 33
Box: 26, 32, 24
Box: 8, 6, 15
Box: 24, 135, 68
Box: 13, 62, 11
Box: 21, 5, 22
Box: 59, 25, 18
Box: 7, 30, 7
Box: 7, 75, 19
Box: 31, 52, 93
Box: 35, 9, 26
Box: 20, 49, 42
Box: 18, 10, 6
Box: 3, 3, 46
Box: 164, 29, 211
Box: 23, 88, 26
Box: 33, 250, 68
Box: 47, 61, 211
Box: 7, 6, 149
Box: 47, 10, 2
Box: 50, 24, 15
Box: 5, 2, 79
Box: 78, 67, 192
Box: 17, 27, 38
Box: 57, 63, 87
Box: 170, 56, 211
Box: 14, 3, 13
Box: 8, 7, 39
Box: 43, 69, 18
Box: 2, 30, 7
Box: 107, 2, 40
Box: 200, 143, 76
Box: 2, 7, 18
Box: 106, 93, 27
Box: 9, 10, 29
Box: 68, 13, 10
Box: 200, 12, 29
Box: 6, 32, 82
Box: 23, 4, 85
Box: 40, 16, 28
Box: 200, 104, 4
Box: 10, 3, 45
Box: 95, 24, 10
Box: 12, 23, 93
Box: 104, 14, 16
Box: 7, 20, 211
Box: 200, 142, 26
Box: 38, 250, 4
Box: 119, 11, 17
Box: 31, 15, 11
Box: 13, 30, 34
Box: 200, 22, 10
Box: 24, 12, 211
Box: 123, 15, 20
Box: 106, 74, 6
Box: 25, 250, 211
Box: 59, 97, 30
Box: 5, 14, 8
Box: 10, 23, 93
Box: 200, 170, 53
Box: 3, 75, 39
Box: 9, 12, 18
Box: 56, 26, 60
Box: 32, 33, 72
Box: 6, 62, 211
Box: 18, 10, 22
Box: 15, 38, 4
Box: 20, 52, 93
Box: 11, 8, 15
Box: 40, 9, 6
Box: 19, 55, 211
Box: 20, 34, 180
Box: 4, 68, 29
Box: 200, 12, 95
Box: 57, 21, 5
Box: 200, 9, 211
Box: 13, 185, 22
Box: 5, 4, 20
Box: 16, 250, 149
Box: 41, 71, 206
Box: 62, 90, 6
Box: 17, 6, 19
Box: 10, 32, 19
Box: 5, 138, 13
Box: 25, 64, 4
Box: 18, 2, 21
Box: 16, 250, 47
Box: 22, 11, 18
Box: 60, 7, 57
Box: 30, 113, 50
Box: 9, 2, 6
Box: 46, 10, 3
Box: 200, 30, 41
Box: 169, 6, 154
Box: 200, 41, 20
Box: 14, 2, 72
Box: 49, 55, 14
Box: 200, 115, 68
Box: 20, 117, 91
Box: 22, 36, 18
Box: 7, 18, 20
Box: 44, 27, 20
Box: 33, 72, 36
Box: 41, 30, 7
Box: 104, 13, 26
Box: 12, 9, 7
Box: 10, 31, 72
Box: 5, 15, 76
Box: 21, 10, 37
Box: 9, 58, 39
Box: 3, 6, 21
Box: 200, 250, 32
Box: 5, 5, 93
Box: 21, 14, 4
Box: 21, 8, 14
Box: 59, 10, 211
Box: 82, 19, 49
Box: 147, 40, 3
Box: 48, 6, 28
Box: 200, 19, 211
Box: 91, 3, 3
Box: 123, 104, 18
Box: 156, 6, 42
Box: 13, 9, 24
Box: 59, 21, 55
Box: 64, 22, 4
Box: 200, 250, 113
Box: 13, 250, 41
Box: 46, 10, 150
Box: 16, 31, 72
Box: 10, 154, 211
Box: 19, 20, 144
Box: 6, 22, 3
Box: 2, 15, 6
Box: 41, 64, 5
Box: 8, 12, 41
Box: 200, 2, 211
Box: 200, 68, 52
Box: 8, 34, 41
Box: 12, 9, 79
Box: 107, 41, 211
Box: 59, 25, 89
Box: 14, 25, 76
Box: 39, 40, 46
Box: 200, 3, 79
Box: 11, 61, 49
Box: 200, 4, 211
Box: 40, 22, 58
Box: 15, 16, 10
Box: 35, 61, 211
Box: 17, 12, 18
Box: 20, 48, 34
Box: 39, 250, 4
Box: 200, 218, 35
Box: 200, 156, 53
Box: 18, 250, 13
Box: 9, 4, 38
Box: 5, 25, 211
Box: 107, 33, 211
Box: 10, 14, 62
Box: 2, 22, 51
Box: 29, 250, 12
Box: 31, 14, 211
Box: 20, 18, 5
Box: 11, 29, 13
Box: 200, 17, 66
Box: 13, 34, 24
Box: 31, 8, 28
Box: 149, 11, 19
Box: 64, 213, 96
Box: 19, 22, 31
Box: 99, 13, 15
Box: 24, 11, 19
Box: 8, 34, 63
Box: 12, 8, 5
Box: 69, 44, 23
Box: 11, 27, 27
Box: 2, 2, 7
Box: 200, 80, 96
Box: 17, 110, 28
Box: 39, 36, 211
Box: 20, 11, 18
Box: 83, 250, 67
Box: 13, 39, 49
Box: 47, 25, 6
Box: 12, 11, 44
Box: 4, 22, 3
Box: 2, 151, 33
Box: 20, 2, 50
Box: 19, 9, 144
Box: 13, 78, 29
Box: 200, 69, 10
Box: 6, 18, 57
Box: 45, 98, 51
Box: 200, 239, 167
Box: 24, 74, 6
Box: 8, 6, 3
Box: 78, 7, 43
Box: 32, 10, 50
Box: 22, 47, 18
Box: 3, 13, 8
Box: 47, 112, 195
Box: 10, 15, 28
Box: 200, 122, 23
Box: 57, 11, 9
Box: 19, 17, 15
Box: 13, 10, 51
Box: 20, 8, 52
Box: 9, 4, 38
Box: 24, 31, 38
Box: 200, 56, 63
Box: 4, 16, 211
Box: 200, 9, 95
Box: 24, 13, 2
Box: 13, 27, 10
Box: 40, 33, 7
Box: 69, 44, 58
Box: 169, 15, 211
Box: 83, 15, 35
Box: 200, 35, 10
Box: 63, 69, 28
Box: 5, 37, 8
Box: 3, 7, 24
Box: 200, 2, 58
Box: 44, 26, 2
Box: 200, 250, 27
Box: 200, 4, 35
Box: 28, 34, 71
Box: 4, 76, 4
Box: 40, 32, 15
Box: 17, 108, 32
Box: 40, 13, 13
Box: 4, 70, 34
Box: 8, 10, 6
Box: 4, 22, 12
Box: 11, 66, 10
Box: 58, 13, 8
Box: 10, 49, 4
Box: 6, 7, 10
Box: 4, 250, 5
Box: 33, 33, 211
Box: 25, 250, 25
Box: 71, 19, 24
Box: 103, 4, 48
Box: 26, 7, 66
Box: 33, 72, 15
Box: 13, 56, 66
Box: 31, 2, 50
Box: 200, 17, 211
Box: 10, 13, 3
Box: 15, 19, 4
Box: 181, 14, 211
Box: 38, 12, 18
Box: 17, 20, 36
Box: 12, 14, 211
Box: 68, 10, 211
Box: 2, 150, 21
Box: 13, 19, 24
Box: 5, 16, 4
Box: 23, 14, 24
Box: 20, 54, 146
Box: 9, 16, 109
Box: 6, 137, 211
Box: 200, 250, 29
Box: 17, 42, 24
Box: 22, 11, 29
Box: 200, 5, 79
Box: 7, 7, 8
Box: 46, 47, 4
Box: 25, 2, 23
Box: 200, 68, 52
Box: 9, 20, 4
Box: 200, 21, 211
Box: 33, 60, 11
Box: 6, 18, 19
Box: 22, 2, 29
Box: 200, 27, 76
Box: 9, 60, 167
Box: 3, 108, 211
Box: 200, 19, 15
Box: 39, 93, 63
Box: 17, 29, 16
Box: 20, 5, 36
Box: 107, 40, 8
Box: 3, 113, 22
Box: 20, 5, 36
Box: 43, 5, 22
Box: 200, 250, 24
Box: 28, 89, 12
Box: 67, 2, 11
Box: 25, 2, 19
Box: 36, 23, 18
Box: 20, 31, 211
Box: 6, 4, 19
Box: 4, 20, 135
Box: 4, 250, 52
Box: 95, 60, 3
Box: 43, 89, 108
Box: 23, 8, 5
Box: 19, 14, 211
Box: 14, 2, 14
Box: 28, 107, 12
Box: 2, 34, 4
Box: 4, 7, 4
Box: 68, 8, 15
Box: 11, 68, 211
Box: 2, 11, 5
Box: 200, 4, 211
Box: 200, 250, 23
Box: 200, 37, 19
Box: 9, 58, 8
Box: 26, 27, 4
Box: 96, 26, 50
Box: 200, 39, 28
Box: 200, 28, 28
Box: 2, 6, 7
Box: 46, 12, 211
Box: 2, 18, 24
Box: 29, 2, 211
Box: 14, 2, 50
Box: 19, 3, 41
Box: 172, 6, 33
Box: 43, 250, 211
Box: 9, 96, 146
Box: 42, 83, 6
Box: 15, 61, 49
Box: 59, 36, 211
Box: 7, 32, 4
Box: 200, 13, 211
Box: 2, 2, 46
Box: 82, 31, 31
Box: 17, 14, 83
Box: 4, 39, 49
Box: 11, 20, 13
Box: 91, 250, 39
Box: 25, 7, 6
Box: 8, 34, 53
Box: 200, 52, 22
Box: 18, 10, 13
Box: 70, 46, 2
Box: 42, 66, 45
Box: 9, 74, 2
Box: 21, 27, 4
Box: 44, 81, 19
Box: 3, 16, 10
Box: 19, 43, 37
Box: 28, 250, 211
Box: 14, 30, 19
Box: 42, 7, 6
Box: 35, 181, 20
Box: 4, 30, 34
Box: 31, 250, 211
Box: 23, 28, 207
Box: 10, 2, 45
Box: 200, 60, 44
Box: 32, 7, 48
Box: 56, 86, 211
Box: 6, 24, 20
Box: 46, 250, 13
Box: 71, 19, 39
Box: 4, 5, 4
Box: 4, 7, 4
Box: 25, 20, 4
Box: 10, 66, 4
Box: 52, 250, 82
Box: 200, 104, 12
Box: 16, 4, 46
Box: 200, 9, 211
Box: 11, 10, 7
Box: 14, 115, 2
Box: 8, 19, 34
Box: 7, 14, 36
Box: 200, 18, 58
Box: 11, 10, 40
Box: 75, 2, 91
Box: 8, 53, 211
Box: 10, 28, 3
Box: 96, 85, 50
Box: 200, 211, 182
Box: 4, 21, 20
Box: 6, 19, 9
Box: 9, 2, 6
Box: 200, 33, 149
Box: 56, 5, 15
Box: 200, 14, 112
Box: 22, 21, 18
Box: 4, 39, 42
Box: 200, 35, 211
Box: 200, 29, 8
Box: 200, 6, 17
Box: 40, 2, 2
Box: 47, 34, 6
Box: 2, 20, 54
Box: 19, 3, 53
Box: 7, 10, 6
Box: 107, 94, 23
Box: 3, 3, 46
Box: 13, 25, 51
Box: 74, 237, 67
Box: 23, 18, 114
Box: 9, 37, 45
Box: 2, 17, 7
Box: 35, 15, 27
Box: 65, 19, 17
Box: 41, 93, 30
Box: 59, 16, 211
Box: 17, 11, 211
Box: 10, 13, 48
Box: 16, 32, 29
Box: 6, 20, 4
Box: 22, 146, 120
Box: 5, 9, 211
Box: 6, 80, 14
Box: 12, 91, 211
Box: 23, 32, 19
Box: 200, 109, 15
Box: 59, 21, 6
Box: 200, 221, 59
Box: 42, 14, 13
Box: 71, 11, 211
Box: 106, 60, 13
Box: 46, 22, 12
Box: 40, 32, 21
Box: 18, 10, 14
Box: 16, 32, 17
Box: 2, 56, 11
Box: 109, 42, 7
Box: 19, 14, 4
Box: 32, 109, 35
Box: 46, 250, 24
Box: 30, 37, 45
Box: 72, 7, 3
Box: 22, 2, 45
Box: 107, 30, 211
Box: 139, 14, 4
Box: 23, 19, 33
Box: 5, 7, 29
Box: 42, 48, 23
Box: 23, 72, 15
Box: 15, 6, 211
Box: 2, 53, 15
Box: 18, 9, 4
Box: 46, 200, 118
Box: 33, 250, 27
Box: 200, 90, 47
Box: 7, 7, 8
Box: 14, 15, 2
Box: 19, 32, 211
Box: 6, 14, 15
Box: 200, 187, 211
Box: 23, 66, 32
Box: 34, 17, 15
Box: 40, 10, 16
Box: 49, 32, 82
Box: 15, 27, 5
Box: 106, 93, 44
Box: 200, 4, 111
Box: 91, 36, 3
Box: 200, 12, 211
Box: 157, 138, 10
Box: 200, 93, 9
Box: 24, 13, 4
Box: 9, 58, 7
Box: 45, 8, 4
Box: 24, 27, 4
Box: 200, 19, 21
Box: 32, 9, 55
Box: 5, 132, 31
Box: 52, 2, 12
Box: 200, 63, 25
Box: 19, 5, 211
Box: 4, 17, 2
Box: 20, 75, 85
Box: 42, 250, 12
Box: 32, 20, 18
Box: 6, 11, 15
Box: 58, 108, 32
Box: 6, 18, 20
Box: 41, 3, 5
Box: 27, 55, 211
Box: 32, 25, 72
Box: 7, 55, 211
Box: 7, 34, 4
Box: 105, 20, 92
Box: 12, 91, 211
Box: 4, 52, 19
Box: 10, 21, 15
Box: 48, 9, 108
Box: 7, 2, 42
Box: 40, 14, 58
Box: 14, 2, 7
Box: 20, 4, 52
Box: 48, 9, 37
Box: 162, 34, 48
Box: 60, 250, 76
Box: 23, 104, 120
Box: 200, 30, 58
Box: 14, 2, 22
Box: 56, 51, 7
Box: 4, 39, 28
Box: 89, 19, 108
Box: 25, 250, 17
Box: 82, 54, 30
Box: 133, 63, 4
Box: 40, 117, 143
Box: 47, 30, 5
Box: 200, 50, 21
Box: 33, 14, 20
Box: 109, 27, 77
Box: 15, 15, 211
Box: 200, 52, 32
Box: 54, 13, 7
Box: 33, 3, 10
Box: 43, 51, 211
Box: 41, 17, 5
Box: 4, 250, 71
Box: 7, 25, 211
Box: 35, 4, 58
Box: 40, 14, 22
Box: 149, 250, 211
Box: 31, 5, 211
Box: 41, 118, 211
Box: 8, 2, 19
Box: 200, 63, 12
Box: 134, 104, 211
Box: 30, 19, 108
Box: 22, 5, 18
Box: 8, 63, 12
Box: 200, 86, 49
Box: 3, 5, 23
Box: 49, 42, 19
Box: 200, 122, 24
Box: 24, 31, 3
Box: 7, 2, 4
Box: 78, 26, 55
Box: 4, 10, 16
Box: 200, 3, 4
Box: 39, 93, 54
Box: 6, 11, 36
Box: 6, 4, 202
Box: 10, 3, 3
Box: 2, 13, 5
Box: 56, 4, 60
Box: 66, 6, 20
Box: 21, 30, 41
Box: 44, 27, 111
Box: 200, 250, 33
Box: 7, 13, 4
Box: 22, 212, 211
Box: 20, 2, 52
Box: 37, 108, 22
Box: 20, 20, 91
Box: 12, 11, 5
Box: 9, 53, 211
Box: 107, 39, 61
Box: 20, 123, 37
Box: 38, 20, 6
Box: 40, 7, 14
Box: 23, 49, 211
Box: 22, 146, 23
Box: 6, 28, 45
Box: 49, 32, 24
Box: 200, 33, 10
Box: 200, 10, 11
Box: 2, 200, 21
Box: 67, 2, 11
Box: 9, 22, 6
Box: 46, 34, 23
Box: 4, 66, 211
Box: 106, 93, 34
Box: 19, 13, 5
Box: 11, 72, 51
Box: 11, 219, 2
Box: 31, 22, 7
Box: 10, 117, 5
Box: 4, 18, 114
Box: 115, 32, 197
Box: 23, 31, 4
Box: 17, 3, 30
Box: 67, 27, 11
Box: 9, 13, 5
Box: 11, 62, 211
Box: 151, 55, 14
Box: 200, 23, 49
Box: 6, 60, 63
Box: 5, 4, 4
Box: 200, 250, 175
Box: 54, 250, 37
Box: 9, 96, 14
Box: 200, 147, 18
Box: 113, 11, 26
Box: 200, 66, 207
Box: 2, 108, 8
Box: 49, 132, 211
Box: 23, 24, 29
Box: 15, 250, 2
Box: 29, 55, 13
Box: 3, 175, 43
Box: 87, 51, 211
Box: 20, 7, 24
Box: 14, 19, 108
Box: 22, 32, 3
Box: 8, 13, 58
Box: 26, 15, 26
Box: 13, 113, 22
Box: 200, 10, 10
Box: 53, 4, 42
Box: 41, 18, 83
Box: 10, 108, 32
Box: 57, 6, 36
Box: 87, 23, 10
Box: 16, 86, 20
Box: 8, 81, 43
Box: 70, 138, 13
Box: 200, 80, 40
Box: 5, 132, 14
Box: 59, 25, 11
Box: 2, 91, 54
Box: 200, 250, 10
Box: 96, 250, 211
Box: 75, 2, 27
Box: 26, 6, 4
Box: 20, 6, 19
Box: 50, 4, 7
Box: 21, 22, 3
Box: 4, 20, 91
Box: 10, 3, 8
Box: 109, 120, 7
Box: 33, 35, 20
Box: 19, 42, 10
Box: 95, 60, 8
Box: 20, 65, 36
Box: 200, 15, 10
Box: 11, 49, 47
Box: 12, 20, 32
Box: 2, 32, 15
Box: 2, 71, 21
Box: 16, 9, 60
Box: 200, 250, 44
Box: 2, 15, 29
Box: 83, 23, 35
Box: 12, 10, 7
Box: 23, 63, 28
Box: 5, 21, 57
Box: 68, 13, 15
Box: 18, 27, 10
Box: 4, 26, 4
Box: 6, 7, 23
Box: 71, 117, 8
Box: 61, 13, 48
Box: 169, 28, 211
Box: 33, 71, 11
Box: 200, 250, 55
Box: 12, 2, 79
Box: 75, 3, 10
Box: 39, 40, 46
Box: 18, 22, 69
Box: 2, 8, 8
Box: 200, 24, 6
Box: 200, 112, 211
Box: 41, 7, 5
Box: 61, 50, 42
Box: 67, 27, 31
Box: 200, 47, 65
Box: 26, 19, 3
Box: 40, 21, 28
Box: 19, 61, 49
Box: 41, 2, 211
Box: 19, 68, 31
Box: 200, 53, 73
Box: 2, 43, 10
Box: 62, 115, 15
Box: 200, 36, 53
Box: 92, 211, 29
Box: 80, 17, 15
Box: 18, 11, 5
Box: 6, 175, 5
Box: 200, 78, 211
Box: 47, 45, 83
Box: 200, 8, 11
Box: 7, 12, 30
Box: 2, 31, 72
Box: 22, 15, 25
Box: 86, 12, 211
Box: 57, 15, 23
Box: 10, 250, 211
Box: 25, 15, 25
Box: 15, 83, 50
Box: 48, 49, 6
Box: 19, 90, 144
Box: 15, 30, 4
Box: 98, 250, 49
Box: 8, 11, 19
Box: 51, 8, 28
Box: 6, 64, 211
Box: 200, 38, 72
Box: 24, 31, 10
Box: 33, 8, 28
Box: 200, 34, 17
Box: 21, 31, 72
Box: 200, 19, 79
Box: 200, 26, 211
Box: 200, 8, 14
Box: 25, 26, 45
Box: 25, 19, 9
Box: 14, 29, 21
Box: 83, 90, 24
Box: 6, 47, 65
Box: 7, 55, 211
Box: 64, 72, 15
Box: 6, 7, 100
Box: 53, 4, 24
Box: 200, 27, 211
Box: 53, 60, 11
Box: 17, 14, 93
Box: 73, 95, 30
Box: 45, 29, 4
Box: 28, 15, 25
Box: 41, 33, 5
Box: 2, 43, 71
Box: 80, 22, 25
Box: 56, 22, 46
Box: 200, 53, 74
Box: 2, 200, 15
Box: 76, 32, 21
Box: 28, 6, 12
Box: 30, 13, 2
Box: 200, 88, 112
Box: 20, 66, 51
Box: 22, 21, 15
Box: 82, 55, 33
Box: 78, 67, 207
Box: 13, 4, 42
Box: 74, 8, 39
Box: 4, 7, 8
Box: 26, 17, 15
Box: 68, 122, 211
Box: 39, 54, 4
Box: 23, 15, 5
Box: 10, 10, 13
Box: 28, 17, 5
Box: 76, 33, 6
Box: 16, 32, 2
Box: 28, 6, 84
Box: 53, 13, 211
Box: 14, 69, 211
Box: 6, 3, 21
Box: 23, 95, 74
Box: 6, 21, 15
Box: 15, 250, 66
Box: 45, 52, 51
Box: 12, 33, 62
Box: 200, 3, 211
Box: 5, 132, 7
Box: 40, 32, 23
Box: 106, 37, 211
Box: 60, 250, 116
Box: 27, 4, 211
Box: 52, 4, 42
Box: 84, 245, 211
Box: 38, 20, 30
Box: 56, 19, 7
Box: 75, 92, 54
Box: 37, 63, 20
Box: 8, 34, 33
Box: 28, 5, 5
Box: 200, 71, 8
Box: 14, 3, 3
Box: 200, 5, 211
Box: 33, 7, 8
Box: 200, 39, 211
Box: 12, 5, 4
Box: 20, 17, 52
Box: 14, 137, 28
Box: 47, 43, 201
Box: 13, 44, 8
Box: 8, 85, 14
Box: 8, 9, 211
Box: 2, 71, 11
Box: 99, 13, 3
Box: 200, 72, 25
Box: 67, 27, 16
Box: 175, 22, 49
Box: 53, 20, 42
Box: 15, 6, 16
Box: 21, 2, 14
Box: 4, 250, 9
Box: 29, 55, 23
Box: 18, 49, 7
Box: 39, 6, 14
Box: 95, 60, 75
Box: 9, 2, 20
Box: 200, 3, 17
Box: 5, 14, 4
Box: 20, 2, 42
Box: 64, 32, 42
Box: 4, 3, 36
Box: 12, 6, 46
Box: 80, 250, 211
Box: 19, 108, 37
Box: 2, 108, 211
Box: 52, 72, 13
Box: 13, 16, 109
Box: 8, 15, 132
Box: 50, 24, 211
Box: 43, 41, 13
Box: 6, 20, 18
Box: 200, 156, 62
Box: 121, 78, 52
Box: 7, 18, 30
Box: 57, 12, 211
Box: 25, 60, 4
Box: 8, 14, 211
Box: 4, 14, 15
Box: 18, 250, 211
Box: 8, 26, 11
Box: 6, 175, 5
Box: 200, 4, 8
Box: 23, 22, 69
Box: 23, 250, 44
Box: 18, 21, 13
Box: 25, 132, 211
Box: 12, 9, 34
Box: 46, 4, 11
Box: 200, 250, 4
Box: 4, 61, 211
Box: 121, 2, 62
Box: 56, 73, 15
Box: 7, 220, 211
Box: 200, 250, 3
Box: 82, 9, 211
Box: 45, 64, 68
Box: 6, 22, 25
Box: 54, 40, 80
Box: 2, 15, 89
Box: 17, 7, 48
Box: 2, 3, 11
Box: 41, 52, 16
Box: 22, 175, 49
Box: 200, 54, 8
Box: 200, 172, 52
Box: 40, 9, 8
Box: 19, 55, 74
Box: 65, 11, 3
Box: 91, 13, 3
Box: 82, 8, 56
Box: 2, 2, 11
Box: 34, 11, 6
Box: 6, 8, 7
Box: 71, 80, 43
Box: 175, 110, 49
Box: 4, 13, 13
Box: 36, 109, 35
Box: 5, 48, 189
Box: 15, 4, 5
Box: 4, 55, 36
Box: 200, 68, 42
Box: 12, 82, 211
Box: 18, 2, 7
Box: 200, 15, 71
Box: 4, 73, 172
Box: 20, 15, 37
Box: 200, 5, 8
Box: 200, 127, 211
Box: 19, 6, 37
Box: 43, 14, 10
Box: 50, 52, 150
Box: 200, 32, 211
Box: 21, 21, 57
Box: 2, 90, 24
Box: 16, 2, 79
Box: 25, 16, 8
Box: 70, 11, 39
Box: 30, 250, 42
Box: 200, 86, 18
Box: 8, 90, 6
Box: 4, 30, 34
Box: 32, 3, 20
Box: 51, 115, 15
Box: 200, 15, 9
Box: 25, 60, 5
Box: 26, 18, 4
Box: 10, 59, 5
Box: 200, 250, 21
Box: 109, 250, 82
Box: 8, 2, 53
Box: 200, 104, 20
Box: 200, 239, 44
Box: 20, 78, 4
Box: 3, 250, 116
Box: 13, 6, 24
Box: 200, 250, 83
Box: 10, 10, 4
Box: 13, 250, 100
Box: 8, 34, 74
Box: 6, 20, 20
Box: 7, 10, 6
Box: 50, 24, 20
Box: 5, 17, 2
Box: 11, 26, 164
Box: 68, 44, 211
Box: 65, 12, 211
Box: 28, 11, 44
Box: 32, 56, 101
Box: 20, 78, 35
Box: 4, 50, 31
Box: 42, 66, 45
Box: 28, 38, 5
Box: 76, 67, 2
Box: 9, 24, 20
Box: 13, 29, 211
Box: 22, 16, 10
Box: 200, 80, 21
Box: 2, 50, 15
Box: 4, 10, 144
Box: 39, 29, 22
Box: 200, 4, 19
Box: 68, 13, 20
Box: 42, 7, 7
Box: 14, 20, 13
Box: 20, 63, 20
Box: 6, 9, 149
Box: 6, 16, 34
Box: 19, 53, 37
Box: 49, 52, 93
Box: 32, 34, 4
Box: 69, 44, 6
Box: 9, 23, 29
Box: 56, 147, 46
Box: 30, 50, 7
Box: 46, 19, 22
Box: 200, 5, 211
Box: 36, 7, 2
Box: 4, 250, 24
Box: 60, 23, 32
Box: 33, 61, 20
Box: 52, 25, 211
Box: 167, 71, 68
Box: 128, 250, 211
Box: 11, 15, 26
Box: 2, 14, 54
Box: 24, 2, 95
Box: 89, 47, 114
Box: 10, 2, 45
Box: 200, 16, 211
Box: 9, 6, 20
Box: 67, 9, 67
Box: 64, 72, 13
Box: 8, 6, 6
Box: 11, 48, 44
Box: 200, 61, 8
Box: 113, 14, 211
Box: 22, 55, 6
Box: 106, 125, 211
Box: 8, 22, 3
Box: 31, 17, 15
Box: 200, 61, 20
Box: 9, 40, 80
Box: 35, 66, 211
Box: 12, 30, 7
Box: 2, 24, 211
Box: 4, 10, 87
Box: 10, 96, 28
Box: 107, 37, 134
Box: 7, 11, 2
Box: 175, 18, 49
Box: 9, 10, 6
Box: 36, 23, 33
Box: 200, 22, 48
Box: 5, 81, 44
Box: 12, 14, 9
Box: 2, 200, 34
Box: 44, 15, 59
Box: 6, 60, 29
Box: 9, 96, 9
Box: 21, 9, 211
Box: 200, 43, 82
Box: 106, 29, 211
Box: 17, 60, 69
Box: 57, 20, 2
Box: 52, 34, 23
Box: 200, 12, 25
Box: 27, 87, 211
Box: 33, 250, 97
Box: 113, 56, 207
Box: 13, 250, 211
Box: 79, 22, 62
Box: 7, 30, 9
Box: 21, 15, 13
Box: 13, 102, 28
Box: 19, 41, 135
Box: 113, 46, 211
Box: 12, 2, 4
Box: 139, 14, 31
Box: 12, 109, 31
Box: 102, 34, 23
Box: 20, 140, 18
Box: 23, 15, 85
Box: 5, 6, 211
Box: 23, 41, 211
Box: 32, 48, 211
Box: 26, 20, 211
Box: 43, 41, 7
Box: 60, 11, 211
Box: 58, 17, 71
Box: 22, 2, 29
Box: 40, 5, 29
Box: 60, 6, 211
Box: 3, 23, 6
Box: 23, 250, 13
Box: 3, 5, 2
Box: 200, 21, 76
Box: 71, 250, 81
Box: 68, 13, 3
Box: 16, 175, 19
Box: 38, 90, 6
Box: 68, 24, 11
Box: 5, 15, 3
Box: 2, 22, 33
Box: 5, 39, 211
Box: 106, 11, 211
Box: 27, 13, 2
Box: 200, 15, 12
Box: 200, 50, 6
Box: 22, 7, 51
Box: 30, 56, 21
Box: 177, 250, 211
Box: 40, 13, 211
Box: 21, 56, 195
Box: 14, 250, 94
Box: 14, 32, 58
Box: 72, 7, 9
Box: 33, 250, 116
Box: 130, 23, 24
Box: 26, 9, 4
Box: 13, 18, 16
Box: 104, 17, 129
Box: 19, 250, 116
Box: 58, 21, 10
Box: 42, 6, 13
Box: 37, 250, 211
Box: 5, 19, 9
Box: 31, 2, 29
Box: 4, 51, 211
Box: 19, 73, 211
Box: 63, 8, 28
Box: 19, 250, 30
Box: 46, 8, 143
Box: 21, 4, 46
Box: 9, 6, 21
Box: 9, 22, 10
Box: 5, 6, 211
Box: 49, 11, 36
Box: 2, 51, 211
Box: 4, 22, 51
Box: 21, 33, 14
Box: 25, 2, 7
Box: 200, 83, 10
Box: 26, 22, 69
Box: 8, 28, 82
Box: 4, 16, 52
Box: 11, 23, 8
Box: 200, 56, 36
Box: 200, 60, 25
Box: 18, 4, 13
Box: 57, 20, 19
Box: 3, 61, 49
Box: 200, 60, 63
Box: 13, 47, 51
Box: 24, 52, 93
Box: 200, 184, 6
Box: 36, 61, 49
Box: 32, 108, 72
Box: 107, 250, 4
Box: 72, 25, 211
Box: 88, 91, 211
Box: 4, 73, 39
Box: 17, 250, 211
Box: 64, 69, 18
Box: 42, 7, 23
Box: 9, 10, 29
Box: 29, 11, 16
Box: 172, 6, 140
Box: 6, 3, 8
Box: 19, 14, 3
Box: 8, 6, 16
Box: 3, 49, 4
Box: 12, 250, 51
Box: 55, 29, 19
Box: 200, 11, 25
Box: 119, 53, 28
Box: 42, 36, 211
Box: 6, 3, 20
Box: 22, 2, 6
Box: 5, 8, 3
Box: 20, 34, 31
Box: 200, 93, 64
Box: 9, 22, 12
Box: 11, 11, 19
Box: 39, 6, 72
Box: 33, 250, 49
Box: 19, 3, 24
Box: 177, 63, 28
Box: 67, 3, 211
Box: 42, 29, 5
Box: 200, 250, 113
Box: 11, 4, 79
Box: 7, 189, 4
Box: 33, 31, 116
Box: 2, 34, 4
Box: 15, 27, 13
Box: 55, 13, 26
Box: 50, 81, 211
Box: 13, 66, 29
Box: 32, 60, 19
Box: 2, 28, 45
Box: 75, 237, 67
Box: 6, 9, 211
Box: 5, 31, 93
Box: 31, 110, 28
Box: 3, 12, 18
Box: 69, 104, 16
Box: 7, 24, 211
Box: 24, 5, 24
Box: 30, 50, 11
Box: 15, 13, 4
Box: 4, 107, 31
Box: 31, 12, 211
Box: 4, 3, 37
Box: 23, 3, 29
Box: 14, 34, 4
Box: 30, 2, 211
Box: 94, 91, 31
Box: 40, 9, 31
Box: 24, 2, 116
Box: 79, 15, 11
Box: 62, 23, 32
Box: 66, 17, 20
Box: 32, 55, 23
Box: 111, 34, 211
Box: 34, 23, 211
Box: 21, 13, 4
Box: 10, 10, 27
Box: 16, 26, 20
Box: 4, 11, 44
Box: 51, 22, 4
Box: 112, 8, 211
Box: 4, 32, 21
Box: 4, 2, 211
Box: 4, 10, 6
Box: 28, 40, 5
Box: 200, 56, 4
Box: 23, 15, 211
Box: 6, 32, 16
Box: 39, 6, 2
Box: 143, 68, 211
Box: 5, 7, 19
Box: 50, 24, 7
Box: 15, 32, 19
Box: 21, 4, 39
Box: 200, 119, 211
Box: 32, 47, 114
Box: 46, 12, 4
Box: 8, 14, 211
Box: 200, 3, 108
Box: 34, 250, 128
Box: 4, 45, 5
Box: 19, 3, 43
Box: 85, 34, 71
Box: 8, 6, 39
Box: 200, 24, 31
Box: 9, 11, 6
Box: 15, 250, 84
Box: 6, 4, 11
Box: 24, 7, 76
Box: 3, 5, 7
Box: 9, 250, 8
Box: 40, 8, 56
Box: 180, 13, 6
Box: 15, 16, 21
Box: 9, 74, 4
Box: 6, 6, 20
Box: 106, 132, 144
Box: 197, 25, 5
Box: 200, 44, 82
Box: 2, 10, 24
Box: 33, 5, 8
Box: 9, 4, 29
Box: 65, 19, 9
Box: 4, 17, 157
Box: 200, 68, 47
Box: 8, 20, 39
Box: 117, 104, 120
Box: 126, 15, 49
Box: 31, 88, 211
Box: 4, 21, 10
Box: 2, 91, 5
Box: 13, 250, 14
Box: 4, 49, 11
Box: 200, 16, 72
Box: 35, 55, 7
Box: 5, 12, 20
Box: 14, 58, 19
Box: 9, 22, 22
Box: 4, 13, 48
Box: 65, 19, 24
Box: 67, 146, 76
Box: 48, 3, 3
Box: 66, 99, 20
Box: 42, 162, 5
Box: 38, 135, 68
Box: 26, 4, 43
Box: 28, 250, 211
Box: 4, 46, 211
Box: 23, 21, 5
Box: 47, 11, 2
Box: 19, 14, 34
Box: 8, 14, 53
Box: 24, 7, 111
Box: 23, 56, 211
Box: 200, 16, 10
Box: 20, 10, 52
Box: 11, 4, 14
Box: 110, 36, 24
Box: 23, 10, 32
Box: 78, 35, 41
Box: 25, 250, 44
Box: 32, 7, 3
Box: 12, 250, 211
Box: 200, 47, 211
Box: 2, 32, 57
Box: 19, 5, 18
Box: 20, 138, 10
Box: 4, 10, 5
Box: 10, 52, 93
Box: 14, 9, 76
Box: 21, 39, 49
Box: 108, 20, 29
Box: 44, 51, 211
Box: 200, 250, 6
Box: 200, 10, 4
Box: 14, 22, 19
Box: 20, 250, 211
Box: 35, 51, 211
Box: 152, 32, 58
Box: 38, 13, 46
Box: 6, 32, 100
Box: 200, 55, 44
Box: 42, 76, 109
Box: 7, 5, 4
Box: 200, 31, 211
Box: 3, 9, 4
Box: 12, 4, 211
Box: 11, 20, 23
Box: 29, 2, 16
Box: 74, 20, 91
Box: 11, 10, 14
Box: 9, 60, 11
Box: 2, 71, 11
Box: 42, 25, 13
Box: 36, 6, 18
Box: 33, 72, 15
Box: 163, 4, 211
Box: 143, 181, 36
Box: 68, 11, 17
Box: 200, 10, 41
Box: 8, 11, 4
Box: 50, 33, 62
Box: 130, 23, 49
Box: 10, 7, 48
Box: 14, 2, 10
Box: 48, 7, 2
Box: 20, 3, 52
Box: 111, 48, 211
Box: 24, 75, 39
Box: 43, 4, 211
Box: 200, 250, 5
Box: 11, 4, 7
Box: 200, 250, 83
Box: 71, 8, 28
Box: 200, 32, 24
Box: 71, 48, 17
Box: 52, 179, 211
Box: 35, 6, 10
Box: 21, 10, 9
Box: 4, 36, 34
Box: 2, 15, 3
Box: 9, 22, 19
Box: 48, 181, 36
Box: 41, 9, 5
Box: 47, 30, 31
Box: 58, 250, 5
Box: 200, 175, 21
Box: 68, 13, 42
Box: 200, 25, 15
Box: 200, 104, 17
Box: 36, 28, 32
Box: 23, 95, 16
Box: 12, 27, 4
Box: 28, 108, 32
Box: 23, 32, 22
Box: 200, 167, 16
Box: 2, 2, 4
Box: 13, 29, 3
Box: 16, 55, 6
Box: 21, 11, 14
Box: 6, 10, 12
Box: 21, 10, 28
Box: 36, 21, 5
Box: 22, 2, 51
Box: 127, 130, 45
Box: 150, 123, 211
Box: 46, 19, 2
Box: 30, 75, 39
Box: 67, 27, 5
Box: 16, 15, 4
Box: 4, 21, 2
Box: 2, 34, 2
Box: 22, 146, 42
Box: 4, 34, 4
Box: 200, 23, 54
Box: 7, 30, 49
Box: 12, 49, 4
Box: 4, 6, 21
Box: 7, 65, 29
Box: 30, 250, 2
Box: 149, 103, 82
Box: 38, 92, 54
Box: 200, 69, 13
Box: 11, 11, 24
Box: 5, 4, 48
Box: 4, 73, 211
Box: 40, 65, 41
Box: 21, 9, 13
Box: 13, 16, 7
Box: 54, 13, 14
Box: 27, 39, 49
Box: 169, 6, 18
Box: 26, 38, 3
Box: 2, 24, 21
Box: 15, 2, 5
Box: 19, 51, 2
Box: 200, 114, 211
Box: 48, 7, 5
Box: 59, 12, 211
Box: 200, 85, 2
Box: 4, 5, 5
Box: 26, 22, 35
Box: 10, 4, 24
Box: 56, 17, 15
Box: 6, 39, 16
Box: 200, 62, 21
Box: 14, 25, 19
Box: 29, 16, 16
Box: 200, 42, 137
Box: 61, 250, 116
Box: 67, 9, 50
Box: 2, 4, 54
Box: 200, 26, 72
Box: 33, 37, 49
Box: 8, 75, 75
Box: 29, 2, 42
Box: 15, 27, 10
Box: 23, 250, 12
Box: 8, 50, 211
Box: 31, 63, 12
Box: 166, 18, 62
Box: 10, 66, 63
Box: 2, 22, 211
Box: 10, 91, 211
Box: 17, 17, 12
Box: 62, 250, 2
Box: 25, 16, 6
Box: 200, 63, 12
Box: 4, 17, 13
Box: 112, 15, 87
Box: 6, 80, 31
Box: 17, 51, 211
Box: 27, 7, 80
Box: 22, 7, 84
Box: 74, 22, 69
Box: 47, 4, 2
Box: 11, 11, 100
Box: 11, 38, 110
Box: 12, 175, 5
Box: 4, 30, 4
Box: 200, 52, 10
Box: 35, 22, 211
Box: 112, 89, 108
Box: 42, 112, 20
Box: 42, 3, 211
Box: 7, 7, 19
Box: 13, 250, 89
Box: 14, 40, 19
Box: 13, 11, 39
Box: 37, 11, 211
Box: 39, 113, 50
Box: 8, 250, 211
Box: 200, 19, 16
Box: 13, 24, 43
Box: 107, 17, 134
Box: 9, 55, 52
Box: 9, 4, 38
Box: 120, 42, 12
Box: 68, 11, 5
Box: 71, 80, 8
Box: 10, 60, 211
Box: 56, 15, 10
Box: 2, 18, 57
Box: 26, 12, 33
Box: 18, 104, 16
Box: 42, 49, 4
Box: 38, 63, 7
Box: 4, 21, 20
Box: 23, 5, 5
Box: 9, 13, 5
Box: 56, 119, 211
Box: 32, 31, 31
Box: 27, 37, 23
Box: 6, 32, 13
Box: 7, 142, 10
Box: 67, 146, 46
Box: 3, 3, 8
Box: 200, 250, 24
Box: 2, 95, 211
Box: 11, 13, 8
Box: 4, 66, 36
Box: 7, 6, 82
Box: 23, 47, 7
Box: 68, 11, 25
Box: 19, 9, 15
Box: 161, 10, 211
Box: 5, 17, 48
Box: 5, 3, 46
Box: 130, 24, 14
Box: 23, 17, 24
Box: 45, 89, 108
Box: 3, 8, 2
Box: 11, 23, 23
Box: 5, 15, 11
Box: 10, 2, 84
Box: 13, 62, 43
Box: 71, 38, 8
Box: 17, 3, 41
Box: 14, 8, 2
Box: 25, 14, 63
Box: 25, 66, 211
Box: 4, 250, 26
Box: 8, 8, 20
Box: 200, 250, 116
Box: 46, 26, 11
Box: 107, 81, 62
Box: 17, 55, 211
Box: 2, 32, 24
Box: 5, 81, 2
Box: 4, 5, 7
Box: 169, 6, 2
Box: 21, 175, 19
Box: 10, 9, 60
Box: 22, 2, 84
Box: 10, 6, 19
Box: 200, 23, 79
Box: 40, 10, 28
Box: 2, 71, 92
Box: 40, 65, 59
Box: 8, 11, 6
Box: 6, 5, 15
Box: 32, 60, 26
Box: 67, 9, 20
Box: 8, 26, 11
Box: 5, 4, 3
Box: 42, 46, 6
Box: 9, 93, 211
Box: 47, 21, 24
Box: 6, 60, 149
Box: 35, 4, 48
Box: 45, 250, 18
Box: 13, 34, 4
Box: 10, 15, 11
Box: 11, 185, 37
Box: 30, 51, 211
Box: 200, 68, 129
Box: 10, 14, 39
Box: 56, 21, 60
Box: 23, 28, 85
Box: 15, 23, 21
Box: 4, 51, 31
Box: 8, 250, 66
Box: 108, 31, 2
Box: 41, 52, 29
Box: 19, 3, 37
Box: 10, 2, 98
Box: 200, 39, 12
Box: 15, 6, 81
Box: 7, 106, 69
Box: 99, 13, 16
Box: 49, 56, 25
Box: 25, 250, 112
Box: 78, 7, 32
Box: 14, 2, 2
Box: 2, 82, 211
Box: 19, 24, 211
Box: 45, 10, 6
Box: 13, 250, 211
Box: 21, 32, 42
Box: 86, 73, 2
Box: 13, 51, 24
Box: 2, 144, 211
Box: 52, 39, 16
Box: 68, 11, 65
Box: 200, 48, 211
Box: 20, 18, 29
Box: 21, 110, 82
Box: 68, 25, 11
Box: 200, 10, 211
Box: 18, 142, 10
Box: 14, 3, 8
Box: 200, 15, 201
Box: 60, 71, 211
Box: 32, 127, 101
Box: 7, 75, 39
Box: 200, 14, 211
Box: 2, 8, 2
Box: 13, 21, 32
Box: 200, 121, 71
Box: 102, 7, 66
Box: 200, 61, 40
Box: 57, 20, 38
Box: 30, 11, 15
Box: 137, 65, 49
Box: 71, 28, 17
Box: 6, 3, 50
Box: 8, 18, 39
Box: 43, 142, 67
Box: 6, 32, 8
Box: 56, 14, 60
Box: 41, 93, 20
Box: 82, 56, 207
Box: 33, 100, 116
Box: 2, 4, 24
Box: 21, 33, 122
Box: 4, 99, 15
Box: 200, 32, 3
Box: 44, 81, 81
Box: 169, 6, 211
Box: 200, 32, 32
Box: 157, 42, 54
Box: 13, 7, 8
Box: 11, 56, 28
Box: 22, 210, 51
Box: 86, 25, 2
Box: 7, 16, 149
Box: 41, 3, 3
Box: 2, 3, 7
Box: 56, 37, 7
Box: 200, 72, 5
Box: 37, 21, 211
Box: 2, 14, 15
Box: 33, 29, 16
Box: 53, 63, 87
Box: 200, 250, 53
Box: 13, 119, 13
Box: 9, 58, 24
Box: 11, 38, 29
Box: 22, 61, 211
Box: 200, 21, 25
Box: 11, 49, 68
Box: 29, 15, 13
Box: 33, 25, 28
Box: 38, 13, 12
Box: 13, 18, 33
Box: 8, 11, 18
Box: 131, 250, 4
Box: 200, 125, 211
Box: 15, 23, 8
Box: 10, 32, 21
Box: 2, 6, 11
Box: 2, 76, 21
Box: 19, 41, 134
Box: 40, 13, 14
Box: 120, 42, 46
Box: 26, 19, 7
Box: 200, 16, 76
Box: 19, 18, 11
Box: 69, 49, 42
Box: 200, 31, 7
Box: 7, 18, 4
Box: 78, 31, 99
Box: 25, 5, 19
Box: 74, 23, 211
Box: 200, 52, 82
Box: 131, 24, 20
Box: 59, 97, 69
Box: 7, 31, 211
Box: 24, 31, 14
Box: 18, 20, 91
Box: 4, 45, 44
Box: 40, 4, 42
Box: 93, 250, 20
Box: 22, 15, 36
Box: 35, 15, 121
Box: 21, 3, 10
Box: 200, 109, 2
Box: 24, 23, 32
Box: 32, 3, 2
Box: 200, 7, 15
Box: 4, 32, 7
Box: 21, 3, 45
Box: 164, 16, 63
Box: 25, 94, 211
Box: 13, 66, 10
Box: 46, 18, 10
Box: 169, 43, 211
Box: 197, 25, 185
Box: 34, 250, 2
Box: 107, 26, 11
Box: 200, 40, 19
Box: 91, 250, 69
Box: 200, 24, 26
Box: 200, 14, 211
Box: 11, 250, 98
Box: 119, 11, 81
Box: 200, 153, 21
Box: 106, 93, 106
Box: 11, 72, 15
Box: 109, 27, 134
Box: 8, 11, 16
Box: 28, 4, 12
Box: 7, 30, 19
Box: 55, 22, 69
Box: 110, 250, 211
Box: 25, 90, 6
Box: 21, 18, 39
Box: 200, 7, 5
Box: 200, 250, 17
Box: 119, 11, 11
Box: 8, 56, 16
Box: 46, 19, 84
Box: 25, 50, 42
Box: 3, 20, 13
Box: 23, 8, 24
Box: 21, 250, 211
Box: 8, 81, 32
Box: 6, 3, 67
Box: 109, 65, 211
Box: 66, 7, 9
Box: 17, 175, 5
Box: 8, 23, 6
Box: 19, 9, 211
Box: 5, 68, 29
Box: 67, 27, 5
Box: 60, 2, 45
Box: 25, 8, 4
Box: 2, 11, 4
Box: 200, 7, 67
Box: 12, 25, 211
Box: 41, 250, 20
Box: 6, 10, 6
Box: 47, 11, 159
Box: 5, 8, 53
Box: 4, 4, 21
Box: 28, 142, 10
Box: 19, 8, 37
Box: 9, 52, 211
Box: 97, 250, 2
Box: 19, 32, 19
Box: 20, 13, 6
Box: 109, 11, 7
Box: 15, 8, 10
Box: 200, 172, 10
Box: 7, 250, 20
Box: 200, 116, 27
Box: 200, 53, 31
Box: 4, 4, 24
Box: 42, 44, 102
Box: 2, 4, 7
Box: 2, 72, 51
Box: 46, 10, 58
Box: 40, 6, 13
Box: 50, 20, 3
Box: 24, 27, 211
Box: 5, 56, 16
Box: 200, 175, 6
Box: 85, 21, 10
Box: 18, 11, 7
Box: 6, 80, 19
Box: 200, 9, 79
Box: 15, 4, 6
Box: 82, 23, 93
Box: 200, 53, 7
Box: 9, 47, 7
Box: 33, 82, 211
Box: 24, 9, 60
Box: 6, 2, 19
Box: 200, 8, 19
Box: 28, 24, 14
Box: 5, 10, 4
Box: 78, 26, 156
Box: 13, 62, 6
Box: 6, 74, 6
Box: 16, 32, 4
Box: 200, 22, 18
Box: 54, 39, 32
Box: 5, 11, 2
Box: 9, 250, 211
Box: 47, 250, 20
Box: 28, 6, 75
Box: 55, 32, 21
Box: 42, 200, 71
Box: 8, 8, 36
Box: 200, 32, 50
Box: 8, 32, 21
Box: 8, 3, 19
Box: 10, 68, 28
Box: 35, 20, 4
Box: 200, 42, 22
Box: 35, 4, 5
Box: 79, 29, 3
Box: 51, 75, 4
Box: 2, 3, 11
Box: 151, 32, 22
Box: 32, 9, 9
Box: 42, 200, 6
Box: 14, 25, 59
Box: 15, 25, 2
Box: 32, 51, 101
Box: 8, 237, 67
Box: 40, 10, 8
Box: 14, 66, 103
Box: 39, 104, 16
Box: 47, 30, 4
Box: 37, 25, 211
Box: 57, 68, 87
Box: 94, 91, 24
Box: 2, 15, 20
Box: 25, 24, 48
Box: 4, 9, 7
Box: 33, 53, 20
Box: 19, 12, 37
Box: 19, 4, 111
Box: 12, 108, 211
Box: 15, 8, 5
Box: 85, 250, 211
Box: 19, 20, 52
Box: 82, 31, 24
Box: 42, 200, 4
Box: 14, 19, 7
Box: 4, 85, 43
Box: 44, 33, 27
Box: 200, 22, 30
Box: 70, 23, 211
Box: 32, 9, 22
Box: 13, 18, 41
Box: 18, 250, 48
Box: 12, 15, 211
Box: 200, 53, 66
Box: 5, 15, 27
Box: 10, 14, 40
Box: 112, 15, 124
Box: 35, 24, 48
Box: 32, 135, 68
Box: 32, 51, 3
Box: 9, 6, 38
Box: 7, 250, 4
Box: 113, 2, 42
Box: 7, 2, 211
Box: 6, 67, 8
Box: 13, 58, 211
Box: 200, 15, 14
Box: 40, 14, 9
Box: 19, 56, 28
Box: 4, 10, 87
Box: 68, 94, 211
Box: 41, 18, 47
Box: 25, 16, 26
Box: 200, 57, 3
Box: 21, 54, 4
Box: 9, 4, 38
Box: 5, 81, 31
Box: 3, 250, 125
Box: 9, 17, 211
Box: 2, 2, 4
Box: 30, 34, 4
Box: 14, 2, 17
Box: 2, 6, 21
Box: 39, 144, 211
Box: 74, 7, 111
Box: 2, 91, 25
Box: 18, 104, 7
Box: 200, 14, 32
Box: 147, 13, 211
Box: 42, 200, 8
Box: 50, 108, 10
Box: 6, 16, 109
Box: 43, 21, 63
Box: 2, 3, 10
Box: 80, 34, 211
Box: 73, 60, 5
Box: 9, 15, 26
Box: 200, 93, 30
Box: 11, 16, 63
Box: 28, 11, 211
Box: 19, 20, 37
Box: 39, 10, 211
Box: 4, 12, 51
Box: 74, 55, 23
Box: 4, 3, 211
Box: 2, 22, 3
Box: 12, 29, 22
Box: 26, 63, 4
Box: 11, 48, 35
Box: 4, 7, 37
Box: 21, 33, 8
Box: 113, 23, 10
Box: 40, 14, 6
Box: 135, 22, 211
Box: 43, 14, 177
Box: 48, 47, 2
Box: 12, 3, 11
Box: 8, 43, 41
Box: 35, 17, 4
Box: 200, 12, 4
Box: 4, 12, 65
Box: 7, 2, 48
Box: 200, 16, 108
Box: 2, 3, 4
Box: 69, 250, 81
Box: 3, 4, 24
Box: 6, 7, 36
Box: 12, 20, 33
Box: 9, 212, 211
Box: 6, 30, 34
Box: 32, 199, 3
Box: 200, 31, 211
Box: 29, 15, 25
Box: 133, 10, 16
Box: 12, 25, 211
Box: 4, 3, 7
Box: 42, 67, 12
Box: 53, 27, 3
Box: 21, 25, 82
Box: 200, 56, 3
Box: 19, 5, 24
Box: 200, 81, 62
Box: 45, 76, 51
Box: 13, 78, 7
Box: 200, 250, 10
Box: 14, 2, 43
Box: 53, 20, 42
Box: 22, 72, 65
Box: 200, 19, 9
Box: 10, 74, 6
Box: 47, 22, 6
Box: 9, 181, 36
Box: 16, 32, 28
Box: 24, 11, 44
Box: 127, 22, 211
Box: 20, 146, 211
Box: 18, 10, 44
Box: 48, 49, 3
Box: 39, 58, 211
Box: 25, 104, 120
Box: 41, 52, 48
Box: 15, 32, 16
Box: 8, 10, 6
Box: 20, 78, 52
Box: 2, 91, 186
Box: 2, 12, 211
Box: 4, 51, 23
Box: 4, 40, 15
Box: 10, 13, 8
Box: 68, 2, 114
Box: 15, 12, 21
Box: 80, 10, 6
Box: 5, 108, 8
Box: 30, 3, 46
Box: 200, 34, 211
Box: 38, 92, 54
Box: 21, 131, 211
Box: 8, 6, 34
Box: 130, 23, 73
Box: 71, 151, 172
Box: 19, 75, 39
Box: 200, 13, 67
Box: 200, 4, 49
Box: 167, 81, 68
Box: 74, 7, 3
Box: 3, 2, 211
Box: 25, 250, 34
Box: 200, 9, 211
Box: 21, 27, 39
Box: 46, 14, 211
Box: 24, 13, 18
Box: 169, 3, 211
Box: 200, 31, 211
Box: 8, 75, 20
Box: 112, 32, 14
Box: 6, 2, 19
Box: 22, 20, 127
Box: 200, 137, 11
Box: 3, 3, 3
Box: 9, 4, 211
Box: 4, 41, 36
Box: 23, 43, 24
Box: 48, 7, 28
Box: 2, 4, 4
Box: 9, 43, 18
Box: 50, 20, 19
Box: 45, 104, 16
Box: 10, 66, 67
Box: 13, 15, 25
Box: 200, 184, 105
Box: 14, 3, 20
Box: 13, 29, 16
Box: 22, 32, 5
Box: 2, 7, 8
Box: 71, 80, 110
Box: 11, 10, 34
Box: 2, 15, 7
Box: 200, 142, 62
Box: 24, 104, 2
Box: 41, 49, 4
Box: 2, 24, 14
Box: 200, 61, 9
Box: 80, 3, 211
Box: 75, 2, 33
Box: 200, 22, 53
Box: 12, 6, 7
Box: 33, 47, 116
Box: 22, 28, 29
Box: 2, 2, 4
Box: 45, 3, 4
Box: 15, 162, 4
Box: 3, 66, 103
Box: 200, 56, 3
Box: 200, 55, 91
Box: 23, 7, 24
Box: 200, 15, 14
Box: 9, 13, 12
Box: 16, 250, 51
Box: 68, 11, 28
Box: 48, 49, 19
Box: 66, 7, 11
Box: 5, 81, 93
Box: 109, 250, 7
Box: 2, 15, 19
Box: 127, 130, 33
Box: 26, 4, 123
Box: 4, 45, 42
Box: 30, 50, 133
Box: 63, 65, 49
Box: 200, 3, 10
Box: 200, 63, 25
Box: 11, 38, 72
Box: 200, 68, 64
Box: 2, 14, 7
Box: 8, 25, 28
Box: 200, 35, 15
Box: 200, 54, 211
Box: 68, 2, 97
Box: 6, 75, 39
Box: 37, 108, 3
Box: 8, 27, 211
Box: 200, 90, 8
Box: 200, 68, 9
Box: 16, 250, 2
Box: 6, 19, 211
Box: 13, 27, 27
Box: 59, 97, 24
Box: 25, 250, 51
Box: 5, 15, 24
Box: 40, 65, 32
Box: 21, 3, 14
Box: 68, 18, 11
Box: 200, 23, 58
Box: 27, 5, 80
Box: 106, 20, 211
Box: 4, 3, 18
Box: 69, 175, 5
Box: 44, 6, 19
Box: 5, 13, 20
Box: 127, 16, 114
Box: 68, 11, 6
Box: 24, 49, 42
Box: 11, 49, 56
Box: 200, 4, 59
Box: 14, 71, 11
Box: 21, 150, 21
Box: 138, 33, 62
Box: 200, 11, 10
Box: 11, 51, 211
Box: 200, 68, 3
Box: 5, 52, 48
Box: 4, 7, 7
Box: 7, 21, 15
Box: 13, 15, 25
Box: 36, 104, 2
Box: 9, 18, 114
Box: 200, 69, 108
Box: 14, 109, 35
Box: 2, 5, 21
Box: 200, 15, 2
Box: 133, 6, 211
Box: 11, 22, 51
Box: 10, 4, 11
Box: 26, 56, 211
Box: 200, 250, 72
Box: 15, 12, 4
Box: 27, 38, 211
Box: 82, 23, 49
Box: 2, 7, 33
Box: 13, 16, 13
Box: 200, 250, 3
Box: 15, 23, 8
Box: 4, 14, 36
Box: 23, 10, 29
Box: 10, 6, 21
Box: 76, 9, 54
Box: 46, 19, 12
Box: 20, 12, 211
Box: 200, 159, 211
Box: 200, 56, 14
Box: 51, 98, 22
Box: 2, 60, 167
Box: 26, 35, 211
Box: 101, 112, 95
Box: 36, 2, 211
Box: 200, 30, 112
Box: 3, 104, 2
Box: 8, 63, 6
Box: 47, 11, 52
Box: 43, 17, 67
Box: 5, 35, 48
Box: 48, 9, 7
Box: 22, 3, 84
Box: 67, 66, 29
Box: 31, 22, 7
Box: 41, 250, 211
Box: 15, 25, 11
Box: 99, 13, 3
Box: 2, 7, 68
Box: 200, 109, 13
Box: 2, 56, 106
Box: 3, 250, 18
Box: 2, 14, 12
Box: 12, 109, 34
Box: 49, 58, 36
Box: 27, 2, 80
Box: 15, 68, 21
Box: 51, 5, 22
Box: 200, 67, 10
Box: 47, 9, 2
Box: 162, 26, 48
Box: 11, 4, 3
Box: 36, 62, 18
Box: 9, 27, 111
Box: 2, 49, 7
Box: 11, 48, 2
Box: 26, 22, 4
Box: 21, 10, 137
Box: 104, 7, 76
Box: 8, 81, 28
Box: 70, 142, 29
Box: 5, 14, 15
Box: 172, 6, 17
Box: 106, 132, 37
Box: 41, 42, 5
Box: 4, 5, 4
Box: 200, 39, 211
Box: 62, 31, 99
Box: 94, 91, 66
Box: 6, 42, 19
Box: 24, 52, 19
Box: 65, 11, 4
Box: 90, 63, 55
Box: 200, 24, 19
Box: 23, 65, 211
Box: 42, 72, 4
Box: 36, 22, 3
Box: 200, 109, 48
Box: 14, 3, 11
Box: 16, 42, 3
Box: 34, 250, 9
Box: 7, 6, 5
Box: 74, 67, 211
Box: 6, 6, 19
Box: 200, 8, 16
Box: 4, 2, 48
Box: 28, 23, 5
Box: 13, 31, 4
Box: 14, 13, 48
Box: 45, 85, 19
Box: 119, 11, 4
Box: 13, 12, 18
Box: 9, 31, 18
Box: 67, 27, 6
Box: 93, 90, 24
Box: 55, 250, 18
Box: 15, 27, 20
Box: 200, 39, 63
Box: 5, 32, 19
Box: 17, 17, 24
Box: 45, 24, 51
Box: 2, 7, 110
Box: 15, 14, 63
Box: 9, 74, 2
Box: 14, 2, 211
Box: 127, 14, 211
Box: 25, 60, 21
Box: 24, 15, 211
Box: 20, 27, 111
Box: 15, 8, 9
Box: 4, 250, 4
Box: 7, 51, 4
Box: 23, 52, 211
Box: 200, 24, 4
Box: 2, 71, 39
Box: 48, 47, 7
Box: 26, 32, 22
Box: 24, 91, 12
Box: 7, 22, 4
Box: 4, 2, 37
Box: 200, 12, 8
Box: 65, 11, 13
Box: 50, 108, 3
Box: 9, 198, 211
Box: 127, 250, 82
Box: 40, 2, 211
Box: 11, 23, 10
Box: 4, 22, 41
Box: 200, 15, 46
Box: 200, 60, 47
Box: 70, 23, 18
Box: 22, 90, 24
Box: 200, 64, 211
Box: 14, 11, 39
Box: 4, 5, 10
Box: 200, 250, 18
Box: 6, 11, 211
Box: 11, 20, 68
Box: 42, 36, 109
Box: 3, 2, 79
Box: 5, 38, 8
Box: 21, 33, 48
Box: 200, 81, 33
Box: 30, 50, 211
Box: 200, 32, 79
Box: 78, 96, 41
Box: 11, 31, 211
Box: 72, 18, 4
Box: 200, 11, 21
Box: 200, 48, 54
Box: 5, 11, 6
Box: 8, 85, 2
Box: 200, 250, 19
Box: 200, 23, 16
Box: 21, 250, 37
Box: 6, 6, 21
Box: 4, 2, 4
Box: 4, 51, 43
Box: 200, 23, 10
Box: 47, 250, 4
Box: 5, 52, 211
Box: 200, 104, 6
Box: 2, 7, 21
Box: 200, 73, 3
Box: 33, 67, 12
Box: 200, 11, 136
Box: 21, 55, 6
Box: 200, 60, 36
Box: 42, 250, 24
Box: 27, 32, 24
Box: 12, 20, 59
Box: 160, 22, 58
Box: 60, 250, 23
Box: 68, 12, 211
Box: 8, 75, 59
Box: 194, 11, 14
Box: 107, 26, 4
Box: 50, 24, 21
Box: 4, 250, 8
Box: 5, 250, 49
Box: 2, 88, 2
Box: 36, 4, 2
Box: 167, 6, 68
Box: 4, 153, 211
Box: 26, 25, 211
Box: 200, 15, 94
Box: 6, 7, 72
Box: 4, 14, 36
Box: 107, 39, 15
Box: 21, 9, 13
Box: 29, 26, 211
Box: 4, 10, 62
Box: 4, 24, 20
Box: 106, 16, 211
Box: 178, 72, 65
Box: 22, 2, 29
Box: 200, 50, 207
Box: 19, 22, 52
Box: 20, 9, 211
Box: 200, 166, 7
Box: 200, 3, 65
Box: 48, 47, 5
Box: 55, 250, 42
Box: 4, 87, 43
Box: 4, 11, 87
Box: 19, 93, 211
Box: 82, 75, 39
Box: 2, 2, 211
Box: 200, 32, 5
Box: 31, 19, 65
Box: 14, 71, 211
Box: 46, 250, 19
Box: 6, 5, 211
Box: 200, 9, 126
Box: 3, 66, 103
Box: 12, 93, 211
Box: 18, 8, 7
Box: 200, 10, 211
Box: 200, 8, 211
Box: 85, 5, 24
Box: 6, 30, 34
Box: 200, 59, 65
Box: 18, 250, 4
Box: 40, 32, 138
Box: 52, 122, 211
Box: 20, 48, 26
Box: 9, 2, 32
Box: 10, 9, 7
Box: 200, 75, 26
Box: 13, 62, 36
Box: 4, 250, 29
Box: 12, 43, 7
Box: 50, 250, 66
Box: 4, 250, 42
Box: 32, 8, 39
Box: 16, 49, 4
Box: 47, 21, 146
Box: 41, 14, 5
Box: 200, 15, 35
Box: 4, 63, 211
Box: 18, 3, 34
Box: 37, 22, 35
Box: 25, 2, 8
Box: 5, 250, 48
Box: 200, 60, 35
Box: 82, 54, 17
Box: 14, 9, 2
Box: 19, 3, 62
Box: 4, 250, 7
Box: 200, 250, 6
Box: 84, 14, 91
Box: 60, 250, 27
Box: 13, 16, 17
Box: 4, 21, 3
Box: 200, 41, 24
Box: 5, 2, 2
Box: 111, 250, 211
Box: 13, 3, 211
Box: 29, 10, 12
Box: 11, 4, 8
Box: 39, 250, 2
Box: 38, 42, 211
Box: 10, 250, 12
Box: 44, 81, 33
Box: 200, 122, 188
Box: 200, 12, 25
Box: 55, 17, 12
Box: 5, 12, 59
Box: 60, 85, 57
Box: 8, 24, 39
Box: 35, 55, 58
Box: 11, 17, 71
Box: 24, 108, 211
Box: 200, 26, 6
Box: 91, 8, 15
Box: 27, 2, 46
Box: 58, 12, 211
Box: 13, 6, 4
Box: 5, 10, 6
Box: 71, 250, 5
Box: 12, 72, 13
Box: 50, 20, 8
Box: 5, 23, 32
Box: 19, 9, 211
Box: 50, 108, 2
Box: 87, 72, 15
Box: 5, 8, 23
Box: 29, 250, 211
Box: 200, 24, 72
Box: 2, 2, 2
Box: 42, 42, 6
Box: 6, 31, 211
Box: 8, 6, 4
Box: 56, 50, 42
Box: 9, 139, 104
Box: 56, 74, 7
Box: 56, 7, 15
Box: 200, 14, 16
Box: 18, 10, 64
Box: 2, 56, 18
Box: 2, 30, 4
Box: 7, 13, 58
Box: 5, 5, 8
Box: 91, 147, 3
Box: 20, 2, 18
Box: 35, 55, 62
Box: 6, 29, 16
Box: 4, 18, 20
Box: 200, 139, 26
Box: 51, 218, 41
Box: 38, 10, 12
Box: 73, 81, 211
Box: 8, 81, 49
Box: 11, 2, 48
Box: 200, 160, 31
Box: 91, 113, 22
Box: 40, 65, 32
Box: 9, 10, 211
Box: 21, 66, 10
Box: 200, 32, 8
Box: 200, 24, 2
Box: 120, 42, 78
Box: 33, 16, 211
Box: 74, 32, 24
Box: 47, 74, 211
Box: 200, 34, 211
Box: 17, 104, 120
Box: 71, 29, 16
Box: 27, 45, 211
Box: 200, 13, 3
Box: 20, 18, 111
Box: 83, 106, 35
Box: 59, 21, 14
Box: 22, 9, 51
Box: 42, 8, 56
Box: 9, 27, 27
Box: 22, 7, 66
Box: 46, 250, 151
Box: 22, 2, 18
Box: 200, 4, 33
Box: 185, 9, 79
Box: 5, 48, 19
Box: 122, 58, 36
Box: 109, 3, 211
Box: 24, 13, 25
Box: 7, 22, 35
Box: 16, 42, 3
Box: 200, 22, 211
Box: 30, 50, 3
Box: 51, 75, 211
Box: 18, 2, 34
Box: 122, 67, 207
Box: 200, 250, 7
Box: 56, 13, 15
Box: 13, 119, 90
Box: 22, 2, 29
Box: 200, 250, 5
Box: 200, 52, 4
Box: 57, 25, 5
Box: 33, 2, 8
Box: 30, 56, 57
Box: 2, 71, 11
Box: 71, 6, 8
Box: 12, 7, 7
Box: 5, 132, 8
Box: 106, 132, 17
Box: 22, 32, 16
Box: 2, 40, 80
Box: 2, 25, 211
Box: 40, 117, 12
Box: 15, 83, 81
Box: 9, 11, 29
Box: 112, 61, 49
Box: 14, 2, 6
Box: 40, 14, 14
Box: 70, 23, 11
Box: 10, 14, 9
Box: 200, 80, 36
Box: 12, 2, 211
Box: 41, 93, 25
Box: 21, 30, 114
Box: 47, 47, 7
Box: 23, 63, 211
Box: 2, 16, 4
Box: 27, 32, 82
Box: 82, 17, 12
Box: 200, 8, 43
Box: 73, 96, 211
Box: 6, 32, 2
Box: 4, 3, 23
Box: 162, 110, 48
Box: 91, 26, 3
Box: 23, 54, 4
Box: 11, 48, 14
Box: 10, 36, 24
Box: 41, 93, 30
Box: 200, 250, 4
Box: 107, 39, 33
Box: 19, 14, 75
Box: 21, 33, 3
Box: 4, 3, 87
Box: 48, 2, 79
Box: 7, 6, 3
Box: 5, 109, 211
Box: 19, 2, 134
Box: 33, 72, 32
Box: 26, 6, 21
Box: 22, 30, 54
Box: 107, 81, 23
Box: 33, 67, 12
Box: 2, 21, 57
Box: 17, 250, 211
Box: 37, 3, 3
Box: 11, 4, 42
Box: 13, 43, 5
Box: 200, 23, 14
Box: 19, 18, 180
Box: 2, 11, 4
Box: 26, 31, 99
Box: 20, 75, 7
Box: 19, 250, 8
Box: 76, 9, 36
Box: 94, 91, 17
Box: 40, 17, 12
Box: 45, 250, 81
Box: 9, 2, 8
Box: 7, 49, 4
Box: 31, 22, 7
Box: 200, 5, 22
Box: 5, 2, 2
Box: 72, 7, 13
Box: 71, 151, 31
Box: 39, 34, 4
Box: 13, 10, 28
Box: 34, 26, 211
Box: 109, 250, 2
Box: 200, 117, 35
Box: 14, 3, 26
Box: 200, 22, 17
Box: 131, 27, 10
Box: 2, 7, 6
Box: 48, 7, 3
Box: 33, 37, 32
Box: 3, 39, 16
Box: 43, 41, 22
Box: 6, 32, 10
Box: 62, 85, 81
Box: 86, 32, 80
Box: 54, 13, 10
Box: 200, 27, 211
Box: 61, 94, 54
Box: 21, 110, 82
Box: 4, 42, 31
Box: 2, 43, 107
Box: 13, 62, 98
Box: 53, 75, 4
Box: 38, 2, 42
Box: 17, 3, 3
Box: 21, 2, 39
Box: 12, 34, 7
Box: 2, 5, 21
Box: 200, 16, 211
Box: 9, 4, 32
Box: 8, 75, 57
Box: 2, 200, 101
Box: 8, 12, 19
Box: 44, 6, 42
Box: 6, 4, 111
Box: 19, 36, 134
Box: 19, 36, 52
Box: 2, 12, 18
Box: 5, 11, 6
Box: 2, 43, 23
Box: 15, 244, 211
Box: 29, 8, 56
Box: 68, 11, 2
Box: 33, 49, 42
Box: 48, 22, 25
Box: 9, 58, 5
Box: 120, 42, 7
Box: 40, 9, 211
Box: 34, 250, 35
Box: 56, 40, 46
Box: 45, 55, 211
Box: 50, 20, 6
Box: 64, 12, 59
Box: 8, 26, 132
Box: 72, 7, 8
Box: 39, 93, 34
Box: 12, 5, 211
Box: 9, 51, 211
Box: 9, 4, 32
Box: 5, 3, 93
Box: 4, 18, 52
Box: 33, 31, 72
Box: 9, 14, 32
Box: 23, 22, 35
Box: 25, 250, 111
Box: 98, 44, 6
Box: 14, 250, 39
Box: 42, 133, 102
Box: 200, 47, 10
Box: 6, 28, 16
Box: 27, 92, 54
Box: 22, 2, 45
Box: 4, 16, 58
Box: 17, 9, 38
Box: 6, 16, 29
Box: 8, 5, 58
Box: 200, 250, 62
Box: 167, 250, 116
Box: 13, 27, 60
Box: 200, 9, 4
Box: 82, 31, 23
Box: 17, 14, 28
Box: 65, 11, 70
Box: 8, 9, 34
Box: 9, 85, 211
Box: 40, 9, 63
Box: 8, 125, 211
Box: 48, 9, 211
Box: 20, 7, 36
Box: 17, 4, 91
Box: 200, 53, 12
Box: 46, 19, 22
Box: 2, 6, 21
Box: 29, 31, 32
Box: 23, 138, 10
Box: 3, 3, 7
Box: 18, 13, 34
Box: 19, 3, 41
Box: 13, 23, 6
Box: 200, 58, 211
Box: 6, 80, 59
Box: 6, 60, 59
Box: 75, 2, 36
Box: 14, 61, 208
Box: 21, 29, 16
Box: 4, 51, 69
Box: 46, 11, 211
Box: 2, 10, 12
Box: 4, 40, 80
Box: 154, 26, 11
Box: 14, 11, 20
Box: 67, 250, 211
Box: 13, 62, 4
Box: 21, 2, 211
Box: 48, 250, 211
Box: 96, 75, 4
Box: 19, 9, 2
Box: 200, 36, 10
Box: 14, 93, 76
Box: 9, 34, 211
Box: 42, 250, 33
Box: 56, 250, 63
Box: 200, 68, 2
Box: 200, 117, 23
Box: 53, 31, 32
Box: 4, 188, 211
Box: 11, 91, 211
Box: 70, 23, 17
Box: 200, 23, 211
Box: 200, 13, 112
Box: 200, 93, 78
Box: 39, 10, 211
Box: 15, 72, 15
Box: 46, 24, 10
Box: 8, 10, 34
Box: 37, 51, 211
Box: 123, 15, 16
Box: 14, 6, 76
Box: 2, 22, 11
Box: 12, 109, 50
Box: 119, 11, 15
Box: 24, 12, 12
Box: 20, 6, 52
Box: 13, 3, 46
Box: 15, 8, 5
Box: 200, 250, 16
Box: 34, 250, 21
Box: 183, 172, 24
Box: 42, 72, 75
Box: 122, 36, 211
Box: 200, 250, 2
Box: 56, 250, 35
Box: 13, 152, 15
Box: 2, 19, 108
Box: 17, 9, 91
Box: 9, 14, 36
Box: 200, 165, 211
Box: 13, 9, 66
Box: 2, 53, 29
Box: 15, 250, 211
Box: 13, 250, 5
Box: 96, 14, 16
Box: 200, 36, 65
Box: 40, 4, 14
Box: 107, 39, 13
Box: 13, 132, 5
Box: 13, 3, 66
Box: 90, 63, 7
Box: 200, 14, 41
Box: 18, 27, 27
Box: 200, 98, 22
Box: 21, 138, 13
Box: 29, 250, 8
Box: 17, 60, 167
Box: 8, 11, 2
Box: 61, 146, 211
Box: 9, 96, 6
Box: 2, 3, 46
Box: 82, 132, 211
Box: 32, 7, 4
Box: 34, 18, 211
Box: 107, 81, 37
Box: 4, 5, 13
Box: 43, 14, 19
Box: 21, 60, 211
Box: 9, 2, 10
Box: 21, 8, 15
Box: 4, 39, 14
Box: 133, 16, 58
Box: 23, 7, 29
Box: 2, 27, 33
Box: 19, 19, 12
Box: 200, 53, 39
Box: 42, 66, 108
Box: 17, 29, 22
Box: 200, 139, 16
Box: 6, 47, 49
Box: 44, 65, 125
Box: 29, 22, 35
Box: 55, 2, 50
Box: 70, 98, 22
Box: 13, 34, 51
Box: 4, 250, 55
Box: 4, 61, 49
Box: 29, 2, 13
Box: 200, 4, 61
Box: 13, 14, 51
Box: 14, 2, 2
Box: 23, 3, 5
Box: 2, 21, 57
Box: 200, 111, 211
Box: 6, 250, 2
Box: 49, 60, 211
Box: 17, 30, 7
Box: 30, 98, 22
Box: 10, 36, 24
Box: 158, 53, 207
Box: 56, 164, 211
Box: 15, 34, 4
Box: 14, 16, 109
Box: 200, 8, 33
Box: 9, 96, 14
Box: 75, 85, 19
Box: 47, 45, 66
Box: 41, 93, 26
Box: 12, 6, 211
Box: 200, 59, 48
Box: 40, 9, 8
Box: 200, 26, 112
Box: 200, 46, 211
Box: 13, 2, 46
Box: 33, 37, 8
Box: 19, 6, 37
Box: 44, 81, 16
Box: 25, 22, 211
Box: 200, 163, 82
Box: 42, 42, 211
Box: 200, 80, 63
Box: 35, 4, 27
Box: 40, 15, 7
Box: 41, 13, 211
Box: 23, 51, 211
Box: 5, 23, 211
Box: 44, 29, 19
Box: 4, 45, 40
Box: 73, 12, 38
Box: 18, 3, 34
Box: 16, 11, 36
Box: 200, 47, 21
Box: 16, 11, 5
Box: 2, 15, 9
Box: 4, 84, 4
Box: 14, 7, 76
Box: 65, 11, 7
Box: 200, 156, 86
Box: 30, 50, 57
Box: 66, 52, 20
Box: 6, 7, 6
Box: 15, 40, 16
Box: 200, 24, 10
Box: 127, 8, 114
Box: 38, 3, 211
Box: 18, 104, 28
Box: 47, 55, 211
Box: 9, 22, 3
Box: 109, 11, 211
Box: 6, 10, 47
Box: 6, 17, 47
Box: 117, 63, 7
Box: 6, 8, 46
Box: 16, 51, 20
Box: 31, 181, 20
Box: 4, 29, 37
Box: 200, 28, 111
Box: 62, 85, 84
Box: 13, 11, 39
Box: 32, 48, 31
Box: 14, 2, 5
Box: 200, 138, 188
Box: 3, 5, 22
Box: 200, 17, 211
Box: 2, 115, 2
Box: 200, 6, 11
Box: 41, 13, 5
Box: 39, 6, 46
Box: 127, 130, 19
Box: 20, 47, 37
Box: 25, 2, 30
Box: 30, 5, 22
Box: 28, 38, 5
Box: 7, 22, 211
Box: 200, 250, 20
Box: 35, 15, 21
Box: 194, 11, 19
Box: 14, 25, 76
Box: 62, 90, 6
Box: 33, 49, 20
Box: 10, 20, 13
Box: 56, 59, 7
Box: 200, 75, 172
Box: 47, 8, 211
Box: 9, 3, 7
Box: 9, 30, 22
Box: 71, 250, 60
Box: 86, 32, 2
Box: 8, 53, 207
Box: 15, 27, 9
Box: 68, 11, 6
Box: 41, 18, 34
Box: 2, 34, 71
Box: 200, 250, 60
Box: 47, 32, 21
Box: 200, 157, 154
Box: 11, 48, 116
Box: 14, 61, 3
Box: 15, 11, 10
Box: 200, 250, 93
Box: 5, 250, 211
Box: 3, 14, 12
Box: 38, 175, 19
Box: 200, 2, 54
Box: 10, 71, 28
Box: 2, 135, 68
Box: 13, 19, 211
Box: 19, 108, 32
Box: 200, 2, 16
Box: 21, 2, 211
Box: 5, 63, 20
Box: 30, 54, 4
Box: 5, 8, 135
Box: 39, 93, 60
Box: 62, 113, 22
Box: 39, 6, 67
Box: 33, 8, 8
Box: 54, 12, 18
Box: 44, 29, 22
Box: 11, 66, 10
Box: 7, 89, 211
Box: 169, 17, 211
Box: 17, 16, 24
Box: 56, 46, 60
Box: 56, 35, 60
Box: 40, 15, 8
Box: 7, 250, 20
Box: 53, 6, 42
Box: 50, 250, 42
Box: 76, 62, 211
Box: 7, 30, 2
Box: 5, 5, 20
Box: 3, 25, 211
Box: 3, 29, 13
Box: 200, 68, 2
Box: 85, 9, 211
Box: 50, 4, 94
Box: 7, 68, 149
Box: 48, 250, 211
Box: 200, 17, 41
Box: 25, 22, 4
Box: 13, 119, 84
Box: 13, 20, 211
Box: 18, 250, 149
Box: 22, 21, 29
Box: 21, 30, 30
Box: 21, 17, 39
Box: 6, 23, 6
Box: 9, 74, 4
Box: 9, 12, 18
Box: 200, 233, 66
Box: 200, 142, 39
Box: 9, 58, 44
Box: 9, 52, 19
Box: 12, 130, 211
Box: 50, 108, 4
Box: 60, 250, 15
Box: 19, 2, 37
Box: 200, 39, 3
Box: 86, 7, 2
Box: 6, 80, 11
Box: 7, 51, 23
Box: 14, 4, 48
Box: 40, 14, 30
Box: 3, 66, 10
Box: 200, 17, 53
Box: 71, 218, 41
Box: 24, 15, 36
Box: 200, 79, 10
Box: 26, 19, 4
Box: 34, 250, 18
Box: 8, 6, 6
Box: 4, 27, 27
Box: 200, 7, 16
Box: 3, 250, 68
Box: 200, 121, 58
Box: 13, 78, 11
Box: 99, 13, 4
Box: 68, 13, 15
Box: 32, 7, 45
Box: 40, 15, 37
Box: 26, 23, 211
Box: 200, 34, 15
Box: 12, 23, 4
Box: 15, 83, 11
Box: 19, 40, 37
Box: 23, 91, 211
Box: 11, 30, 7
Box: 56, 15, 5
Box: 46, 90, 31
Box: 19, 6, 37
Box: 2, 9, 4
Box: 78, 67, 19
Box: 2, 91, 119
Box: 83, 17, 35
Box: 119, 90, 28
Box: 135, 11, 53
Box: 98, 200, 211
Box: 95, 60, 36
Box: 20, 75, 15
Box: 18, 104, 16
Box: 59, 24, 211
Box: 7, 55, 149
Box: 144, 119, 211
Box: 200, 75, 211
Box: 200, 152, 10
Box: 200, 55, 108
Box: 30, 30, 26
Box: 43, 72, 13
Box: 3, 29, 16
Box: 31, 35, 211
Box: 20, 21, 36
Box: 47, 29, 6
Box: 17, 3, 17
Box: 47, 39, 16
Box: 85, 34, 71
Box: 200, 47, 16
Box: 52, 39, 16
Box: 39, 42, 10
Box: 2, 13, 54
Box: 40, 3, 8
Box: 40, 65, 5
Box: 8, 15, 26
Box: 54, 12, 211
Box: 4, 28, 36
Box: 12, 30, 26
Box: 9, 55, 39
Box: 200, 34, 51
Box: 200, 250, 173
Box: 200, 17, 211
Box: 4, 2, 37
Box: 14, 74, 2
Box: 4, 11, 211
Box: 24, 250, 116
Box: 19, 9, 81
Box: 10, 16, 58
Box: 200, 250, 19
Box: 48, 49, 10
Box: 41, 17, 211
Box: 2, 17, 211
Box: 200, 137, 2
Box: 4, 21, 34
Box: 26, 4, 45
Box: 10, 5, 18
Box: 20, 9, 34
Box: 4, 22, 12
Box: 39, 30, 211
Box: 2, 15, 24
Box: 4, 20, 211
Box: 64, 250, 211
Box: 8, 9, 34
Box: 19, 33, 6
Box: 5, 17, 19
Box: 41, 84, 211
Box: 12, 250, 211
Box: 43, 2, 79
Box: 5, 50, 42
Box: 2, 17, 12
Box: 23, 3, 4
Box: 65, 11, 56
Box: 8, 6, 41
Box: 33, 72, 10
Box: 15, 25, 9
Box: 139, 14, 76
Box: 25, 108, 211
Box: 20, 48, 45
Box: 15, 71, 11
Box: 107, 81, 16
Box: 197, 25, 6
Box: 77, 250, 66
Box: 4, 4, 15
Box: 4, 4, 46
Box: 200, 24, 14
Box: 200, 103, 22
Box: 21, 5, 82
Box: 9, 2, 38
Box: 200, 5, 54
Box: 40, 2, 14
Box: 41, 15, 5
Box: 27, 17, 211
Box: 9, 22, 5
Box: 11, 11, 19
Box: 40, 22, 12
Box: 28, 2, 13
Box: 109, 11, 211
Box: 4, 48, 52
Box: 46, 6, 85
Box: 7, 30, 3
Box: 11, 63, 12
Box: 27, 104, 16
Box: 25, 18, 141
Box: 59, 97, 6
Box: 17, 14, 12
Box: 200, 4, 43
Box: 200, 9, 211
Box: 42, 138, 20
Box: 200, 250, 5
Box: 200, 9, 52
Box: 13, 78, 98
Box: 197, 25, 15
Box: 59, 9, 211
Box: 200, 22, 25
Box: 4, 21, 57
Box: 18, 7, 111
Box: 44, 32, 80
Box: 200, 158, 23
Box: 29, 31, 4
Box: 41, 3, 10
Box: 25, 26, 112
Box: 33, 37, 107
Box: 48, 9, 17
Box: 40, 21, 211
Box: 27, 9, 211
Box: 200, 24, 16
Box: 12, 71, 11
Box: 14, 29, 2
Box: 10, 36, 211
Box: 109, 160, 211
Box: 200, 32, 12
Box: 107, 37, 40
Box: 107, 25, 15
Box: 9, 3, 36
Box: 200, 8, 4
Box: 40, 43, 13
Box: 8, 11, 44
Box: 20, 66, 18
Box: 53, 16, 58
Box: 130, 85, 207
Box: 22, 146, 26
Box: 34, 53, 207
Box: 86, 39, 2
Box: 35, 18, 211
Box: 93, 25, 15
Box: 7, 18, 57
Box: 41, 93, 9
Box: 68, 13, 17
Box: 75, 250, 25
Box: 80, 81, 211
Box: 12, 109, 8
Box: 200, 250, 14
Box: 12, 12, 33
Box: 109, 250, 39
Box: 200, 46, 211
Box: 200, 7, 4
Box: 104, 50, 28
Box: 36, 29, 211
Box: 5, 250, 113
Box: 6, 12, 20
Box: 12, 109, 81
Box: 7, 8, 56
Box: 47, 33, 195
Box: 42, 200, 4
Box: 20, 54, 65
Box: 200, 137, 18
Box: 169, 5, 211
Box: 20, 78, 3
Box: 9, 16, 211
Box: 45, 27, 4
Box: 200, 250, 4
Box: 70, 64, 68
Box: 65, 19, 10
Box: 15, 2, 52
Box: 188, 7, 19
Box: 200, 20, 10
Box: 2, 13, 2
Box: 162, 19, 48
Box: 40, 65, 20
Box: 169, 22, 211
Box: 41, 40, 5
Box: 7, 25, 28
Box: 94, 44, 211
Box: 13, 7, 211
Box: 16, 2, 211
Box: 33, 250, 10
Box: 19, 8, 144
Box: 5, 81, 28
Box: 6, 37, 23
Box: 44, 185, 61
Box: 83, 68, 21
Box: 59, 97, 82
Box: 23, 51, 24
Box: 17, 250, 211
Box: 19, 27, 37
Box: 200, 61, 37
Box: 18, 14, 13
Box: 13, 103, 211
Box: 4, 6, 10
Box: 35, 55, 28
Box: 23, 26, 211
Box: 3, 9, 79
Box: 9, 22, 26
Box: 4, 250, 35
Box: 4, 3, 53
Box: 57, 12, 5
Box: 21, 33, 3
Box: 68, 13, 15
Box: 13, 16, 5
Box: 8, 18, 53
Box: 89, 5, 29
Box: 6, 250, 4
Box: 14, 88, 211
Box: 15, 2, 154
Box: 42, 72, 30
Box: 3, 55, 23
Box: 2, 15, 10
Box: 4, 27, 4
Box: 118, 109, 35
Box: 200, 250, 38
Box: 44, 55, 6
Box: 27, 30, 26
Box: 69, 44, 65
Box: 3, 11, 45
Box: 4, 5, 87
Box: 17, 55, 211
Box: 104, 33, 129
Box: 15, 250, 48
Box: 47, 3, 211
Box: 78, 22, 35
Box: 25, 250, 12
Box: 65, 19, 23
Box: 175, 9, 49
Box: 12, 2, 211
Box: 23, 103, 24
Box: 2, 94, 7
Box: 28, 18, 4
Box: 15, 3, 76
Box: 5, 81, 33
Box: 2, 6, 21
Box: 39, 99, 211
Box: 169, 60, 211
Box: 5, 17, 27
Box: 22, 6, 84
Box: 200, 56, 2
Box: 31, 113, 22
Box: 22, 21, 18
Box: 10, 17, 15
Box: 119, 15, 28
Box: 5, 37, 45
Box: 9, 11, 2
Box: 70, 23, 45
Box: 153, 37, 45
Box: 78, 81, 211
Box: 35, 29, 22
Box: 200, 209, 20
Box: 46, 8, 68
Box: 2, 15, 45
Box: 124, 142, 10
Box: 26, 44, 3
Box: 5, 22, 51
Box: 7, 6, 57
Box: 11, 58, 36
Box: 200, 53, 36
Box: 27, 19, 211
Box: 99, 15, 59
Box: 83, 29, 35
Box: 23, 250, 28
Box: 29, 54, 4
Box: 200, 33, 22
Box: 48, 250, 4
Box: 41, 93, 27
Box: 101, 61, 211
Box: 107, 26, 12
Box: 200, 22, 15
Box: 7, 8, 15
Box: 20, 55, 23
Box: 120, 42, 18
Box: 112, 32, 52
Box: 83, 60, 35
Box: 94, 81, 28
Box: 10, 14, 16
Box: 200, 9, 8
Box: 40, 4, 14
Box: 4, 168, 52
Box: 72, 5, 24
Box: 200, 14, 59
Box: 23, 44, 6
Box: 4, 22, 22
Box: 15, 6, 4
Box: 169, 6, 35
Box: 17, 60, 17
Box: 36, 23, 28
Box: 52, 9, 7
Box: 40, 10, 28
Box: 19, 9, 113
Box: 31, 27, 111
Box: 28, 3, 10
Box: 57, 21, 10
Box: 139, 14, 55
Box: 28, 50, 12
Box: 4, 3, 15
Box: 5, 9, 211
Box: 200, 22, 131
Box: 36, 10, 12
Box: 44, 55, 33
Box: 8, 7, 6
Box: 6, 25, 51
Box: 200, 109, 68
Box: 200, 112, 30
Box: 200, 15, 23
Box: 12, 2, 211
Box: 9, 2, 2
Box: 54, 13, 10
Box: 2, 250, 12
Box: 23, 95, 19
Box: 21, 12, 211
Box: 23, 90, 26
Box: 48, 40, 28
Box: 124, 63, 28
Box: 2, 103, 82
Box: 87, 11, 26
Box: 71, 28, 8
Box: 4, 250, 56
Box: 57, 20, 33
Box: 18, 15, 211
Box: 22, 36, 24
Box: 21, 34, 4
Box: 32, 60, 113
Box: 25, 26, 54
Box: 37, 250, 18
Box: 13, 3, 51
Box: 2, 26, 11
Box: 189, 250, 98
Box: 15, 17, 21
Box: 10, 15, 3
Box: 127, 106, 211
Box: 4, 12, 6
Box: 24, 20, 36
Box: 8, 11, 10
Box: 24, 13, 9
Box: 200, 218, 42
Box: 200, 52, 54
Box: 24, 175, 19
Box: 26, 38, 8
Box: 14, 12, 21
Box: 17, 40, 46
Box: 12, 2, 211
Box: 28, 4, 13
Box: 32, 66, 29
Box: 10, 2, 3
Box: 12, 4, 24
Box: 14, 27, 21
Box: 8, 6, 27
Box: 32, 60, 9
Box: 65, 250, 15
Box: 10, 67, 12
Box: 10, 2, 45
Box: 45, 63, 7
Box: 25, 35, 19
Box: 2, 7, 3
Box: 133, 250, 15
Box: 28, 73, 211
Box: 39, 20, 211
Box: 200, 250, 80
Box: 21, 30, 22
Box: 78, 71, 16
Box: 31, 43, 211
Box: 19, 14, 6
Box: 17, 60, 87
Box: 46, 77, 85
Box: 200, 24, 7
Box: 56, 15, 163
Box: 47, 43, 8
Box: 20, 78, 10
Box: 146, 15, 26
Box: 71, 19, 50
Box: 2, 13, 7
Box: 200, 93, 30
Box: 200, 45, 58
Box: 200, 10, 26
Box: 22, 2, 4
Box: 2, 15, 2
Box: 25, 250, 150
Box: 84, 4, 21
Box: 59, 14, 211
Box: 25, 2, 4
Box: 26, 47, 7
Box: 13, 62, 13
Box: 13, 10, 6
Box: 4, 91, 211
Box: 2, 3, 4
Box: 2, 47, 7
Box: 62, 10, 12
Box: 70, 23, 96
Box: 21, 27, 4
Box: 46, 19, 26
Box: 200, 79, 79
Box: 19, 14, 143
Box: 36, 9, 32
Box: 37, 2, 211
Box: 200, 31, 7
Box: 4, 18, 114
Box: 56, 71, 11
Box: 23, 27, 10
Box: 59, 21, 22
Box: 7, 24, 211
Box: 119, 26, 28
Box: 200, 16, 211
Box: 25, 10, 28
Box: 200, 250, 11
Box: 46, 29, 85
Box: 86, 14, 2
Box: 200, 13, 53
Box: 82, 54, 5
Box: 105, 3, 53
Box: 9, 55, 9
Box: 47, 3, 2
Box: 108, 31, 4
Box: 200, 4, 39
Box: 19, 55, 137
Box: 14, 12, 76
Box: 11, 4, 211
Box: 27, 13, 80
Box: 169, 6, 2
Box: 25, 250, 63
Box: 12, 32, 58
Box: 9, 250, 211
Box: 4, 22, 6
Box: 30, 33, 6
Box: 50, 21, 211
Box: 27, 75, 211
Box: 25, 2, 9
Box: 200, 60, 16
Box: 50, 4, 82
Box: 17, 82, 211
Box: 40, 3, 8
Box: 20, 52, 93
Box: 200, 218, 41
Box: 14, 18, 4
Box: 24, 61, 211
Box: 67, 9, 26
Box: 10, 10, 157
Box: 4, 107, 15
Box: 15, 11, 4
Box: 200, 22, 55
Box: 200, 250, 3
Box: 6, 32, 19
Box: 200, 250, 2
Box: 200, 26, 41
Box: 20, 66, 57
Box: 7, 6, 5
Box: 38, 20, 36
Box: 10, 3, 3
Box: 127, 21, 114
Box: 4, 6, 211
Box: 83, 4, 111
Box: 8, 6, 8
Box: 9, 12, 38
Box: 23, 10, 16
Box: 5, 5, 8
Box: 19, 32, 82
Box: 200, 19, 211
Box: 23, 49, 26
Box: 42, 9, 5
Box: 44, 69, 27
Box: 71, 250, 31
Box: 6, 25, 45
Box: 6, 67, 4
Box: 16, 4, 21
Box: 29, 4, 21
Box: 48, 250, 42
Box: 33, 17, 20
Box: 52, 128, 211
Box: 200, 18, 4
Box: 32, 7, 38
Box: 106, 91, 211
Box: 21, 127, 57
Box: 48, 7, 10
Box: 50, 4, 28
Box: 28, 73, 211
Box: 9, 2, 6
Box: 55, 137, 28
Box: 4, 37, 15
Box: 40, 9, 2
Box: 200, 250, 46
Box: 11, 11, 68
Box: 70, 29, 19
Box: 32, 250, 2
Box: 49, 3, 53
Box: 12, 7, 19
Box: 4, 5, 43
Box: 2, 47, 7
Box: 200, 142, 2
Box: 12, 10, 12
Box: 22, 23, 32
Box: 65, 11, 22
Box: 84, 104, 2
Box: 3, 8, 2
Box: 104, 138, 13
Box: 21, 3, 59
Box: 6, 37, 15
Box: 13, 21, 8
Box: 35, 40, 80
Box: 20, 48, 95
Box: 4, 11, 6
Box: 146, 39, 32
Box: 200, 43, 63
Box: 8, 13, 53
Box: 15, 13, 5
Box: 21, 74, 6
Box: 48, 49, 65
Box: 200, 21, 211
Box: 142, 63, 4
Box: 11, 10, 6
Box: 73, 250, 211
Box: 200, 47, 211
Box: 200, 15, 10
Box: 120, 144, 211
Box: 56, 57, 60
Box: 83, 95, 30
Box: 6, 20, 28
Box: 19, 14, 7
Box: 3, 4, 11
Box: 10, 14, 9
Box: 6, 4, 7
Box: 19, 41, 18
Box: 200, 17, 211
Box: 95, 25, 10
Box: 87, 175, 102
Box: 200, 49, 72
Box: 23, 23, 5
Box: 18, 10, 30
Box: 43, 14, 5
Box: 200, 20, 28
Box: 12, 38, 8
Box: 200, 207, 17
Box: 50, 8, 22
Box: 48, 6, 19
Box: 13, 18, 68
Box: 52, 181, 20
Box: 91, 8, 28
Box: 21, 3, 31
Box: 20, 117, 14
Box: 62, 85, 42
Box: 40, 15, 66
Box: 11, 250, 149
Box: 21, 7, 66
Box: 71, 4, 17
Box: 95, 60, 2
Box: 23, 52, 61
Box: 50, 52, 19
Box: 17, 24, 38
Box: 24, 66, 29
Box: 14, 12, 211
Box: 2, 15, 21
Box: 19, 41, 58
Box: 4, 70, 43
Box: 50, 18, 211
Box: 97, 250, 49
Box: 15, 14, 9
Box: 9, 139, 26
Box: 18, 4, 24
Box: 28, 19, 5
Box: 4, 45, 30
Box: 13, 16, 4
Box: 10, 10, 14
Box: 23, 12, 4
Box: 174, 103, 3
Box: 82, 9, 49
Box: 67, 10, 211
Box: 19, 24, 14
Box: 112, 18, 114
Box: 8, 85, 56
Box: 4, 22, 12
Box: 4, 250, 3
Box: 6, 211, 100
Box: 13, 16, 15
Box: 200, 143, 32
Box: 8, 28, 59
Box: 21, 30, 7
Box: 96, 27, 111
Box: 13, 64, 68
Box: 9, 139, 47
Box: 9, 22, 4
Box: 48, 9, 96
Box: 2, 15, 25
Box: 15, 8, 11
Box: 2, 2, 211
Box: 13, 2, 2
Box: 8, 4, 19
Box: 48, 49, 4
Box: 200, 24, 27
Box: 69, 32, 59
Box: 27, 23, 32
Box: 11, 23, 15
Box: 3, 2, 48
Box: 65, 4, 24
Box: 2, 5, 21
Box: 26, 2, 3
Box: 23, 63, 4
Box: 36, 26, 2
Box: 65, 11, 19
Box: 8, 22, 12
Box: 36, 23, 44
Box: 50, 4, 211
Box: 13, 5, 15
Box: 24, 60, 5
Box: 5, 132, 103
Box: 8, 24, 41
Box: 16, 32, 19
Box: 200, 72, 11
Box: 8, 26, 2
Box: 200, 32, 9
Box: 57, 68, 90
Box: 32, 171, 31
Box: 36, 23, 58
Box: 23, 9, 29
Box: 200, 61, 16
Box: 15, 51, 81
Box: 107, 81, 2
Box: 5, 90, 6
Box: 79, 3, 211
Box: 7, 6, 35
Box: 32, 103, 50
Box: 30, 23, 42
Box: 16, 250, 113
Box: 47, 35, 6
Box: 200, 159, 211
Box: 19, 7, 134
Box: 8, 6, 93
Box: 5, 15, 84
Box: 200, 11, 211
Box: 55, 23, 93
Box: 10, 24, 211
Box: 18, 104, 40
Box: 24, 3, 11
Box: 55, 60, 5
Box: 10, 66, 21
Box: 3, 175, 6
Box: 22, 54, 54
Box: 8, 56, 16
Box: 3, 56, 207
Box: 18, 34, 7
Box: 200, 32, 211
Box: 31, 27, 211
Box: 97, 55, 6
Box: 8, 41, 79
Box: 24, 120, 12
Box: 53, 29, 22
Box: 24, 31, 34
Box: 54, 27, 60
Box: 14, 2, 6
Box: 30, 56, 120
Box: 67, 20, 11
Box: 2, 82, 211
Box: 200, 53, 56
Box: 4, 86, 34
Box: 23, 23, 2
Box: 29, 6, 4
Box: 92, 18, 211
Box: 46, 42, 4
Box: 56, 27, 27
Box: 9, 35, 22
Box: 70, 23, 17
Box: 43, 41, 25
Box: 112, 30, 211
Box: 9, 9, 22
Box: 48, 36, 24
Box: 104, 50, 54
Box: 9, 250, 211
Box: 5, 10, 211
Box: 81, 10, 28
Box: 62, 81, 211
Box: 11, 49, 15
Box: 20, 117, 68
Box: 48, 49, 10
Box: 23, 19, 32
Box: 10, 2, 3
Box: 106, 3, 13
Box: 3, 32, 82
Box: 200, 80, 39
Box: 200, 15, 41
Box: 6, 16, 36
Box: 19, 49, 4
Box: 49, 98, 22
Box: 42, 73, 102
Box: 33, 74, 6
Box: 162, 57, 48
Box: 200, 137, 211
Box: 46, 250, 126
Box: 43, 31, 4
Box: 56, 15, 3
Box: 32, 250, 4
Box: 121, 2, 62
Box: 7, 51, 184
Box: 200, 117, 15
Box: 10, 19, 9
Box: 9, 55, 64
Box: 4, 12, 27
Box: 15, 27, 14
Box: 56, 15, 30
Box: 200, 69, 72
Box: 7, 29, 16
Box: 58, 8, 39
Box: 139, 14, 45
Box: 10, 32, 19
Box: 78, 71, 10
Box: 56, 10, 7
Box: 3, 40, 80
Box: 3, 4, 11
Box: 9, 250, 12
Box: 9, 22, 12
Box: 44, 16, 27
Box: 25, 40, 21
Box: 67, 146, 89
Box: 31, 22, 4
Box: 19, 15, 25
Box: 8, 9, 211
Box: 78, 71, 19
Box: 12, 23, 6
Box: 39, 144, 211
Box: 52, 20, 12
Box: 19, 59, 211
Box: 27, 52, 61
Box: 13, 6, 19
Box: 48, 49, 14
Box: 19, 24, 37
Box: 23, 142, 10
Box: 4, 250, 36
Box: 4, 38, 4
Box: 200, 33, 19
Box: 19, 7, 134
Box: 22, 28, 18
Box: 13, 250, 62
Box: 9, 4, 38
Box: 15, 8, 4
Box: 108, 31, 29
Box: 19, 18, 57
Box: 12, 42, 211
Box: 6, 4, 9
Box: 200, 171, 48
Box: 18, 11, 13
Box: 9, 90, 18
Box: 20, 4, 21
Box: 20, 75, 104
Box: 22, 33, 6
Box: 20, 37, 32
Box: 6, 32, 2
Box: 41, 13, 26
Box: 6, 25, 37
Box: 9, 89, 211
Box: 18, 25, 13
Box: 4, 43, 36
Box: 41, 93, 39
Box: 107, 26, 5
Box: 27, 32, 80
Box: 39, 250, 5
Box: 35, 11, 211
Box: 40, 5, 8
Box: 37, 23, 211
Box: 78, 87, 41
Box: 13, 16, 5
Box: 31, 115, 15
Box: 85, 32, 197
Box: 56, 5, 60
Box: 20, 48, 11
Box: 35, 14, 26
Box: 11, 2, 2
Box: 35, 14, 4
Box: 36, 13, 48
Box: 94, 91, 5
Box: 15, 132, 211
Box: 31, 6, 21
Box: 34, 250, 8
Box: 18, 2, 13
Box: 5, 9, 34
Box: 49, 7, 76
Box: 26, 29, 4
Box: 7, 88, 19
Box: 200, 250, 31
Box: 67, 27, 15
Box: 10, 58, 5
Box: 7, 26, 211
Box: 200, 5, 211
Box: 40, 56, 28
Box: 200, 8, 71
Box: 58, 134, 211
Box: 200, 42, 52
Box: 6, 5, 47
Box: 35, 39, 49
Box: 47, 4, 211
Box: 200, 110, 27
Box: 200, 20, 58
Box: 200, 5, 4
Box: 83, 250, 51
Box: 20, 3, 52
Box: 8, 2, 48
Box: 4, 3, 2
Box: 71, 5, 29
Box: 46, 200, 93
Box: 8, 3, 211
Box: 16, 7, 66
Box: 200, 72, 75
Box: 106, 58, 13
Box: 48, 47, 28
Box: 48, 250, 2
Box: 90, 63, 4
Box: 2, 45, 4
Box: 6, 26, 2
Box: 20, 250, 2
Box: 47, 8, 28
Box: 200, 160, 47
Box: 107, 96, 211
Box: 194, 11, 3
Box: 169, 7, 211
Box: 36, 250, 4
Box: 5, 2, 93
Box: 142, 134, 211
Box: 200, 15, 21
Box: 20, 117, 5
Box: 107, 81, 71
Box: 31, 26, 211
Box: 6, 20, 20
Box: 200, 15, 152
Box: 70, 37, 2
Box: 68, 11, 57
Box: 66, 104, 80
Box: 41, 80, 5
Box: 2, 18, 20
Box: 7, 106, 15
Box: 21, 48, 211
Box: 21, 8, 9
Box: 28, 7, 48
Box: 2, 104, 16
Box: 9, 9, 4
Box: 42, 6, 2
Box: 12, 24, 4
Box: 94, 90, 31
Box: 15, 4, 46
Box: 34, 23, 57
Box: 71, 80, 33
Box: 200, 2, 69
Box: 40, 2, 14
Box: 17, 250, 211
Box: 19, 51, 209
Box: 31, 4, 211
Box: 18, 10, 7
Box: 18, 7, 34
Box: 35, 55, 30
Box: 10, 4, 48
Box: 63, 52, 19
Box: 32, 9, 11
Box: 6, 27, 15
Box: 47, 45, 62
Box: 7, 2, 46
Box: 17, 5, 24
Box: 108, 31, 3
Box: 91, 25, 3
Box: 200, 4, 211
Box: 13, 25, 211
Box: 11, 10, 76
Box: 4, 17, 22
Box: 9, 7, 76
Box: 200, 52, 25
Box: 59, 66, 211
Box: 6, 64, 149
Box: 7, 2, 4
Box: 4, 2, 37
Box: 6, 16, 19
Box: 124, 25, 28
Box: 8, 10, 6
Box: 7, 34, 4
Box: 13, 250, 42
Box: 25, 250, 3
Box: 9, 74, 6
Box: 11, 33, 6
Box: 38, 22, 211
Box: 5, 2, 3
Box: 71, 250, 115
Box: 62, 250, 211
Box: 95, 60, 22
Box: 40, 9, 78
Box: 40, 19, 65
Box: 12, 20, 51
Box: 200, 250, 76
Box: 13, 18, 40
Box: 5, 250, 98
Box: 48, 5, 22
Box: 13, 44, 203
Box: 16, 13, 58
Box: 9, 39, 168
Box: 11, 10, 34
Box: 3, 9, 211
####################
#Expected Output: 94
#Number of Bins: 94.
