Bin: 240, 109, 123
Box: 17, 17, 30
Box: 4, 25, 117
Box: 13, 11, 30
Box: 78, 15, 15
Box: 4, 9, 3
Box: 4, 109, 7
Box: 86, 26, 8
Box: 19, 12, 32
Box: 11, 7, 28
Box: 90, 25, 123
Box: 19, 18, 33
Box: 17, 39, 25
Box: 87, 109, 3
Box: 40, 41, 43
Box: 4, 2, 29
Box: 25, 31, 40
Box: 7, 8, 81
Box: 51, 40, 7
Box: 8, 6, 42
Box: 2, 28, 34
Box: 4, 109, 15
Box: 51, 40, 9
Box: 21, 3, 11
Box: 12, 15, 123
Box: 123, 29, 5
Box: 7, 31, 16
Box: 77, 7, 39
Box: 6, 109, 15
Box: 4, 18, 10
Box: 9, 3, 123
Box: 9, 109, 8
Box: 9, 22, 123
Box: 46, 6, 5
Box: 7, 24, 5
Box: 4, 3, 2
Box: 8, 11, 54
Box: 19, 109, 3
Box: 84, 2, 123
Box: 114, 2, 37
Box: 32, 60, 123
Box: 14, 4, 13
Box: 8, 19, 123
Box: 19, 10, 10
Box: 3, 15, 6
Box: 34, 13, 12
Box: 8, 2, 12
Box: 233, 13, 22
Box: 89, 2, 14
Box: 41, 13, 123
Box: 7, 30, 123
Box: 98, 3, 25
Box: 15, 15, 27
Box: 18, 16, 17
Box: 28, 13, 23
Box: 16, 12, 72
Box: 13, 11, 15
Box: 240, 22, 123
Box: 32, 2, 6
Box: 37, 107, 2
Box: 27, 22, 26
Box: 49, 17, 6
Box: 25, 22, 40
Box: 2, 8, 21
Box: 23, 84, 15
Box: 9, 2, 20
Box: 17, 35, 10
Box: 49, 44, 7
Box: 4, 3, 10
Box: 31, 109, 25
Box: 14, 2, 2
Box: 54, 9, 123
Box: 98, 109, 123
Box: 240, 4, 14
Box: 35, 8, 9
Box: 81, 39, 13
Box: 4, 109, 25
Box: 114, 26, 123
Box: 14, 11, 123
Box: 19, 28, 6
Box: 13, 18, 123
Box: 91, 4, 5
Box: 37, 109, 7
Box: 133, 109, 6
Box: 20, 109, 23
Box: 5, 5, 16
Box: 240, 20, 3
Box: 19, 109, 38
Box: 4, 109, 3
Box: 4, 7, 21
Box: 15, 109, 66
Box: 45, 2, 3
Box: 13, 18, 4
Box: 3, 25, 79
Box: 9, 16, 58
Box: 14, 6, 13
Box: 42, 3, 24
Box: 28, 11, 77
Box: 233, 109, 6
Box: 46, 11, 3
Box: 55, 109, 123
Box: 3, 9, 7
Box: 9, 18, 65
Box: 11, 109, 21
Box: 21, 15, 10
Box: 20, 109, 7
Box: 43, 18, 12
Box: 2, 4, 26
Box: 5, 20, 9
Box: 32, 45, 29
Box: 9, 11, 16
Box: 25, 109, 4
Box: 58, 37, 123
Box: 25, 109, 63
Box: 96, 109, 123
Box: 141, 43, 24
Box: 28, 14, 10
Box: 3, 14, 33
Box: 18, 109, 3
Box: 7, 14, 29
Box: 46, 38, 56
Box: 14, 109, 108
Box: 9, 11, 17
Box: 2, 5, 5
Box: 4, 109, 38
Box: 31, 80, 25
Box: 66, 109, 2
Box: 9, 109, 14
Box: 37, 5, 73
Box: 123, 29, 4
Box: 6, 8, 21
Box: 31, 12, 123
Box: 233, 28, 22
Box: 25, 3, 123
Box: 4, 3, 7
Box: 47, 18, 32
Box: 19, 17, 30
Box: 4, 10, 123
Box: 16, 109, 31
Box: 6, 31, 123
Box: 11, 7, 123
Box: 5, 20, 29
Box: 240, 52, 10
Box: 9, 2, 37
Box: 10, 109, 37
Box: 8, 109, 25
Box: 9, 13, 23
Box: 5, 4, 5
Box: 7, 6, 23
Box: 9, 26, 24
Box: 42, 6, 34
Box: 3, 6, 52
Box: 240, 109, 11
Box: 3, 43, 6
Box: 8, 16, 123
Box: 5, 3, 106
Box: 14, 5, 63
Box: 18, 9, 8
Box: 20, 9, 25
Box: 78, 109, 47
Box: 44, 109, 29
Box: 240, 109, 40
Box: 54, 9, 16
Box: 103, 84, 13
Box: 2, 2, 10
Box: 24, 34, 6
Box: 36, 109, 30
Box: 102, 109, 113
Box: 45, 18, 4
Box: 5, 15, 33
Box: 7, 21, 27
Box: 11, 45, 79
Box: 47, 2, 123
Box: 36, 11, 77
Box: 8, 27, 123
Box: 3, 109, 5
Box: 5, 15, 123
Box: 8, 2, 16
Box: 17, 9, 2
Box: 6, 35, 13
Box: 37, 14, 33
Box: 2, 66, 2
Box: 51, 3, 65
Box: 18, 11, 91
Box: 25, 57, 45
Box: 67, 60, 123
Box: 25, 5, 123
Box: 25, 12, 13
Box: 13, 30, 97
Box: 7, 14, 8
Box: 9, 19, 4
Box: 9, 109, 24
Box: 170, 9, 123
Box: 31, 16, 14
Box: 10, 2, 3
Box: 24, 109, 81
Box: 16, 9, 17
Box: 97, 28, 58
Box: 122, 22, 26
Box: 13, 109, 12
Box: 6, 3, 2
Box: 9, 109, 27
Box: 3, 29, 26
Box: 86, 26, 8
Box: 35, 7, 123
Box: 6, 109, 9
Box: 9, 8, 17
Box: 13, 109, 28
Box: 36, 17, 5
Box: 15, 30, 123
Box: 32, 109, 27
Box: 60, 39, 11
Box: 60, 43, 14
Box: 9, 5, 34
Box: 10, 7, 39
Box: 7, 109, 2
Box: 84, 11, 123
Box: 6, 17, 16
Box: 5, 26, 23
Box: 23, 26, 32
Box: 106, 109, 36
Box: 70, 109, 3
Box: 14, 26, 79
Box: 4, 18, 3
Box: 54, 8, 2
Box: 10, 109, 4
Box: 9, 109, 19
Box: 41, 43, 14
Box: 186, 16, 14
Box: 37, 109, 41
Box: 18, 11, 22
Box: 78, 109, 34
Box: 2, 17, 123
Box: 6, 3, 16
Box: 5, 4, 10
Box: 16, 7, 123
Box: 37, 19, 2
Box: 67, 97, 8
Box: 16, 38, 24
Box: 4, 7, 56
Box: 28, 35, 10
Box: 28, 7, 10
Box: 7, 3, 66
Box: 26, 6, 25
Box: 46, 109, 121
Box: 81, 6, 32
Box: 53, 9, 34
Box: 21, 3, 102
Box: 15, 109, 55
Box: 2, 53, 123
Box: 13, 15, 72
Box: 46, 14, 14
Box: 13, 29, 47
Box: 5, 22, 31
Box: 17, 9, 93
Box: 87, 72, 10
Box: 118, 25, 123
Box: 23, 12, 6
Box: 70, 6, 36
Box: 35, 54, 36
Box: 28, 11, 17
Box: 18, 5, 6
Box: 240, 31, 123
Box: 25, 15, 10
Box: 3, 6, 9
Box: 30, 17, 123
Box: 20, 15, 4
Box: 72, 28, 123
Box: 52, 100, 7
Box: 2, 18, 65
Box: 4, 109, 9
Box: 42, 18, 54
Box: 133, 63, 49
Box: 27, 3, 33
Box: 33, 39, 3
Box: 15, 29, 7
Box: 8, 18, 13
Box: 6, 109, 123
Box: 21, 17, 123
Box: 20, 43, 20
Box: 9, 11, 65
Box: 8, 6, 19
Box: 240, 25, 4
Box: 5, 60, 13
Box: 3, 44, 62
Box: 5, 18, 40
Box: 6, 25, 123
Box: 46, 13, 123
Box: 75, 39, 20
Box: 6, 5, 16
Box: 75, 2, 123
Box: 49, 17, 89
Box: 93, 26, 123
Box: 3, 8, 4
Box: 5, 31, 16
Box: 20, 109, 13
Box: 20, 53, 23
Box: 5, 60, 57
Box: 4, 20, 123
Box: 11, 6, 5
Box: 7, 13, 23
Box: 85, 109, 11
Box: 12, 5, 9
Box: 16, 94, 18
Box: 75, 109, 2
Box: 24, 5, 2
Box: 12, 14, 16
Box: 5, 109, 14
Box: 58, 48, 123
Box: 28, 3, 7
Box: 3, 15, 7
Box: 13, 51, 37
Box: 23, 109, 123
Box: 5, 2, 6
Box: 21, 23, 123
Box: 27, 31, 16
Box: 25, 109, 9
Box: 240, 5, 54
Box: 15, 7, 28
Box: 16, 31, 6
Box: 6, 109, 103
Box: 31, 8, 7
Box: 44, 31, 6
Box: 233, 109, 54
Box: 11, 19, 123
Box: 7, 104, 15
Box: 8, 20, 12
Box: 10, 109, 2
Box: 3, 79, 123
Box: 37, 16, 123
Box: 45, 49, 4
Box: 15, 8, 15
Box: 5, 5, 118
Box: 79, 54, 44
Box: 7, 9, 16
Box: 53, 109, 10
Box: 30, 18, 123
Box: 47, 9, 3
Box: 240, 9, 17
Box: 11, 109, 24
Box: 2, 6, 10
Box: 10, 7, 28
Box: 17, 26, 3
Box: 13, 22, 4
Box: 14, 25, 10
Box: 25, 109, 123
Box: 25, 9, 11
Box: 240, 109, 26
Box: 37, 11, 2
Box: 4, 13, 14
Box: 48, 17, 123
Box: 123, 109, 93
Box: 57, 39, 8
Box: 2, 7, 10
Box: 123, 29, 8
Box: 54, 65, 27
Box: 62, 109, 65
Box: 43, 109, 26
Box: 8, 109, 5
Box: 24, 10, 8
Box: 22, 41, 25
Box: 13, 109, 3
Box: 6, 10, 27
Box: 79, 18, 123
Box: 8, 7, 19
Box: 16, 2, 35
Box: 11, 14, 10
Box: 4, 9, 17
Box: 90, 109, 123
Box: 87, 13, 4
Box: 47, 20, 32
Box: 8, 9, 24
Box: 6, 23, 39
Box: 4, 10, 2
Box: 7, 109, 9
Box: 7, 2, 65
Box: 32, 23, 6
Box: 34, 80, 25
Box: 33, 24, 2
Box: 25, 37, 123
Box: 40, 41, 17
Box: 9, 8, 21
Box: 8, 15, 4
Box: 11, 37, 3
Box: 9, 4, 123
Box: 72, 2, 123
Box: 6, 81, 18
Box: 106, 19, 59
Box: 6, 13, 12
Box: 8, 28, 37
Box: 28, 51, 77
Box: 2, 109, 40
Box: 3, 109, 44
Box: 41, 83, 75
Box: 55, 14, 9
Box: 40, 18, 5
Box: 8, 46, 123
Box: 123, 29, 14
Box: 20, 2, 65
Box: 70, 4, 123
Box: 31, 10, 34
Box: 12, 16, 7
Box: 37, 81, 20
Box: 8, 16, 123
Box: 240, 109, 27
Box: 6, 5, 26
Box: 15, 10, 27
Box: 11, 109, 88
Box: 85, 5, 3
Box: 37, 10, 2
Box: 11, 109, 56
Box: 40, 12, 2
Box: 6, 26, 23
Box: 4, 9, 95
Box: 82, 109, 33
Box: 17, 15, 2
Box: 39, 109, 123
Box: 2, 109, 45
Box: 102, 20, 4
Box: 4, 28, 20
Box: 14, 32, 8
Box: 19, 109, 2
Box: 7, 22, 123
Box: 7, 14, 2
Box: 133, 52, 123
Box: 108, 109, 38
Box: 18, 109, 6
Box: 4, 18, 15
Box: 73, 13, 57
Box: 27, 30, 48
Box: 18, 4, 31
Box: 240, 8, 17
Box: 15, 109, 32
Box: 9, 12, 4
Box: 2, 23, 2
Box: 14, 47, 34
Box: 69, 22, 123
Box: 2, 20, 82
Box: 85, 109, 30
Box: 27, 15, 15
Box: 19, 109, 123
Box: 126, 15, 123
Box: 180, 109, 10
Box: 3, 3, 5
Box: 120, 26, 123
Box: 27, 109, 20
Box: 29, 19, 29
Box: 7, 9, 39
Box: 6, 8, 5
Box: 12, 33, 6
Box: 19, 25, 7
Box: 31, 104, 123
Box: 21, 3, 18
Box: 11, 38, 4
Box: 2, 109, 22
Box: 25, 14, 95
Box: 46, 3, 123
Box: 46, 41, 63
Box: 18, 55, 18
Box: 9, 14, 38
Box: 17, 2, 123
Box: 25, 3, 13
Box: 47, 9, 5
Box: 4, 3, 21
Box: 4, 109, 9
Box: 123, 109, 14
Box: 2, 35, 11
Box: 7, 109, 2
Box: 13, 14, 33
Box: 38, 109, 123
Box: 62, 10, 8
Box: 47, 29, 123
Box: 240, 20, 3
Box: 28, 3, 35
Box: 8, 2, 3
Box: 4, 30, 7
Box: 28, 17, 32
Box: 13, 28, 50
Box: 46, 24, 29
Box: 4, 109, 8
Box: 37, 6, 18
Box: 4, 13, 3
Box: 98, 30, 123
Box: 23, 109, 7
Box: 78, 14, 10
Box: 23, 22, 13
Box: 240, 65, 67
Box: 27, 109, 67
Box: 9, 109, 4
Box: 103, 109, 17
Box: 76, 35, 62
Box: 31, 20, 4
Box: 91, 18, 10
Box: 33, 37, 2
Box: 33, 59, 5
Box: 16, 23, 2
Box: 240, 54, 19
Box: 74, 109, 45
Box: 14, 25, 44
Box: 9, 9, 10
Box: 54, 9, 94
Box: 3, 109, 14
Box: 153, 3, 24
Box: 110, 109, 7
Box: 6, 3, 20
Box: 53, 58, 34
Box: 15, 6, 9
Box: 16, 31, 5
Box: 24, 9, 8
Box: 9, 109, 32
Box: 26, 29, 2
Box: 13, 39, 123
Box: 4, 28, 64
Box: 24, 109, 123
Box: 120, 22, 123
Box: 3, 4, 5
Box: 3, 109, 35
Box: 41, 2, 56
Box: 5, 4, 12
Box: 4, 23, 5
Box: 31, 24, 32
Box: 4, 30, 123
Box: 23, 38, 4
Box: 17, 18, 13
Box: 7, 19, 21
Box: 17, 54, 20
Box: 4, 54, 20
Box: 3, 35, 13
Box: 86, 26, 7
Box: 28, 17, 26
Box: 70, 109, 123
Box: 8, 3, 32
Box: 5, 61, 118
Box: 56, 57, 52
Box: 8, 2, 4
Box: 8, 109, 13
Box: 27, 4, 62
Box: 26, 47, 18
Box: 41, 109, 30
Box: 2, 18, 27
Box: 80, 109, 13
Box: 20, 13, 8
Box: 28, 17, 17
Box: 7, 28, 123
Box: 36, 109, 9
Box: 6, 36, 25
Box: 6, 35, 10
Box: 14, 109, 17
Box: 2, 13, 25
Box: 53, 109, 28
Box: 3, 15, 14
Box: 13, 6, 77
Box: 3, 109, 16
Box: 8, 16, 54
Box: 7, 2, 123
Box: 46, 109, 9
Box: 9, 12, 25
Box: 8, 3, 9
Box: 30, 33, 123
Box: 46, 24, 5
Box: 9, 3, 7
Box: 16, 22, 10
Box: 17, 27, 12
Box: 33, 24, 10
Box: 2, 2, 10
Box: 10, 10, 10
Box: 3, 109, 2
Box: 74, 80, 85
Box: 95, 109, 35
Box: 11, 20, 4
Box: 4, 9, 41
Box: 7, 9, 17
Box: 6, 3, 3
Box: 76, 9, 2
Box: 111, 109, 17
Box: 16, 109, 123
Box: 9, 93, 3
Box: 240, 58, 123
Box: 33, 109, 34
Box: 4, 17, 14
Box: 6, 11, 26
Box: 3, 18, 65
Box: 5, 109, 29
Box: 17, 48, 19
Box: 12, 23, 123
Box: 7, 21, 22
Box: 9, 4, 7
Box: 14, 43, 11
Box: 4, 7, 21
Box: 37, 10, 10
Box: 41, 5, 123
Box: 5, 8, 2
Box: 10, 2, 2
Box: 9, 6, 6
Box: 101, 16, 6
Box: 63, 2, 2
Box: 240, 22, 45
Box: 11, 11, 10
Box: 85, 109, 2
Box: 240, 45, 5
Box: 8, 73, 35
Box: 5, 30, 28
Box: 7, 3, 57
Box: 16, 6, 10
Box: 3, 60, 8
Box: 3, 109, 123
Box: 20, 4, 9
Box: 42, 3, 26
Box: 73, 14, 6
Box: 16, 9, 24
Box: 28, 2, 17
Box: 2, 3, 16
Box: 29, 65, 56
Box: 4, 13, 6
Box: 240, 50, 7
Box: 9, 2, 7
Box: 39, 109, 47
Box: 4, 41, 21
Box: 13, 18, 2
Box: 26, 29, 88
Box: 240, 109, 61
Box: 70, 7, 123
Box: 25, 9, 7
Box: 11, 2, 5
Box: 85, 109, 10
Box: 41, 109, 2
Box: 240, 40, 14
Box: 18, 25, 26
Box: 4, 109, 123
Box: 6, 17, 28
Box: 6, 43, 17
Box: 3, 14, 30
Box: 5, 109, 123
Box: 13, 11, 10
Box: 28, 17, 7
Box: 3, 3, 16
Box: 7, 9, 44
Box: 20, 7, 16
Box: 25, 9, 11
Box: 100, 44, 57
Box: 3, 30, 123
Box: 9, 15, 24
Box: 5, 20, 6
Box: 49, 62, 33
Box: 240, 25, 2
Box: 46, 6, 12
Box: 7, 15, 50
Box: 28, 20, 43
Box: 7, 25, 62
Box: 24, 5, 2
Box: 6, 24, 22
Box: 103, 11, 3
Box: 13, 13, 37
Box: 23, 65, 56
Box: 5, 6, 106
Box: 18, 37, 28
Box: 27, 24, 15
Box: 2, 109, 38
Box: 31, 29, 123
Box: 64, 18, 123
Box: 2, 6, 10
Box: 240, 5, 56
Box: 126, 23, 123
Box: 25, 38, 21
Box: 58, 9, 25
Box: 16, 34, 14
Box: 14, 4, 5
Box: 41, 9, 123
Box: 2, 8, 21
Box: 114, 11, 123
Box: 32, 109, 21
Box: 64, 35, 123
Box: 13, 11, 50
Box: 43, 18, 56
Box: 53, 5, 6
Box: 127, 30, 123
Box: 240, 10, 3
Box: 49, 109, 123
Box: 33, 26, 9
Box: 56, 68, 37
Box: 8, 14, 15
Box: 96, 56, 123
Box: 22, 2, 34
Box: 71, 33, 71
Box: 28, 3, 12
Box: 15, 36, 123
Box: 53, 47, 93
Box: 68, 109, 16
Box: 3, 10, 10
Box: 49, 18, 7
Box: 240, 109, 3
Box: 35, 52, 9
Box: 16, 73, 15
Box: 2, 11, 5
Box: 14, 109, 15
Box: 62, 10, 3
Box: 77, 14, 123
Box: 2, 109, 38
Box: 16, 109, 14
Box: 25, 20, 46
Box: 34, 20, 44
Box: 17, 2, 30
Box: 240, 46, 40
Box: 33, 29, 59
Box: 28, 2, 35
Box: 52, 17, 123
Box: 240, 49, 123
Box: 85, 2, 4
Box: 9, 31, 7
Box: 75, 28, 123
Box: 70, 11, 63
Box: 51, 47, 11
Box: 89, 109, 5
Box: 25, 14, 6
Box: 13, 6, 2
Box: 22, 17, 2
Box: 58, 17, 123
Box: 3, 4, 21
Box: 24, 6, 8
Box: 65, 109, 2
Box: 4, 4, 2
Box: 2, 3, 49
Box: 45, 23, 4
Box: 128, 109, 123
Box: 19, 11, 14
Box: 240, 109, 23
Box: 10, 32, 4
Box: 9, 11, 6
Box: 33, 109, 123
Box: 23, 37, 123
Box: 63, 25, 2
Box: 141, 43, 99
Box: 3, 3, 3
Box: 35, 10, 9
Box: 7, 3, 10
Box: 240, 5, 123
Box: 15, 2, 95
Box: 4, 73, 54
Box: 13, 51, 65
Box: 11, 65, 123
Box: 8, 11, 9
Box: 137, 8, 28
Box: 56, 7, 25
Box: 32, 109, 73
Box: 45, 11, 3
Box: 34, 3, 17
Box: 4, 25, 7
Box: 110, 5, 20
Box: 9, 83, 38
Box: 20, 9, 2
Box: 44, 56, 18
Box: 15, 14, 36
Box: 15, 109, 15
Box: 4, 22, 7
Box: 17, 43, 18
Box: 7, 18, 8
Box: 7, 30, 3
Box: 118, 48, 123
Box: 240, 13, 14
Box: 26, 109, 3
Box: 12, 12, 123
Box: 3, 6, 17
Box: 33, 109, 21
Box: 30, 109, 2
Box: 34, 8, 25
Box: 37, 109, 8
Box: 51, 109, 123
Box: 16, 106, 123
Box: 20, 109, 2
Box: 240, 109, 90
Box: 44, 7, 6
Box: 175, 13, 48
Box: 31, 22, 14
Box: 6, 5, 2
Box: 27, 6, 17
Box: 75, 2, 77
Box: 19, 10, 20
Box: 70, 44, 98
Box: 44, 2, 6
Box: 18, 13, 8
Box: 78, 29, 6
Box: 97, 12, 4
Box: 240, 3, 7
Box: 7, 104, 5
Box: 70, 26, 28
Box: 4, 24, 28
Box: 5, 109, 28
Box: 7, 9, 6
Box: 9, 15, 123
Box: 31, 6, 14
Box: 2, 109, 48
Box: 6, 11, 123
Box: 19, 109, 34
Box: 8, 18, 57
Box: 233, 109, 14
Box: 78, 29, 3
Box: 100, 107, 8
Box: 47, 6, 19
Box: 74, 80, 18
Box: 52, 109, 6
Box: 34, 2, 25
Box: 45, 8, 3
Box: 7, 15, 57
Box: 16, 33, 2
Box: 8, 18, 7
Box: 4, 68, 31
Box: 122, 6, 17
Box: 22, 23, 14
Box: 20, 4, 62
Box: 74, 109, 123
Box: 18, 7, 39
Box: 28, 20, 6
Box: 44, 9, 16
Box: 240, 26, 11
Box: 63, 21, 2
Box: 5, 11, 31
Box: 4, 11, 7
Box: 46, 14, 31
Box: 19, 19, 21
Box: 106, 20, 15
Box: 13, 2, 15
Box: 28, 13, 17
Box: 22, 109, 40
Box: 21, 42, 5
Box: 5, 2, 123
Box: 23, 23, 2
Box: 4, 8, 17
Box: 31, 7, 123
Box: 110, 109, 32
Box: 6, 19, 123
Box: 67, 59, 69
Box: 5, 109, 90
Box: 14, 109, 22
Box: 4, 2, 6
Box: 18, 109, 10
Box: 24, 30, 123
Box: 5, 30, 2
Box: 19, 43, 18
Box: 6, 11, 13
Box: 42, 28, 2
Box: 240, 109, 36
Box: 10, 5, 11
Box: 10, 109, 2
Box: 8, 18, 20
Box: 68, 18, 2
Box: 41, 83, 16
Box: 240, 4, 54
Box: 20, 109, 19
Box: 2, 12, 34
Box: 9, 3, 15
Box: 19, 2, 2
Box: 18, 30, 17
Box: 19, 4, 5
Box: 19, 28, 123
Box: 15, 8, 7
Box: 3, 109, 19
Box: 6, 15, 44
Box: 23, 46, 11
Box: 40, 10, 123
Box: 17, 9, 24
Box: 118, 11, 59
Box: 95, 5, 3
Box: 4, 12, 48
Box: 5, 18, 65
Box: 5, 7, 10
Box: 16, 109, 123
Box: 91, 52, 16
Box: 23, 16, 6
Box: 2, 52, 8
Box: 76, 12, 8
Box: 38, 10, 6
Box: 7, 15, 2
Box: 3, 3, 10
Box: 3, 43, 6
Box: 5, 2, 123
Box: 45, 45, 5
Box: 6, 23, 10
Box: 17, 61, 9
Box: 62, 28, 14
Box: 5, 4, 12
Box: 240, 37, 6
Box: 47, 26, 5
Box: 14, 2, 18
Box: 73, 65, 56
Box: 6, 4, 49
Box: 7, 6, 16
Box: 2, 6, 15
Box: 75, 12, 77
Box: 11, 11, 5
Box: 12, 14, 9
Box: 85, 18, 54
Box: 17, 61, 16
Box: 42, 3, 2
Box: 44, 29, 39
Box: 78, 34, 10
Box: 94, 109, 13
Box: 77, 109, 24
Box: 111, 16, 69
Box: 45, 5, 3
Box: 16, 4, 6
Box: 2, 89, 123
Box: 72, 55, 10
Box: 9, 21, 123
Box: 29, 11, 29
Box: 71, 11, 123
Box: 20, 10, 2
Box: 9, 109, 4
Box: 6, 2, 123
Box: 12, 19, 123
Box: 40, 17, 5
Box: 25, 20, 10
Box: 16, 2, 10
Box: 6, 11, 16
Box: 2, 28, 6
Box: 10, 2, 12
Box: 8, 109, 66
Box: 55, 3, 37
Box: 15, 10, 20
Box: 8, 60, 123
Box: 44, 109, 21
Box: 10, 14, 6
Box: 29, 5, 29
Box: 106, 17, 59
Box: 2, 18, 15
Box: 2, 3, 10
Box: 11, 4, 26
Box: 7, 22, 24
Box: 32, 15, 5
Box: 7, 24, 5
Box: 39, 109, 76
Box: 20, 31, 9
Box: 52, 109, 21
Box: 6, 101, 21
Box: 2, 18, 5
Box: 4, 20, 29
Box: 81, 5, 13
Box: 21, 17, 10
Box: 7, 25, 58
Box: 78, 41, 8
Box: 9, 6, 3
Box: 32, 45, 55
Box: 24, 21, 8
Box: 18, 6, 17
Box: 72, 2, 71
Box: 2, 2, 6
Box: 25, 18, 45
Box: 167, 35, 57
Box: 7, 104, 63
Box: 9, 4, 12
Box: 54, 4, 13
Box: 30, 57, 123
Box: 15, 9, 19
Box: 4, 3, 24
Box: 27, 109, 4
Box: 67, 59, 15
Box: 20, 7, 58
Box: 23, 9, 6
Box: 4, 8, 21
Box: 26, 14, 6
Box: 17, 109, 123
Box: 2, 2, 6
Box: 42, 18, 10
Box: 26, 10, 4
Box: 62, 10, 26
Box: 52, 109, 123
Box: 7, 109, 119
Box: 6, 48, 70
Box: 5, 109, 123
Box: 6, 2, 60
Box: 4, 2, 16
Box: 8, 109, 35
Box: 40, 7, 10
Box: 3, 109, 123
Box: 13, 51, 11
Box: 5, 34, 6
Box: 4, 9, 22
Box: 31, 24, 14
Box: 3, 23, 5
Box: 5, 36, 36
Box: 2, 2, 11
Box: 7, 109, 19
Box: 25, 5, 123
Box: 4, 14, 30
Box: 44, 109, 123
Box: 48, 5, 123
Box: 31, 22, 35
Box: 8, 33, 45
Box: 33, 11, 5
Box: 33, 109, 24
Box: 6, 14, 25
Box: 25, 17, 13
Box: 16, 109, 37
Box: 4, 3, 10
Box: 3, 15, 72
Box: 3, 8, 14
Box: 4, 28, 7
Box: 6, 53, 25
Box: 6, 91, 6
Box: 16, 3, 6
Box: 9, 109, 71
Box: 11, 3, 21
Box: 25, 7, 18
Box: 134, 109, 17
Box: 3, 2, 123
Box: 68, 109, 14
Box: 31, 8, 19
Box: 21, 27, 123
Box: 33, 3, 59
Box: 30, 53, 4
Box: 14, 109, 6
Box: 5, 20, 39
Box: 130, 36, 31
Box: 130, 36, 43
Box: 4, 2, 10
Box: 2, 2, 37
Box: 30, 24, 123
Box: 25, 107, 14
Box: 47, 9, 2
Box: 7, 109, 34
Box: 13, 58, 123
Box: 124, 63, 8
Box: 24, 23, 2
Box: 25, 109, 30
Box: 2, 3, 21
Box: 7, 9, 27
Box: 23, 11, 17
Box: 6, 2, 16
Box: 47, 9, 12
Box: 155, 109, 10
Box: 71, 11, 123
Box: 9, 14, 33
Box: 35, 4, 6
Box: 9, 3, 30
Box: 12, 25, 14
Box: 97, 6, 78
Box: 8, 109, 9
Box: 28, 73, 17
Box: 9, 109, 14
Box: 17, 48, 44
Box: 33, 7, 2
Box: 4, 6, 7
Box: 141, 22, 123
Box: 2, 6, 9
Box: 56, 57, 55
Box: 22, 3, 14
Box: 21, 3, 94
Box: 44, 3, 16
Box: 2, 3, 10
Box: 27, 30, 16
Box: 8, 12, 123
Box: 91, 63, 18
Box: 28, 3, 46
Box: 8, 35, 19
Box: 46, 4, 63
Box: 10, 3, 34
Box: 16, 5, 2
Box: 121, 2, 123
Box: 4, 4, 5
Box: 34, 109, 5
Box: 12, 20, 37
Box: 12, 53, 23
Box: 42, 2, 123
Box: 32, 11, 123
Box: 18, 104, 123
Box: 70, 4, 28
Box: 81, 69, 123
Box: 42, 2, 2
Box: 58, 30, 65
Box: 8, 12, 32
Box: 7, 15, 3
Box: 37, 4, 28
Box: 88, 22, 57
Box: 118, 11, 9
Box: 16, 109, 123
Box: 6, 2, 12
Box: 32, 36, 123
Box: 59, 109, 26
Box: 5, 12, 13
Box: 4, 13, 26
Box: 29, 19, 7
Box: 75, 109, 19
Box: 30, 5, 123
Box: 10, 7, 4
Box: 78, 109, 4
Box: 39, 109, 2
Box: 7, 2, 13
Box: 7, 9, 10
Box: 2, 12, 2
Box: 51, 13, 123
Box: 5, 6, 9
Box: 12, 5, 123
Box: 91, 4, 4
Box: 63, 109, 123
Box: 9, 109, 2
Box: 101, 6, 6
Box: 7, 14, 16
Box: 240, 29, 9
Box: 51, 15, 123
Box: 78, 7, 8
Box: 26, 22, 10
Box: 11, 17, 10
Box: 7, 2, 37
Box: 6, 2, 10
Box: 6, 6, 19
Box: 154, 109, 15
Box: 84, 2, 32
Box: 78, 5, 8
Box: 38, 10, 30
Box: 10, 43, 17
Box: 22, 109, 121
Box: 2, 7, 4
Box: 15, 10, 29
Box: 42, 3, 10
Box: 71, 25, 71
Box: 11, 13, 5
Box: 9, 29, 4
Box: 27, 41, 123
Box: 6, 15, 2
Box: 9, 22, 24
Box: 20, 2, 123
Box: 33, 39, 16
Box: 3, 109, 27
Box: 4, 9, 123
Box: 4, 2, 56
Box: 68, 7, 3
Box: 55, 3, 32
Box: 3, 30, 123
Box: 77, 30, 15
Box: 10, 25, 29
Box: 43, 18, 26
Box: 138, 109, 26
Box: 45, 109, 17
Box: 240, 4, 46
Box: 8, 10, 6
Box: 8, 5, 6
Box: 118, 11, 5
Box: 37, 21, 33
Box: 64, 31, 16
Box: 33, 25, 3
Box: 97, 25, 12
Box: 4, 3, 10
Box: 4, 3, 10
Box: 96, 63, 18
Box: 3, 18, 8
Box: 106, 26, 123
Box: 240, 4, 25
Box: 127, 62, 38
Box: 22, 20, 14
Box: 9, 9, 123
Box: 8, 30, 16
Box: 14, 47, 3
Box: 19, 12, 2
Box: 5, 6, 2
Box: 15, 4, 6
Box: 4, 16, 19
Box: 240, 3, 5
Box: 6, 89, 16
Box: 11, 91, 6
Box: 14, 5, 5
Box: 240, 3, 26
Box: 8, 24, 5
Box: 12, 14, 13
Box: 16, 3, 6
Box: 10, 109, 13
Box: 55, 109, 123
Box: 40, 18, 50
Box: 99, 20, 25
Box: 71, 26, 71
Box: 58, 9, 21
Box: 125, 6, 123
Box: 6, 2, 17
Box: 9, 31, 26
Box: 18, 109, 3
Box: 30, 2, 7
Box: 26, 10, 8
Box: 51, 11, 38
Box: 44, 15, 6
Box: 24, 4, 123
Box: 240, 25, 38
Box: 11, 6, 123
Box: 2, 22, 123
Box: 127, 32, 38
Box: 15, 19, 68
Box: 8, 109, 32
Box: 58, 4, 123
Box: 155, 73, 6
Box: 18, 2, 63
Box: 19, 41, 9
Box: 67, 21, 20
Box: 240, 109, 5
Box: 41, 19, 24
Box: 41, 12, 123
Box: 20, 50, 3
Box: 240, 31, 49
Box: 2, 11, 3
Box: 31, 28, 123
Box: 41, 23, 123
Box: 180, 109, 56
Box: 5, 18, 5
Box: 31, 8, 6
Box: 15, 11, 14
Box: 8, 109, 123
Box: 6, 25, 7
Box: 9, 109, 52
Box: 21, 5, 123
Box: 9, 21, 20
Box: 79, 109, 123
Box: 4, 12, 2
Box: 13, 10, 18
Box: 30, 38, 3
Box: 5, 109, 17
Box: 46, 109, 123
Box: 15, 109, 5
Box: 6, 30, 2
Box: 41, 2, 2
Box: 4, 10, 20
Box: 68, 11, 5
Box: 10, 2, 10
Box: 240, 109, 24
Box: 4, 31, 33
Box: 101, 7, 107
Box: 51, 109, 52
Box: 3, 2, 26
Box: 8, 3, 5
Box: 27, 9, 5
Box: 5, 109, 14
Box: 96, 18, 23
Box: 12, 32, 14
Box: 25, 3, 13
Box: 6, 16, 123
Box: 9, 2, 11
Box: 7, 32, 123
Box: 4, 39, 20
Box: 5, 12, 31
Box: 12, 13, 9
Box: 4, 5, 4
Box: 21, 80, 13
Box: 3, 7, 123
Box: 34, 109, 6
Box: 2, 10, 2
Box: 23, 81, 18
Box: 62, 10, 52
Box: 8, 109, 123
Box: 11, 5, 10
Box: 4, 109, 123
Box: 7, 91, 6
Box: 240, 84, 17
Box: 7, 20, 58
Box: 14, 25, 123
Box: 2, 18, 65
Box: 240, 91, 5
Box: 6, 2, 26
Box: 40, 13, 123
Box: 240, 41, 55
Box: 4, 42, 5
Box: 64, 11, 23
Box: 18, 109, 37
Box: 17, 109, 14
Box: 19, 30, 123
Box: 14, 7, 10
Box: 13, 29, 50
Box: 96, 63, 6
Box: 10, 3, 11
Box: 100, 2, 8
Box: 33, 8, 5
Box: 240, 13, 123
Box: 175, 10, 48
Box: 13, 11, 5
Box: 53, 62, 93
Box: 23, 5, 3
Box: 19, 21, 20
Box: 81, 3, 13
Box: 31, 68, 20
Box: 12, 30, 9
Box: 240, 75, 123
Box: 21, 109, 123
Box: 68, 109, 46
Box: 17, 27, 20
Box: 28, 6, 123
Box: 137, 109, 36
Box: 36, 22, 66
Box: 8, 24, 5
Box: 4, 109, 12
Box: 74, 29, 9
Box: 51, 18, 23
Box: 4, 9, 31
Box: 21, 37, 123
Box: 12, 105, 32
Box: 8, 28, 6
Box: 31, 50, 14
Box: 6, 109, 20
Box: 8, 11, 9
Box: 4, 109, 9
Box: 11, 109, 28
Box: 4, 8, 4
Box: 23, 109, 8
Box: 9, 7, 4
Box: 240, 3, 51
Box: 8, 12, 32
Box: 240, 8, 11
Box: 18, 18, 17
Box: 4, 40, 3
Box: 25, 10, 18
Box: 114, 4, 26
Box: 18, 109, 17
Box: 11, 53, 23
Box: 240, 3, 123
Box: 49, 17, 3
Box: 8, 26, 123
Box: 68, 44, 40
Box: 4, 9, 123
Box: 37, 59, 18
Box: 28, 13, 4
Box: 16, 4, 26
Box: 101, 43, 2
Box: 13, 13, 9
Box: 50, 3, 33
Box: 14, 23, 5
Box: 240, 109, 25
Box: 8, 3, 54
Box: 7, 26, 123
Box: 8, 18, 5
Box: 6, 4, 123
Box: 240, 6, 3
Box: 34, 109, 8
Box: 106, 23, 15
Box: 15, 6, 17
Box: 8, 9, 41
Box: 28, 65, 25
Box: 4, 109, 25
Box: 40, 4, 5
Box: 240, 21, 27
Box: 10, 25, 117
Box: 13, 63, 2
Box: 5, 22, 24
Box: 3, 30, 3
Box: 37, 107, 49
Box: 26, 29, 25
Box: 15, 56, 36
Box: 9, 4, 62
Box: 13, 6, 17
Box: 3, 29, 20
Box: 8, 32, 54
Box: 48, 10, 69
Box: 14, 9, 3
Box: 11, 109, 123
Box: 8, 10, 54
Box: 7, 109, 14
Box: 54, 8, 8
Box: 48, 109, 6
Box: 27, 109, 2
Box: 3, 9, 24
Box: 9, 11, 12
Box: 8, 9, 18
Box: 8, 109, 3
Box: 13, 11, 22
Box: 41, 73, 33
Box: 87, 22, 123
Box: 72, 109, 33
Box: 101, 9, 123
Box: 6, 14, 2
Box: 35, 25, 117
Box: 4, 2, 37
Box: 11, 109, 30
Box: 15, 5, 3
Box: 9, 37, 123
Box: 6, 36, 36
Box: 16, 10, 10
Box: 36, 109, 12
Box: 68, 65, 40
Box: 19, 11, 14
Box: 2, 11, 13
Box: 78, 109, 15
Box: 35, 109, 123
Box: 63, 6, 16
Box: 4, 109, 2
Box: 5, 20, 25
Box: 14, 4, 5
Box: 14, 15, 39
Box: 2, 66, 11
Box: 118, 24, 123
Box: 7, 25, 3
Box: 9, 13, 10
Box: 41, 109, 4
Box: 106, 3, 15
Box: 20, 45, 123
Box: 86, 18, 27
Box: 33, 7, 25
Box: 14, 109, 10
Box: 70, 3, 22
Box: 38, 11, 16
Box: 8, 2, 3
Box: 12, 109, 123
Box: 44, 109, 10
Box: 65, 109, 22
Box: 100, 29, 21
Box: 33, 109, 17
Box: 11, 109, 8
Box: 5, 4, 8
Box: 9, 8, 123
Box: 104, 11, 14
Box: 18, 109, 51
Box: 9, 20, 9
Box: 18, 10, 18
Box: 12, 30, 48
Box: 67, 109, 48
Box: 49, 17, 7
Box: 46, 11, 123
Box: 8, 109, 2
Box: 7, 3, 10
Box: 100, 43, 57
Box: 5, 109, 39
Box: 15, 3, 10
Box: 48, 45, 4
Box: 5, 109, 32
Box: 31, 54, 36
Box: 18, 18, 26
Box: 45, 43, 3
Box: 33, 109, 58
Box: 75, 23, 123
Box: 3, 30, 16
Box: 5, 109, 8
Box: 240, 109, 33
Box: 17, 9, 2
Box: 18, 24, 17
Box: 108, 26, 24
Box: 48, 109, 123
Box: 7, 60, 11
Box: 2, 10, 123
Box: 175, 8, 48
Box: 10, 31, 4
Box: 11, 28, 13
Box: 59, 22, 62
Box: 101, 13, 14
Box: 6, 14, 30
Box: 106, 8, 59
Box: 8, 2, 42
Box: 43, 109, 103
Box: 2, 3, 5
Box: 4, 40, 99
Box: 159, 85, 123
Box: 50, 60, 22
Box: 101, 39, 6
Box: 3, 4, 5
Box: 9, 3, 25
Box: 5, 31, 16
Box: 16, 8, 14
Box: 15, 11, 13
Box: 5, 7, 15
Box: 160, 22, 123
Box: 219, 109, 15
Box: 130, 33, 123
Box: 11, 9, 3
Box: 40, 31, 58
Box: 4, 109, 19
Box: 3, 3, 43
Box: 2, 47, 16
Box: 3, 22, 10
Box: 240, 109, 73
Box: 25, 7, 38
Box: 11, 109, 123
Box: 51, 67, 23
Box: 27, 109, 34
Box: 20, 9, 8
Box: 233, 13, 12
Box: 2, 109, 16
Box: 33, 9, 10
Box: 48, 45, 23
Box: 4, 91, 6
Box: 45, 29, 3
Box: 43, 4, 6
Box: 7, 6, 2
Box: 11, 109, 9
Box: 6, 109, 123
Box: 32, 109, 7
Box: 5, 22, 24
Box: 15, 54, 123
Box: 51, 10, 123
Box: 33, 18, 10
Box: 14, 28, 15
Box: 54, 109, 5
Box: 51, 40, 3
Box: 21, 20, 11
Box: 7, 14, 20
Box: 113, 109, 123
Box: 4, 72, 94
Box: 8, 109, 16
Box: 17, 29, 47
Box: 15, 18, 54
Box: 4, 24, 25
Box: 40, 9, 65
Box: 6, 8, 11
Box: 34, 11, 63
Box: 4, 31, 14
Box: 9, 27, 3
Box: 101, 15, 6
Box: 13, 17, 17
Box: 7, 109, 39
Box: 87, 37, 10
Box: 27, 12, 59
Box: 4, 12, 75
Box: 97, 25, 8
Box: 11, 18, 7
Box: 2, 28, 8
Box: 175, 21, 48
Box: 54, 8, 27
Box: 240, 7, 23
Box: 12, 109, 48
Box: 6, 8, 2
Box: 97, 2, 5
Box: 91, 109, 3
Box: 9, 27, 3
Box: 10, 109, 51
Box: 4, 33, 28
Box: 58, 15, 65
Box: 4, 7, 25
Box: 42, 3, 27
Box: 80, 22, 66
Box: 18, 10, 22
Box: 8, 91, 6
Box: 29, 109, 123
Box: 20, 9, 13
Box: 18, 5, 9
Box: 20, 109, 20
Box: 32, 109, 33
Box: 29, 16, 123
Box: 37, 107, 12
Box: 6, 15, 13
Box: 3, 3, 5
Box: 81, 9, 13
Box: 40, 16, 58
Box: 72, 11, 14
Box: 29, 7, 45
Box: 41, 17, 33
Box: 5, 4, 10
Box: 36, 35, 10
Box: 19, 64, 14
Box: 8, 73, 43
Box: 9, 5, 9
Box: 8, 109, 2
Box: 9, 109, 27
Box: 48, 45, 15
Box: 17, 3, 5
Box: 22, 34, 6
Box: 101, 16, 123
Box: 103, 26, 123
Box: 35, 2, 6
Box: 14, 43, 20
Box: 25, 9, 13
Box: 9, 13, 12
Box: 20, 63, 17
Box: 6, 2, 4
Box: 101, 24, 37
Box: 6, 4, 5
Box: 5, 20, 3
Box: 51, 53, 41
Box: 6, 48, 6
Box: 5, 45, 123
Box: 16, 109, 24
Box: 12, 30, 4
Box: 25, 9, 77
Box: 12, 107, 14
Box: 14, 45, 2
Box: 4, 6, 4
Box: 120, 25, 123
Box: 4, 105, 32
Box: 14, 4, 8
Box: 2, 11, 5
Box: 7, 25, 123
Box: 35, 109, 123
Box: 30, 3, 123
Box: 4, 4, 19
Box: 6, 46, 2
Box: 17, 9, 13
Box: 12, 2, 123
Box: 113, 109, 25
Box: 4, 8, 2
Box: 8, 30, 16
Box: 32, 109, 14
Box: 3, 105, 32
Box: 4, 20, 123
Box: 240, 16, 123
Box: 14, 2, 6
Box: 3, 5, 3
Box: 56, 57, 16
Box: 2, 109, 35
Box: 98, 7, 25
Box: 36, 63, 49
Box: 58, 8, 123
Box: 240, 25, 4
Box: 70, 13, 123
Box: 7, 62, 27
Box: 9, 6, 2
Box: 33, 18, 10
Box: 9, 16, 123
Box: 32, 34, 123
Box: 37, 10, 18
Box: 70, 16, 123
Box: 4, 7, 123
Box: 79, 2, 2
Box: 240, 4, 2
Box: 118, 5, 8
Box: 240, 109, 15
Box: 18, 4, 24
Box: 62, 8, 28
Box: 61, 109, 2
Box: 3, 30, 123
Box: 28, 3, 3
Box: 10, 6, 123
Box: 13, 15, 33
Box: 130, 36, 6
Box: 45, 15, 4
Box: 5, 30, 93
Box: 12, 23, 73
Box: 125, 109, 18
Box: 7, 5, 27
Box: 5, 20, 24
Box: 29, 26, 123
Box: 25, 20, 123
Box: 106, 12, 15
Box: 110, 10, 13
Box: 7, 20, 4
Box: 2, 10, 34
Box: 2, 13, 34
Box: 16, 109, 3
Box: 86, 4, 123
Box: 6, 30, 26
Box: 2, 6, 10
Box: 5, 34, 35
Box: 16, 4, 18
Box: 9, 30, 40
Box: 11, 109, 123
Box: 2, 21, 123
Box: 8, 109, 10
Box: 4, 9, 10
Box: 54, 32, 14
Box: 153, 109, 6
Box: 68, 109, 4
Box: 44, 13, 6
Box: 3, 5, 6
Box: 114, 109, 123
Box: 13, 13, 5
Box: 9, 3, 29
Box: 4, 9, 29
Box: 130, 36, 3
Box: 33, 34, 6
Box: 35, 38, 9
Box: 25, 26, 19
Box: 27, 109, 11
Box: 85, 16, 4
Box: 18, 26, 123
Box: 120, 18, 123
Box: 38, 29, 9
Box: 6, 2, 8
Box: 240, 52, 24
Box: 2, 34, 16
Box: 5, 12, 2
Box: 22, 16, 2
Box: 5, 24, 106
Box: 240, 40, 123
Box: 10, 11, 17
Box: 68, 7, 2
Box: 26, 6, 17
Box: 45, 109, 123
Box: 42, 18, 23
Box: 26, 57, 123
Box: 11, 109, 123
Box: 29, 39, 6
Box: 13, 51, 10
Box: 27, 50, 59
Box: 6, 109, 7
Box: 19, 109, 123
Box: 72, 4, 65
Box: 4, 28, 33
Box: 51, 47, 17
Box: 16, 6, 30
Box: 91, 33, 45
Box: 78, 2, 8
Box: 58, 9, 65
Box: 139, 13, 74
Box: 14, 109, 37
Box: 58, 9, 6
Box: 8, 109, 44
Box: 86, 10, 123
Box: 9, 109, 13
Box: 20, 15, 15
Box: 15, 109, 13
Box: 33, 39, 10
Box: 119, 109, 33
Box: 106, 8, 59
Box: 18, 14, 54
Box: 240, 10, 17
Box: 24, 109, 56
Box: 4, 109, 10
Box: 37, 109, 9
Box: 4, 60, 95
Box: 23, 109, 51
Box: 17, 25, 3
Box: 180, 6, 24
Box: 3, 109, 33
Box: 10, 22, 123
Box: 6, 4, 16
Box: 31, 13, 34
Box: 8, 109, 4
Box: 96, 109, 38
Box: 14, 8, 14
Box: 5, 109, 48
Box: 55, 109, 47
Box: 17, 22, 10
Box: 12, 16, 123
Box: 6, 2, 37
Box: 51, 109, 54
Box: 6, 15, 51
Box: 24, 103, 123
Box: 37, 6, 2
Box: 40, 62, 72
Box: 4, 48, 25
Box: 240, 42, 123
Box: 240, 4, 35
Box: 5, 5, 48
Box: 23, 15, 13
Box: 4, 67, 123
Box: 28, 18, 65
Box: 25, 20, 2
Box: 81, 4, 32
Box: 72, 16, 46
Box: 9, 2, 54
Box: 9, 3, 17
Box: 36, 53, 123
Box: 66, 109, 54
Box: 11, 109, 8
Box: 233, 8, 22
Box: 36, 22, 5
Box: 10, 109, 17
Box: 30, 17, 123
Box: 3, 30, 37
Box: 26, 10, 123
Box: 13, 30, 5
Box: 6, 12, 2
Box: 81, 32, 32
Box: 13, 109, 45
Box: 240, 77, 123
Box: 43, 109, 123
Box: 118, 16, 123
Box: 4, 5, 3
Box: 3, 15, 24
Box: 24, 20, 5
Box: 27, 18, 29
Box: 54, 9, 13
Box: 11, 109, 92
Box: 12, 109, 9
Box: 41, 109, 6
Box: 9, 35, 65
Box: 2, 109, 123
Box: 28, 17, 77
Box: 27, 109, 61
Box: 6, 4, 15
Box: 100, 22, 57
Box: 8, 15, 114
Box: 70, 26, 10
Box: 35, 80, 123
Box: 3, 30, 16
Box: 123, 29, 20
Box: 31, 109, 6
Box: 9, 61, 12
Box: 47, 109, 32
Box: 4, 24, 3
Box: 14, 6, 63
Box: 31, 10, 3
Box: 2, 109, 34
Box: 97, 54, 44
Box: 90, 7, 34
Box: 25, 9, 24
Box: 10, 109, 37
Box: 9, 39, 27
Box: 12, 30, 78
Box: 42, 18, 8
Box: 7, 24, 5
Box: 4, 50, 33
Box: 5, 30, 17
Box: 35, 6, 2
Box: 44, 109, 123
Box: 5, 109, 18
Box: 10, 25, 4
Box: 18, 52, 123
Box: 2, 7, 10
Box: 15, 109, 123
Box: 27, 109, 45
Box: 52, 47, 18
Box: 7, 15, 9
Box: 70, 58, 123
Box: 9, 5, 21
Box: 11, 109, 66
Box: 27, 109, 123
Box: 9, 20, 12
Box: 39, 10, 123
Box: 22, 49, 14
Box: 58, 30, 123
Box: 26, 109, 123
Box: 12, 109, 123
Box: 45, 44, 123
Box: 110, 15, 20
Box: 74, 22, 9
Box: 4, 73, 24
Box: 79, 43, 2
Box: 37, 109, 3
Box: 37, 109, 34
Box: 2, 10, 8
Box: 42, 8, 2
Box: 12, 9, 10
Box: 42, 7, 17
Box: 31, 27, 5
Box: 7, 9, 11
Box: 2, 14, 6
Box: 17, 109, 12
Box: 4, 13, 19
Box: 3, 99, 27
Box: 16, 2, 21
Box: 8, 2, 36
Box: 27, 38, 123
Box: 124, 63, 12
Box: 110, 10, 50
Box: 7, 22, 5
Box: 8, 2, 81
Box: 28, 11, 17
Box: 3, 109, 123
Box: 39, 18, 54
Box: 4, 11, 3
Box: 54, 50, 23
Box: 240, 31, 7
Box: 7, 43, 4
Box: 8, 3, 3
Box: 8, 2, 6
Box: 65, 109, 79
Box: 100, 109, 123
Box: 15, 109, 26
Box: 5, 109, 24
Box: 3, 43, 4
Box: 34, 109, 54
Box: 81, 3, 32
Box: 14, 25, 21
Box: 240, 16, 34
Box: 24, 18, 5
Box: 76, 109, 8
Box: 90, 7, 45
Box: 20, 12, 2
Box: 19, 4, 123
Box: 3, 4, 18
Box: 9, 109, 64
Box: 12, 54, 44
Box: 48, 45, 11
Box: 40, 109, 63
Box: 27, 18, 11
Box: 53, 109, 123
Box: 4, 109, 8
Box: 70, 34, 123
Box: 2, 109, 41
Box: 21, 11, 123
Box: 2, 106, 5
Box: 43, 22, 34
Box: 8, 10, 4
Box: 31, 39, 123
Box: 58, 4, 2
Box: 96, 62, 123
Box: 240, 16, 3
Box: 23, 109, 2
Box: 240, 48, 23
Box: 58, 10, 10
Box: 34, 20, 25
Box: 111, 109, 2
Box: 27, 3, 20
Box: 17, 16, 14
Box: 4, 43, 2
Box: 10, 20, 4
Box: 37, 61, 2
Box: 6, 109, 24
Box: 24, 109, 54
Box: 240, 46, 49
Box: 5, 47, 32
Box: 57, 109, 48
Box: 127, 51, 26
Box: 49, 109, 45
Box: 2, 15, 4
Box: 6, 34, 123
Box: 10, 8, 4
Box: 111, 16, 2
Box: 7, 15, 2
Box: 127, 4, 2
Box: 41, 2, 32
Box: 51, 6, 12
Box: 2, 109, 123
Box: 3, 15, 69
Box: 69, 24, 123
Box: 22, 8, 14
Box: 2, 3, 9
Box: 6, 18, 16
Box: 240, 20, 25
Box: 7, 109, 38
Box: 240, 53, 27
Box: 12, 5, 9
Box: 37, 15, 4
Box: 20, 8, 23
Box: 54, 50, 123
Box: 4, 13, 6
Box: 240, 109, 50
Box: 4, 109, 6
Box: 5, 20, 22
Box: 7, 14, 2
Box: 8, 18, 32
Box: 8, 27, 123
Box: 7, 10, 42
Box: 97, 2, 73
Box: 15, 109, 20
Box: 80, 22, 123
Box: 18, 48, 123
Box: 23, 26, 7
Box: 28, 18, 123
Box: 17, 109, 123
Box: 69, 109, 16
Box: 16, 14, 4
Box: 59, 5, 6
Box: 31, 109, 23
Box: 37, 11, 33
Box: 14, 109, 19
Box: 7, 13, 12
Box: 18, 109, 56
Box: 37, 30, 123
Box: 9, 5, 2
Box: 47, 15, 5
Box: 102, 109, 17
Box: 32, 80, 25
Box: 6, 27, 16
Box: 9, 24, 5
Box: 20, 6, 9
Box: 89, 11, 3
Box: 28, 7, 35
Box: 4, 5, 2
Box: 2, 11, 17
Box: 4, 18, 65
Box: 141, 17, 123
Box: 21, 17, 6
Box: 154, 109, 123
Box: 8, 30, 123
Box: 5, 109, 18
Box: 4, 30, 123
Box: 15, 14, 27
Box: 81, 109, 23
Box: 53, 109, 123
Box: 133, 4, 123
Box: 3, 10, 27
Box: 53, 109, 9
Box: 63, 109, 123
Box: 101, 35, 107
Box: 34, 52, 17
Box: 77, 10, 14
Box: 9, 16, 2
Box: 2, 28, 16
Box: 95, 109, 54
Box: 7, 6, 50
Box: 4, 8, 56
Box: 4, 109, 24
Box: 10, 2, 2
Box: 10, 109, 123
Box: 33, 109, 35
Box: 240, 2, 3
Box: 33, 11, 10
Box: 77, 11, 123
Box: 4, 3, 29
Box: 25, 8, 45
Box: 78, 109, 5
Box: 240, 109, 64
Box: 58, 2, 123
Box: 47, 8, 6
Box: 14, 2, 18
Box: 3, 84, 13
Box: 17, 18, 8
Box: 11, 109, 12
Box: 37, 109, 123
Box: 17, 84, 15
Box: 54, 50, 18
Box: 15, 109, 48
Box: 14, 8, 6
Box: 18, 10, 12
Box: 107, 109, 24
Box: 240, 54, 32
Box: 20, 22, 34
Box: 240, 21, 17
Box: 240, 26, 75
Box: 123, 29, 5
Box: 25, 10, 20
Box: 3, 109, 123
Box: 24, 2, 7
Box: 20, 14, 23
Box: 3, 13, 6
Box: 3, 109, 9
Box: 51, 109, 53
Box: 55, 6, 2
Box: 4, 11, 5
Box: 46, 109, 25
Box: 16, 11, 10
Box: 7, 22, 17
Box: 5, 31, 16
Box: 49, 17, 23
Box: 21, 109, 20
Box: 14, 10, 63
Box: 2, 109, 19
Box: 130, 84, 15
Box: 59, 7, 10
Box: 6, 9, 23
Box: 98, 18, 54
Box: 2, 10, 2
Box: 8, 15, 9
Box: 6, 9, 2
Box: 22, 109, 123
Box: 111, 3, 123
Box: 17, 27, 45
Box: 21, 109, 32
Box: 12, 14, 9
Box: 75, 24, 123
Box: 29, 14, 7
Box: 12, 6, 16
Box: 5, 35, 9
Box: 39, 13, 47
Box: 96, 2, 123
Box: 55, 6, 6
Box: 92, 109, 16
Box: 86, 26, 25
Box: 5, 34, 43
Box: 4, 109, 34
Box: 15, 109, 9
Box: 73, 6, 123
Box: 4, 2, 16
Box: 106, 5, 59
Box: 16, 109, 25
Box: 27, 4, 20
Box: 11, 45, 16
Box: 9, 15, 7
Box: 51, 109, 12
Box: 46, 109, 8
Box: 68, 109, 123
Box: 71, 5, 123
Box: 37, 15, 2
Box: 58, 9, 18
Box: 37, 78, 25
Box: 12, 9, 123
Box: 35, 53, 15
Box: 240, 48, 123
Box: 2, 15, 10
Box: 34, 109, 7
Box: 52, 109, 11
Box: 6, 51, 26
Box: 84, 2, 46
Box: 3, 12, 2
Box: 17, 7, 10
Box: 97, 4, 4
Box: 5, 37, 123
Box: 10, 43, 17
Box: 10, 4, 4
Box: 20, 10, 23
Box: 15, 109, 12
Box: 67, 109, 22
Box: 13, 30, 123
Box: 37, 3, 33
Box: 13, 109, 50
Box: 10, 2, 3
Box: 76, 9, 68
Box: 55, 10, 9
Box: 81, 53, 13
Box: 137, 3, 17
Box: 7, 30, 16
Box: 33, 11, 10
Box: 37, 31, 25
Box: 27, 109, 22
Box: 4, 34, 6
Box: 46, 109, 13
Box: 4, 4, 16
Box: 25, 4, 40
Box: 68, 7, 16
Box: 21, 30, 123
Box: 6, 2, 24
Box: 17, 109, 123
Box: 55, 5, 9
Box: 32, 34, 123
Box: 51, 35, 13
Box: 200, 13, 123
Box: 49, 10, 20
Box: 6, 7, 10
Box: 24, 109, 123
Box: 4, 8, 7
Box: 2, 18, 8
Box: 240, 5, 58
Box: 25, 109, 40
Box: 31, 109, 17
Box: 12, 7, 17
Box: 35, 3, 37
Box: 85, 109, 2
Box: 45, 10, 123
Box: 8, 9, 12
Box: 32, 15, 32
Box: 26, 10, 44
Box: 90, 14, 90
Box: 14, 47, 26
Box: 29, 17, 29
Box: 61, 18, 27
Box: 2, 31, 46
Box: 47, 6, 3
Box: 16, 18, 123
Box: 42, 3, 13
Box: 32, 109, 3
Box: 25, 20, 29
Box: 54, 50, 17
Box: 28, 10, 17
Box: 240, 16, 3
Box: 27, 62, 5
Box: 9, 109, 123
Box: 46, 66, 123
Box: 14, 43, 31
Box: 87, 34, 4
Box: 23, 8, 9
Box: 69, 6, 123
Box: 44, 109, 123
Box: 159, 22, 2
Box: 9, 40, 25
Box: 86, 26, 2
Box: 30, 4, 7
Box: 54, 6, 2
Box: 240, 56, 93
Box: 4, 73, 25
Box: 44, 109, 123
Box: 30, 3, 123
Box: 8, 2, 42
Box: 32, 109, 4
Box: 3, 8, 14
Box: 6, 15, 13
Box: 47, 43, 18
Box: 240, 3, 65
Box: 27, 5, 123
Box: 98, 33, 25
Box: 4, 25, 123
Box: 6, 27, 22
Box: 40, 109, 10
Box: 54, 53, 123
Box: 16, 8, 10
Box: 6, 27, 123
Box: 14, 88, 63
Box: 46, 71, 56
Box: 139, 9, 123
Box: 10, 7, 4
Box: 240, 9, 123
Box: 28, 18, 5
Box: 19, 36, 9
Box: 21, 4, 40
Box: 36, 5, 24
Box: 47, 109, 62
Box: 10, 2, 10
Box: 9, 18, 33
Box: 2, 53, 23
Box: 37, 51, 26
Box: 9, 36, 9
Box: 240, 11, 25
Box: 45, 109, 18
Box: 4, 19, 2
Box: 30, 53, 2
Box: 101, 31, 6
Box: 134, 109, 27
Box: 5, 109, 13
Box: 240, 16, 50
Box: 4, 3, 28
Box: 4, 14, 4
Box: 3, 109, 18
Box: 27, 15, 21
Box: 3, 6, 123
Box: 53, 6, 14
Box: 40, 109, 11
Box: 9, 9, 31
Box: 18, 28, 6
Box: 7, 2, 15
Box: 28, 109, 17
Box: 31, 8, 62
Box: 5, 2, 31
Box: 11, 4, 123
Box: 19, 109, 18
Box: 8, 48, 123
Box: 6, 47, 49
Box: 25, 18, 64
Box: 72, 53, 22
Box: 55, 3, 27
Box: 8, 2, 39
Box: 24, 71, 5
Box: 67, 109, 65
Box: 4, 28, 29
Box: 135, 109, 13
Box: 17, 25, 37
Box: 65, 47, 22
Box: 213, 109, 57
Box: 6, 35, 2
Box: 240, 20, 7
Box: 13, 19, 123
Box: 25, 109, 6
Box: 5, 2, 16
Box: 9, 20, 3
Box: 18, 109, 35
Box: 111, 58, 18
Box: 7, 30, 52
Box: 7, 6, 18
Box: 40, 109, 8
Box: 37, 8, 2
Box: 53, 109, 2
Box: 9, 7, 17
Box: 18, 109, 5
Box: 3, 15, 12
Box: 240, 50, 35
Box: 65, 22, 123
Box: 12, 20, 123
Box: 43, 18, 17
Box: 35, 18, 4
Box: 6, 7, 25
Box: 6, 4, 123
Box: 170, 21, 123
Box: 11, 109, 123
Box: 3, 19, 21
Box: 2, 20, 123
Box: 27, 109, 38
Box: 27, 32, 14
Box: 40, 3, 40
Box: 20, 28, 5
Box: 60, 26, 48
Box: 4, 49, 66
Box: 15, 3, 17
Box: 5, 12, 106
Box: 30, 38, 29
Box: 5, 4, 123
Box: 68, 7, 6
Box: 85, 109, 10
Box: 16, 3, 14
Box: 8, 2, 9
Box: 6, 48, 4
Box: 42, 38, 123
Box: 32, 22, 123
Box: 72, 55, 46
Box: 96, 16, 123
Box: 72, 3, 46
Box: 24, 3, 8
Box: 11, 5, 4
Box: 5, 6, 9
Box: 2, 23, 5
Box: 4, 29, 28
Box: 5, 109, 20
Box: 51, 34, 13
Box: 42, 65, 56
Box: 15, 80, 25
Box: 31, 7, 14
Box: 77, 13, 123
Box: 4, 7, 3
Box: 29, 28, 7
Box: 72, 55, 19
Box: 33, 26, 25
Box: 26, 52, 123
Box: 32, 20, 123
Box: 25, 109, 9
Box: 69, 18, 123
Box: 8, 3, 20
Box: 3, 2, 18
Box: 45, 43, 6
Box: 15, 24, 5
Box: 5, 4, 123
Box: 7, 23, 2
Box: 8, 3, 10
Box: 5, 32, 106
Box: 29, 11, 6
Box: 89, 109, 123
Box: 159, 22, 10
Box: 15, 9, 3
Box: 6, 18, 23
Box: 9, 5, 17
Box: 15, 55, 20
Box: 96, 10, 123
Box: 20, 24, 5
Box: 41, 21, 12
Box: 10, 10, 28
Box: 4, 36, 29
Box: 60, 109, 123
Box: 15, 25, 7
Box: 7, 18, 9
Box: 8, 28, 15
Box: 63, 40, 2
Box: 23, 8, 30
Box: 33, 109, 9
Box: 46, 24, 57
Box: 8, 57, 33
Box: 6, 37, 28
Box: 11, 45, 23
Box: 119, 109, 19
Box: 31, 68, 2
Box: 51, 11, 3
Box: 19, 41, 33
Box: 77, 12, 123
Box: 13, 11, 5
Box: 5, 18, 107
Box: 35, 50, 37
Box: 8, 109, 20
Box: 16, 5, 3
Box: 34, 109, 11
Box: 3, 4, 123
Box: 37, 12, 113
Box: 35, 109, 9
Box: 8, 53, 23
Box: 240, 18, 7
Box: 72, 109, 14
Box: 141, 109, 40
Box: 18, 10, 56
Box: 14, 6, 16
Box: 4, 37, 123
Box: 240, 4, 4
Box: 3, 43, 20
Box: 43, 18, 12
Box: 15, 18, 4
Box: 11, 22, 9
Box: 13, 18, 8
Box: 8, 34, 11
Box: 37, 109, 25
Box: 26, 84, 15
Box: 2, 6, 19
Box: 5, 109, 47
Box: 4, 3, 16
Box: 40, 109, 41
Box: 21, 42, 123
Box: 11, 5, 2
Box: 113, 32, 14
Box: 180, 17, 44
Box: 10, 25, 36
Box: 32, 109, 33
Box: 14, 2, 5
Box: 14, 11, 23
Box: 6, 15, 33
Box: 2, 31, 72
Box: 58, 10, 71
Box: 13, 109, 22
Box: 29, 15, 29
Box: 9, 2, 2
Box: 231, 109, 14
Box: 8, 8, 123
Box: 25, 9, 3
Box: 9, 2, 7
Box: 54, 109, 10
Box: 124, 16, 7
Box: 48, 10, 17
Box: 5, 22, 31
Box: 2, 2, 37
Box: 25, 20, 36
Box: 15, 9, 123
Box: 14, 56, 15
Box: 6, 109, 32
Box: 2, 2, 34
Box: 240, 7, 55
Box: 12, 30, 123
Box: 14, 22, 123
Box: 10, 13, 47
Box: 20, 109, 7
Box: 52, 109, 40
Box: 14, 41, 8
Box: 81, 6, 2
Box: 37, 6, 10
Box: 4, 2, 5
Box: 159, 22, 41
Box: 240, 14, 69
Box: 8, 37, 54
Box: 18, 21, 26
Box: 8, 43, 17
Box: 3, 30, 2
Box: 2, 109, 17
Box: 11, 28, 10
Box: 19, 24, 20
Box: 45, 19, 54
Box: 5, 25, 48
Box: 9, 6, 19
Box: 240, 54, 30
Box: 58, 26, 27
Box: 6, 22, 25
Box: 51, 9, 90
Box: 18, 109, 22
Box: 9, 9, 15
Box: 7, 10, 20
Box: 35, 53, 45
Box: 13, 13, 15
Box: 81, 14, 123
Box: 217, 9, 123
Box: 96, 5, 123
Box: 4, 109, 7
Box: 5, 45, 48
Box: 2, 18, 7
Box: 9, 61, 2
Box: 17, 109, 18
Box: 34, 59, 37
Box: 5, 10, 15
Box: 3, 4, 123
Box: 2, 7, 15
Box: 7, 109, 103
Box: 39, 54, 9
Box: 51, 6, 29
Box: 109, 109, 123
Box: 5, 60, 23
Box: 27, 9, 7
Box: 11, 21, 123
Box: 6, 43, 28
Box: 6, 3, 16
Box: 16, 9, 123
Box: 65, 62, 22
Box: 7, 2, 2
Box: 121, 20, 11
Box: 240, 23, 25
Box: 20, 17, 9
Box: 41, 4, 26
Box: 132, 9, 123
Box: 14, 42, 5
Box: 49, 4, 56
Box: 15, 9, 20
Box: 8, 34, 53
Box: 4, 72, 29
Box: 4, 4, 62
Box: 21, 4, 24
Box: 8, 2, 2
Box: 6, 24, 25
Box: 90, 14, 2
Box: 240, 2, 86
Box: 2, 41, 27
Box: 2, 8, 8
Box: 35, 43, 20
Box: 8, 10, 6
Box: 5, 39, 16
Box: 51, 3, 123
Box: 8, 36, 33
Box: 3, 8, 14
Box: 3, 3, 56
Box: 6, 8, 4
Box: 17, 48, 55
Box: 240, 109, 49
Box: 9, 11, 5
Box: 6, 20, 4
Box: 81, 49, 32
Box: 3, 29, 27
Box: 4, 109, 14
Box: 3, 49, 8
Box: 15, 10, 6
Box: 8, 18, 20
Box: 47, 11, 5
Box: 13, 11, 15
Box: 3, 2, 6
Box: 2, 53, 15
Box: 6, 24, 5
Box: 57, 2, 8
Box: 18, 6, 17
Box: 5, 8, 25
Box: 2, 53, 23
Box: 4, 109, 3
Box: 62, 15, 123
Box: 17, 109, 25
Box: 10, 3, 10
Box: 50, 13, 123
Box: 53, 10, 50
Box: 35, 109, 6
Box: 46, 46, 5
Box: 13, 14, 24
Box: 26, 28, 25
Box: 101, 47, 49
Box: 46, 109, 123
Box: 41, 83, 6
Box: 4, 13, 3
Box: 25, 109, 15
Box: 42, 18, 27
Box: 25, 5, 13
Box: 84, 109, 123
Box: 7, 22, 3
Box: 139, 13, 24
Box: 18, 30, 48
Box: 7, 59, 73
Box: 126, 6, 123
Box: 4, 109, 29
Box: 25, 14, 33
Box: 3, 109, 28
Box: 6, 109, 38
Box: 240, 7, 13
Box: 4, 8, 50
Box: 11, 109, 69
Box: 4, 28, 2
Box: 6, 7, 2
Box: 126, 109, 121
Box: 26, 29, 33
Box: 27, 109, 5
Box: 19, 41, 24
Box: 118, 5, 25
Box: 51, 53, 82
Box: 9, 7, 3
Box: 33, 15, 5
Box: 5, 17, 30
Box: 9, 9, 4
Box: 137, 8, 40
Box: 9, 12, 38
Box: 24, 4, 8
Box: 26, 109, 11
Box: 54, 9, 2
Box: 13, 60, 4
Box: 54, 109, 12
Box: 51, 6, 37
Box: 28, 33, 123
Box: 4, 43, 2
Box: 19, 13, 14
Box: 72, 37, 71
Box: 240, 15, 5
Box: 71, 109, 37
Box: 106, 109, 17
Box: 4, 40, 17
Box: 31, 7, 35
Box: 20, 28, 2
Box: 18, 109, 19
Box: 86, 26, 4
Box: 102, 109, 8
Box: 26, 109, 45
Box: 240, 8, 7
Box: 15, 6, 7
Box: 96, 63, 3
Box: 240, 60, 123
Box: 5, 16, 22
Box: 8, 2, 10
Box: 13, 13, 61
Box: 32, 11, 17
Box: 16, 6, 123
Box: 15, 109, 123
Box: 47, 15, 5
Box: 9, 4, 123
Box: 40, 6, 65
Box: 21, 3, 123
Box: 4, 81, 78
Box: 13, 48, 123
Box: 32, 109, 3
Box: 166, 36, 22
Box: 19, 16, 20
Box: 240, 84, 78
Box: 2, 6, 19
Box: 4, 13, 29
Box: 7, 109, 13
Box: 6, 17, 28
Box: 174, 14, 33
Box: 8, 42, 5
Box: 9, 9, 24
Box: 37, 12, 28
Box: 142, 109, 2
Box: 10, 15, 2
Box: 118, 5, 40
Box: 16, 109, 4
Box: 15, 51, 26
Box: 18, 10, 9
Box: 33, 22, 9
Box: 14, 29, 8
Box: 240, 43, 23
Box: 64, 34, 6
Box: 25, 18, 59
Box: 100, 11, 21
Box: 25, 7, 38
Box: 175, 2, 48
Box: 4, 6, 13
Box: 22, 109, 2
Box: 44, 109, 38
Box: 71, 41, 2
Box: 31, 54, 20
Box: 23, 26, 2
Box: 8, 9, 29
Box: 147, 109, 123
Box: 57, 15, 56
Box: 6, 109, 6
Box: 10, 35, 10
Box: 69, 13, 37
Box: 38, 10, 56
Box: 8, 109, 56
Box: 26, 26, 25
Box: 10, 109, 10
Box: 23, 26, 31
Box: 22, 109, 16
Box: 9, 109, 6
Box: 5, 109, 28
Box: 123, 29, 8
Box: 24, 11, 8
Box: 11, 7, 4
Box: 5, 40, 31
Box: 77, 15, 15
Box: 102, 13, 25
Box: 19, 109, 123
Box: 4, 109, 16
Box: 7, 8, 27
Box: 8, 18, 3
Box: 64, 22, 123
Box: 20, 109, 14
Box: 4, 23, 3
Box: 24, 22, 8
Box: 24, 18, 8
Box: 3, 109, 20
Box: 60, 26, 48
Box: 27, 36, 15
Box: 34, 54, 17
Box: 121, 109, 25
Box: 55, 6, 12
Box: 54, 13, 2
Box: 11, 109, 8
Box: 12, 30, 123
Box: 8, 109, 24
Box: 13, 13, 25
Box: 20, 109, 40
Box: 25, 109, 9
Box: 37, 11, 2
Box: 240, 109, 9
Box: 14, 43, 51
Box: 5, 3, 16
Box: 9, 51, 15
Box: 85, 4, 123
Box: 3, 66, 123
Box: 2, 9, 34
Box: 2, 3, 58
Box: 37, 6, 2
Box: 27, 109, 123
Box: 106, 51, 15
Box: 15, 23, 123
Box: 4, 11, 25
Box: 9, 13, 25
Box: 4, 109, 9
Box: 59, 34, 6
Box: 11, 8, 123
Box: 64, 14, 123
Box: 3, 10, 2
Box: 98, 20, 11
Box: 37, 10, 33
Box: 180, 109, 26
Box: 2, 6, 2
Box: 2, 109, 13
Box: 114, 10, 123
Box: 11, 2, 65
Box: 6, 4, 28
Box: 28, 4, 25
Box: 6, 20, 16
Box: 240, 14, 21
Box: 91, 3, 18
Box: 38, 10, 2
Box: 11, 8, 3
Box: 86, 26, 17
Box: 30, 25, 7
Box: 11, 4, 13
Box: 39, 64, 123
Box: 15, 109, 31
Box: 46, 8, 12
Box: 4, 109, 2
Box: 11, 109, 31
Box: 9, 26, 24
Box: 9, 2, 9
Box: 5, 3, 118
Box: 5, 6, 118
Box: 20, 7, 13
Box: 5, 20, 19
Box: 20, 25, 7
Box: 2, 109, 7
Box: 5, 109, 16
Box: 25, 20, 4
Box: 3, 6, 13
Box: 73, 109, 123
Box: 5, 18, 4
Box: 32, 45, 37
Box: 2, 101, 11
Box: 97, 28, 47
Box: 4, 109, 2
Box: 11, 13, 3
Box: 85, 109, 43
Box: 213, 109, 23
Box: 72, 14, 71
Box: 84, 6, 123
Box: 2, 8, 4
Box: 6, 109, 4
Box: 29, 36, 36
Box: 70, 3, 25
Box: 9, 27, 9
Box: 4, 29, 7
Box: 14, 84, 13
Box: 57, 109, 18
Box: 16, 109, 34
Box: 8, 43, 13
Box: 11, 16, 32
Box: 9, 6, 2
Box: 9, 16, 3
Box: 100, 11, 5
Box: 10, 5, 6
Box: 26, 33, 6
Box: 3, 30, 123
Box: 4, 109, 13
Box: 4, 8, 21
Box: 81, 6, 24
Box: 32, 9, 6
Box: 48, 45, 10
Box: 4, 59, 19
Box: 240, 11, 123
Box: 8, 4, 18
Box: 41, 83, 13
Box: 2, 2, 11
Box: 4, 74, 33
Box: 11, 31, 26
Box: 17, 27, 33
Box: 94, 12, 8
Box: 240, 28, 16
Box: 8, 18, 10
Box: 41, 2, 15
Box: 55, 6, 20
Box: 240, 5, 3
Box: 11, 22, 9
Box: 41, 83, 10
Box: 70, 4, 9
Box: 16, 3, 5
Box: 32, 15, 14
Box: 4, 12, 3
Box: 32, 8, 123
Box: 8, 54, 123
Box: 12, 109, 3
Box: 7, 109, 123
Box: 240, 34, 123
Box: 21, 4, 59
Box: 16, 64, 14
Box: 6, 3, 21
Box: 16, 3, 18
Box: 11, 23, 4
Box: 86, 26, 3
Box: 152, 109, 6
Box: 25, 14, 19
Box: 77, 60, 123
Box: 51, 9, 10
Box: 120, 84, 13
Box: 123, 109, 16
Box: 23, 9, 63
Box: 4, 48, 67
Box: 18, 16, 21
Box: 14, 22, 66
Box: 101, 62, 18
Box: 58, 25, 65
Box: 15, 109, 15
Box: 70, 53, 123
Box: 15, 7, 10
Box: 4, 2, 4
Box: 37, 10, 50
Box: 2, 5, 5
Box: 51, 6, 2
Box: 9, 24, 5
Box: 39, 45, 123
Box: 26, 109, 123
Box: 4, 20, 7
Box: 19, 3, 20
Box: 3, 11, 14
Box: 27, 26, 59
Box: 21, 109, 13
Box: 26, 109, 13
Box: 42, 18, 123
Box: 56, 29, 9
Box: 9, 20, 17
Box: 106, 4, 59
Box: 118, 5, 11
Box: 16, 5, 4
Box: 58, 9, 53
Box: 6, 27, 123
Box: 16, 2, 2
Box: 5, 3, 25
Box: 6, 109, 53
Box: 19, 7, 123
Box: 3, 4, 123
Box: 32, 5, 6
Box: 12, 38, 123
Box: 37, 16, 75
Box: 40, 109, 13
Box: 45, 7, 3
Box: 27, 22, 123
Box: 9, 5, 7
Box: 33, 12, 59
Box: 7, 5, 123
Box: 11, 10, 2
Box: 3, 3, 4
Box: 41, 83, 3
Box: 40, 109, 26
Box: 7, 8, 22
Box: 15, 2, 7
Box: 48, 7, 39
Box: 106, 24, 35
Box: 17, 109, 5
Box: 59, 26, 23
Box: 7, 30, 9
Box: 47, 6, 7
Box: 5, 6, 17
Box: 39, 26, 123
Box: 16, 11, 63
Box: 54, 101, 123
Box: 4, 62, 72
Box: 9, 109, 123
Box: 240, 4, 4
Box: 13, 17, 30
Box: 4, 13, 2
Box: 14, 43, 20
Box: 37, 107, 29
Box: 28, 13, 16
Box: 33, 37, 25
Box: 240, 109, 51
Box: 240, 18, 2
Box: 7, 5, 6
Box: 41, 2, 12
Box: 33, 4, 2
Box: 7, 18, 107
Box: 240, 109, 65
Box: 49, 109, 70
Box: 3, 22, 34
Box: 39, 109, 52
Box: 7, 4, 27
Box: 17, 23, 39
Box: 22, 43, 5
Box: 5, 18, 8
Box: 25, 109, 43
Box: 8, 109, 11
Box: 33, 53, 2
Box: 3, 23, 5
Box: 26, 3, 33
Box: 6, 3, 5
Box: 45, 12, 15
Box: 36, 17, 30
Box: 12, 7, 102
Box: 13, 11, 20
Box: 5, 109, 34
Box: 17, 25, 80
Box: 37, 6, 33
Box: 139, 13, 14
Box: 51, 109, 55
Box: 7, 14, 29
Box: 68, 109, 123
Box: 51, 109, 59
Box: 27, 2, 123
Box: 18, 25, 123
Box: 44, 33, 39
Box: 13, 16, 21
Box: 8, 2, 12
Box: 85, 109, 39
Box: 13, 109, 28
Box: 45, 4, 5
Box: 66, 11, 17
Box: 111, 28, 18
Box: 17, 61, 98
Box: 11, 7, 25
Box: 6, 109, 9
Box: 13, 17, 123
Box: 29, 26, 6
Box: 9, 61, 69
Box: 32, 11, 123
Box: 36, 31, 16
Box: 7, 42, 123
Box: 5, 18, 51
Box: 124, 63, 7
Box: 25, 20, 45
Box: 28, 109, 32
Box: 9, 17, 123
Box: 56, 2, 6
Box: 75, 32, 46
Box: 31, 10, 11
Box: 7, 5, 4
Box: 5, 34, 48
Box: 33, 26, 29
Box: 70, 26, 40
Box: 27, 109, 17
Box: 2, 2, 4
Box: 96, 37, 123
Box: 8, 4, 6
Box: 23, 8, 30
Box: 78, 18, 15
Box: 5, 18, 123
Box: 26, 47, 18
Box: 27, 109, 22
Box: 16, 22, 10
Box: 166, 44, 22
Box: 2, 6, 34
Box: 9, 2, 6
Box: 99, 34, 25
Box: 6, 9, 16
Box: 21, 7, 45
Box: 18, 22, 34
Box: 82, 109, 13
Box: 8, 13, 47
Box: 240, 56, 27
Box: 10, 7, 35
Box: 2, 109, 123
Box: 9, 6, 2
Box: 4, 2, 3
Box: 3, 25, 30
Box: 51, 109, 17
Box: 27, 109, 123
Box: 31, 10, 2
Box: 32, 109, 11
Box: 110, 23, 14
Box: 20, 109, 10
Box: 3, 109, 2
Box: 12, 12, 123
Box: 136, 26, 123
Box: 90, 100, 34
Box: 137, 109, 63
Box: 81, 109, 51
Box: 16, 109, 19
Box: 45, 109, 123
Box: 27, 27, 123
Box: 170, 52, 123
Box: 9, 30, 16
Box: 9, 2, 35
Box: 137, 8, 35
Box: 9, 14, 7
Box: 15, 9, 36
Box: 57, 109, 53
Box: 240, 109, 73
Box: 10, 109, 123
Box: 36, 2, 24
Box: 2, 10, 10
Box: 9, 3, 33
Box: 8, 4, 2
Box: 71, 109, 22
Box: 7, 11, 44
Box: 30, 109, 32
Box: 3, 4, 5
Box: 22, 2, 2
Box: 10, 12, 15
Box: 10, 17, 44
Box: 3, 9, 23
Box: 31, 8, 8
Box: 3, 109, 65
Box: 2, 3, 12
Box: 9, 109, 10
Box: 9, 21, 25
Box: 10, 6, 4
Box: 34, 109, 80
Box: 8, 24, 5
Box: 101, 24, 35
Box: 240, 109, 90
Box: 17, 109, 66
Box: 70, 10, 25
Box: 119, 109, 10
Box: 51, 2, 123
Box: 39, 13, 47
Box: 53, 29, 47
Box: 15, 30, 16
Box: 123, 29, 9
Box: 6, 3, 28
Box: 34, 45, 22
Box: 8, 3, 8
Box: 17, 9, 2
Box: 27, 18, 31
Box: 4, 109, 13
Box: 18, 13, 3
Box: 180, 109, 7
Box: 5, 109, 21
Box: 36, 4, 77
Box: 60, 18, 48
Box: 8, 3, 20
Box: 22, 105, 32
Box: 38, 109, 22
Box: 13, 8, 17
Box: 3, 109, 123
Box: 83, 23, 14
Box: 62, 10, 24
Box: 32, 30, 123
Box: 3, 10, 2
Box: 20, 9, 15
Box: 9, 109, 7
Box: 17, 11, 30
Box: 9, 5, 2
Box: 8, 16, 32
Box: 21, 109, 15
Box: 111, 109, 79
Box: 4, 4, 5
Box: 32, 109, 8
Box: 44, 109, 123
Box: 7, 109, 37
Box: 58, 70, 2
Box: 16, 109, 89
Box: 4, 19, 68
Box: 5, 109, 123
Box: 15, 2, 14
Box: 35, 22, 123
Box: 12, 8, 123
Box: 20, 11, 5
Box: 41, 21, 18
Box: 2, 66, 2
Box: 76, 9, 8
Box: 5, 34, 22
Box: 47, 18, 32
Box: 10, 109, 5
Box: 19, 109, 19
Box: 61, 63, 49
Box: 9, 43, 4
Box: 46, 40, 123
Box: 51, 6, 23
Box: 58, 5, 123
Box: 3, 9, 3
Box: 4, 6, 9
Box: 6, 17, 25
Box: 51, 109, 4
Box: 194, 99, 123
Box: 47, 13, 123
Box: 51, 109, 2
Box: 111, 90, 123
Box: 3, 22, 10
Box: 8, 109, 123
Box: 4, 5, 56
Box: 92, 53, 123
Box: 7, 19, 31
Box: 10, 5, 35
Box: 48, 45, 43
Box: 9, 10, 123
Box: 47, 4, 32
Box: 70, 34, 36
Box: 4, 16, 16
Box: 20, 109, 11
Box: 5, 32, 14
Box: 20, 109, 20
Box: 25, 46, 40
Box: 20, 109, 78
Box: 5, 11, 14
Box: 4, 40, 8
Box: 20, 50, 5
Box: 240, 20, 7
Box: 3, 9, 9
Box: 111, 109, 32
Box: 14, 50, 2
Box: 3, 3, 4
Box: 16, 6, 9
Box: 45, 4, 26
Box: 6, 109, 5
Box: 8, 8, 19
Box: 36, 18, 17
Box: 20, 19, 13
Box: 20, 17, 9
Box: 240, 5, 123
Box: 137, 109, 20
Box: 13, 11, 5
Box: 28, 10, 35
Box: 3, 35, 13
Box: 9, 13, 2
Box: 61, 26, 19
Box: 3, 17, 30
Box: 4, 109, 38
Box: 10, 28, 6
Box: 37, 109, 36
Box: 65, 36, 36
Box: 20, 6, 9
Box: 41, 3, 123
Box: 10, 29, 11
Box: 38, 13, 2
Box: 4, 36, 3
Box: 6, 18, 29
Box: 76, 9, 62
Box: 32, 109, 16
Box: 78, 109, 57
Box: 9, 36, 18
Box: 30, 6, 123
Box: 2, 30, 40
Box: 11, 109, 26
Box: 22, 14, 14
Box: 31, 33, 123
Box: 41, 25, 25
Box: 18, 11, 10
Box: 2, 53, 23
Box: 5, 9, 25
Box: 25, 14, 3
Box: 23, 8, 6
Box: 240, 4, 48
Box: 126, 30, 123
Box: 15, 18, 4
Box: 31, 109, 22
Box: 37, 12, 10
Box: 19, 4, 123
Box: 31, 31, 19
Box: 46, 2, 5
Box: 2, 19, 68
Box: 7, 109, 17
Box: 58, 18, 2
Box: 28, 16, 77
Box: 11, 13, 10
Box: 70, 70, 6
Box: 142, 11, 24
Box: 28, 3, 58
Box: 86, 18, 33
Box: 15, 28, 7
Box: 31, 68, 78
Box: 15, 25, 123
Box: 13, 30, 21
Box: 12, 2, 9
Box: 8, 4, 123
Box: 4, 109, 60
Box: 2, 109, 7
Box: 14, 14, 2
Box: 11, 22, 34
Box: 77, 10, 42
Box: 27, 18, 50
Box: 31, 53, 123
Box: 31, 109, 123
Box: 60, 9, 48
Box: 126, 7, 123
Box: 17, 5, 30
Box: 54, 8, 123
Box: 38, 10, 19
Box: 14, 15, 25
Box: 6, 11, 17
Box: 33, 109, 40
Box: 8, 2, 22
Box: 21, 53, 123
Box: 19, 109, 26
Box: 2, 109, 123
Box: 19, 27, 123
Box: 24, 18, 5
Box: 82, 109, 123
Box: 110, 56, 23
Box: 26, 20, 25
Box: 13, 43, 15
Box: 11, 6, 4
Box: 33, 109, 10
Box: 51, 6, 22
Box: 6, 40, 2
Box: 20, 109, 123
Box: 25, 25, 123
Box: 18, 3, 8
Box: 20, 21, 20
Box: 19, 109, 20
Box: 4, 8, 3
Box: 240, 11, 57
Box: 5, 60, 22
Box: 101, 22, 14
Box: 3, 11, 123
Box: 31, 68, 19
Box: 23, 18, 27
Box: 5, 6, 10
Box: 29, 22, 26
Box: 10, 109, 17
Box: 104, 21, 20
Box: 28, 20, 74
Box: 7, 104, 40
Box: 17, 11, 17
Box: 7, 3, 11
Box: 51, 40, 2
Box: 5, 7, 5
Box: 18, 10, 9
Box: 7, 30, 16
Box: 7, 8, 3
Box: 20, 109, 74
Box: 2, 3, 8
Box: 51, 109, 7
Box: 57, 7, 56
Box: 117, 109, 6
Box: 26, 109, 4
Box: 22, 109, 123
Box: 9, 16, 8
Box: 45, 14, 5
Box: 8, 82, 123
Box: 28, 4, 10
Box: 4, 109, 63
Box: 49, 109, 28
Box: 55, 6, 7
Box: 10, 25, 16
Box: 70, 109, 66
Box: 32, 17, 123
Box: 2, 43, 17
Box: 240, 25, 31
Box: 28, 109, 48
Box: 19, 15, 32
Box: 11, 109, 123
Box: 4, 109, 8
Box: 5, 109, 35
Box: 11, 109, 2
Box: 10, 10, 20
Box: 15, 6, 9
Box: 81, 3, 123
Box: 97, 6, 78
Box: 9, 12, 2
Box: 9, 8, 9
Box: 240, 109, 29
Box: 2, 109, 123
Box: 13, 11, 12
Box: 9, 109, 48
Box: 29, 13, 7
Box: 49, 17, 2
Box: 16, 66, 123
Box: 9, 12, 40
Box: 54, 50, 11
Box: 3, 12, 15
Box: 68, 18, 16
Box: 21, 17, 2
Box: 27, 10, 123
Box: 5, 109, 34
Box: 201, 54, 9
Box: 29, 109, 6
Box: 36, 109, 123
Box: 21, 32, 123
Box: 8, 2, 37
Box: 13, 4, 24
Box: 8, 73, 123
Box: 240, 11, 3
Box: 99, 55, 25
Box: 31, 27, 17
Box: 8, 8, 2
Box: 4, 13, 3
Box: 8, 4, 19
Box: 10, 7, 123
Box: 10, 7, 28
Box: 13, 11, 7
Box: 96, 17, 12
Box: 10, 2, 34
Box: 4, 109, 3
Box: 34, 19, 31
Box: 13, 109, 45
Box: 240, 12, 24
Box: 25, 10, 40
Box: 8, 89, 12
Box: 13, 17, 50
Box: 91, 26, 24
Box: 3, 25, 8
Box: 9, 4, 12
Box: 24, 109, 123
Box: 10, 29, 123
Box: 15, 7, 4
Box: 15, 109, 3
Box: 18, 109, 123
Box: 8, 3, 18
Box: 14, 47, 18
Box: 2, 3, 10
Box: 20, 9, 43
Box: 8, 109, 6
Box: 27, 9, 39
Box: 22, 41, 11
Box: 58, 4, 65
Box: 22, 5, 2
Box: 5, 20, 32
Box: 7, 2, 9
Box: 14, 6, 5
Box: 53, 109, 123
Box: 3, 10, 123
Box: 9, 109, 2
Box: 4, 29, 3
Box: 5, 5, 5
Box: 5, 20, 45
Box: 11, 17, 5
Box: 62, 8, 95
Box: 35, 2, 9
Box: 11, 11, 10
Box: 2, 109, 52
Box: 68, 7, 8
Box: 18, 5, 4
Box: 74, 80, 9
Box: 2, 72, 123
Box: 22, 17, 123
Box: 63, 6, 90
Box: 18, 23, 5
Box: 2, 109, 35
Box: 33, 4, 2
Box: 4, 19, 64
Box: 11, 109, 123
Box: 4, 109, 8
Box: 59, 4, 5
Box: 14, 18, 79
Box: 3, 3, 2
Box: 13, 109, 35
Box: 3, 4, 123
Box: 49, 5, 7
Box: 20, 34, 15
Box: 24, 109, 123
Box: 40, 22, 5
Box: 14, 43, 11
Box: 78, 42, 10
Box: 46, 13, 47
Box: 42, 109, 123
Box: 6, 18, 44
Box: 10, 2, 3
Box: 4, 7, 10
Box: 20, 96, 8
Box: 12, 109, 4
Box: 240, 109, 86
Box: 16, 4, 62
Box: 15, 15, 123
Box: 75, 21, 20
Box: 63, 9, 2
Box: 40, 16, 58
Box: 2, 109, 35
Box: 57, 109, 3
Box: 180, 92, 44
Box: 21, 23, 39
Box: 33, 53, 23
Box: 6, 11, 23
Box: 23, 45, 123
Box: 75, 2, 20
Box: 70, 4, 26
Box: 170, 4, 123
Box: 22, 13, 34
Box: 95, 102, 88
Box: 9, 5, 10
Box: 2, 3, 13
Box: 11, 30, 123
Box: 8, 2, 15
Box: 7, 109, 12
Box: 19, 2, 123
Box: 4, 109, 121
Box: 27, 15, 4
Box: 9, 9, 18
Box: 13, 37, 28
Box: 17, 10, 21
Box: 56, 25, 25
Box: 8, 20, 6
Box: 16, 54, 44
Box: 51, 97, 8
Box: 9, 17, 7
Box: 19, 109, 19
Box: 28, 109, 3
Box: 240, 109, 22
Box: 2, 6, 13
Box: 9, 54, 27
Box: 45, 12, 89
Box: 9, 10, 2
Box: 36, 11, 5
Box: 36, 109, 46
Box: 2, 20, 5
Box: 4, 109, 23
Box: 4, 109, 103
Box: 4, 19, 25
Box: 25, 13, 12
Box: 4, 109, 43
Box: 34, 11, 23
Box: 25, 109, 22
Box: 4, 7, 45
Box: 30, 11, 123
Box: 65, 109, 16
Box: 146, 109, 19
Box: 9, 11, 17
Box: 8, 10, 25
Box: 20, 9, 123
Box: 2, 16, 7
Box: 20, 9, 46
Box: 70, 8, 63
Box: 57, 68, 8
Box: 9, 2, 30
Box: 15, 13, 121
Box: 12, 109, 48
Box: 9, 109, 7
Box: 97, 5, 78
Box: 141, 20, 123
Box: 27, 4, 78
Box: 81, 9, 123
Box: 85, 2, 4
Box: 18, 3, 26
Box: 8, 22, 34
Box: 240, 109, 37
Box: 73, 3, 123
Box: 178, 109, 54
Box: 70, 109, 2
Box: 59, 109, 51
Box: 34, 34, 44
Box: 8, 27, 32
Box: 47, 3, 123
Box: 68, 13, 5
Box: 3, 18, 54
Box: 191, 104, 123
Box: 9, 16, 15
Box: 3, 109, 123
Box: 10, 9, 28
Box: 14, 109, 60
Box: 8, 4, 123
Box: 23, 35, 10
Box: 21, 109, 30
Box: 47, 6, 39
Box: 16, 109, 31
Box: 40, 18, 20
Box: 11, 34, 6
Box: 29, 42, 29
Box: 8, 3, 15
Box: 35, 53, 26
Box: 18, 10, 27
Box: 4, 70, 20
Box: 7, 27, 33
Box: 42, 7, 34
Box: 30, 53, 69
Box: 41, 109, 123
Box: 18, 9, 26
Box: 5, 4, 26
Box: 25, 109, 37
Box: 35, 6, 9
Box: 14, 15, 10
Box: 18, 4, 11
Box: 5, 109, 123
Box: 118, 5, 4
Box: 8, 109, 12
Box: 26, 28, 123
Box: 48, 109, 64
Box: 94, 3, 17
Box: 139, 47, 89
Box: 240, 21, 16
Box: 40, 18, 40
Box: 45, 20, 3
Box: 22, 7, 39
Box: 9, 31, 4
Box: 36, 75, 77
Box: 2, 109, 19
Box: 41, 37, 123
Box: 240, 48, 7
Box: 4, 25, 64
Box: 36, 109, 123
Box: 11, 45, 2
Box: 2, 24, 3
Box: 8, 16, 19
Box: 240, 10, 123
Box: 26, 28, 123
Box: 18, 54, 48
Box: 240, 31, 90
Box: 11, 109, 34
Box: 6, 36, 36
Box: 28, 22, 50
Box: 81, 15, 32
Box: 37, 5, 73
Box: 41, 109, 22
Box: 6, 6, 13
Box: 12, 23, 50
Box: 3, 5, 3
Box: 6, 3, 14
Box: 32, 42, 6
Box: 18, 4, 17
Box: 106, 2, 59
Box: 79, 32, 2
Box: 40, 15, 58
Box: 2, 36, 27
Box: 5, 62, 72
Box: 8, 11, 15
Box: 6, 6, 14
Box: 20, 3, 33
Box: 10, 2, 22
Box: 9, 109, 68
Box: 39, 16, 123
Box: 18, 86, 8
Box: 240, 5, 123
Box: 240, 109, 8
Box: 2, 5, 6
Box: 10, 2, 11
Box: 6, 9, 2
Box: 18, 11, 26
Box: 5, 43, 4
Box: 35, 10, 10
Box: 6, 3, 26
Box: 240, 5, 27
Box: 240, 17, 49
Box: 139, 13, 11
Box: 35, 7, 13
Box: 4, 9, 123
Box: 19, 9, 17
Box: 8, 3, 7
Box: 59, 13, 25
Box: 29, 7, 10
Box: 4, 4, 33
Box: 51, 11, 123
Box: 157, 6, 14
Box: 25, 109, 27
Box: 105, 109, 9
Box: 4, 2, 7
Box: 46, 14, 2
Box: 213, 109, 5
Box: 19, 6, 123
Box: 44, 3, 18
Box: 24, 5, 8
Box: 88, 3, 17
Box: 240, 54, 3
Box: 49, 109, 56
Box: 15, 109, 2
Box: 5, 20, 4
Box: 50, 25, 14
Box: 34, 109, 12
Box: 12, 28, 13
Box: 240, 3, 22
Box: 13, 88, 123
Box: 45, 3, 5
Box: 9, 61, 10
Box: 4, 6, 2
Box: 4, 7, 5
Box: 40, 63, 123
Box: 25, 109, 2
Box: 6, 109, 12
Box: 15, 11, 36
Box: 52, 62, 72
Box: 8, 109, 22
Box: 240, 109, 7
Box: 70, 23, 22
Box: 91, 2, 45
Box: 20, 7, 15
Box: 7, 9, 27
Box: 2, 27, 16
Box: 7, 10, 2
Box: 4, 13, 2
Box: 87, 109, 123
Box: 92, 47, 49
Box: 4, 40, 67
Box: 7, 8, 120
Box: 98, 109, 9
Box: 113, 109, 2
Box: 22, 11, 5
Box: 40, 72, 21
Box: 9, 43, 4
Box: 21, 109, 28
Box: 4, 25, 14
Box: 28, 4, 10
Box: 8, 2, 6
Box: 4, 2, 3
Box: 50, 109, 123
Box: 54, 109, 20
Box: 3, 6, 17
Box: 51, 109, 123
Box: 223, 3, 5
Box: 9, 13, 3
Box: 7, 9, 40
Box: 2, 7, 3
Box: 127, 4, 4
Box: 81, 6, 48
Box: 75, 2, 20
Box: 106, 11, 123
Box: 3, 11, 5
Box: 20, 9, 3
Box: 11, 9, 10
Box: 166, 80, 8
Box: 240, 18, 57
Box: 28, 26, 27
Box: 8, 6, 9
Box: 15, 109, 64
Box: 70, 6, 123
Box: 33, 4, 2
Box: 27, 109, 11
Box: 8, 8, 3
Box: 6, 16, 7
Box: 49, 2, 123
Box: 2, 10, 13
Box: 9, 14, 123
Box: 5, 66, 2
Box: 172, 109, 4
Box: 26, 4, 123
Box: 240, 29, 123
Box: 30, 38, 57
Box: 33, 26, 15
Box: 5, 52, 13
Box: 4, 17, 19
Box: 2, 2, 11
Box: 5, 38, 21
Box: 33, 6, 5
Box: 74, 109, 30
Box: 2, 10, 123
Box: 22, 109, 4
Box: 71, 8, 2
Box: 13, 13, 11
Box: 16, 109, 16
Box: 7, 20, 8
Box: 9, 2, 27
Box: 43, 109, 123
Box: 33, 65, 2
Box: 46, 14, 4
Box: 54, 50, 2
Box: 51, 47, 21
Box: 16, 8, 4
Box: 4, 4, 123
Box: 2, 11, 5
Box: 27, 2, 20
Box: 4, 6, 19
Box: 240, 13, 18
Box: 3, 31, 16
Box: 46, 26, 9
Box: 47, 9, 2
Box: 4, 7, 10
Box: 17, 4, 123
Box: 2, 47, 18
Box: 9, 109, 26
Box: 27, 109, 17
Box: 9, 34, 123
Box: 53, 109, 28
Box: 27, 109, 5
Box: 34, 9, 25
Box: 9, 109, 30
Box: 37, 23, 2
Box: 18, 9, 30
Box: 101, 26, 45
Box: 15, 9, 46
Box: 40, 109, 119
Box: 9, 80, 4
Box: 15, 75, 123
Box: 3, 57, 2
Box: 2, 7, 21
Box: 74, 80, 11
Box: 28, 13, 6
Box: 9, 12, 3
Box: 9, 47, 40
Box: 32, 109, 34
Box: 15, 109, 28
Box: 4, 27, 66
Box: 27, 21, 59
Box: 55, 6, 32
Box: 34, 45, 101
Box: 24, 3, 3
Box: 45, 28, 123
Box: 5, 34, 37
Box: 75, 109, 2
Box: 27, 3, 2
Box: 3, 105, 32
Box: 11, 60, 22
Box: 96, 109, 123
Box: 16, 2, 14
Box: 34, 70, 25
Box: 28, 4, 9
Box: 31, 27, 13
Box: 82, 18, 33
Box: 9, 31, 123
Box: 16, 12, 4
Box: 166, 80, 68
Box: 4, 109, 10
Box: 11, 22, 10
Box: 5, 109, 123
Box: 2, 30, 17
Box: 9, 6, 2
Box: 84, 72, 123
Box: 48, 45, 3
Box: 5, 109, 65
Box: 51, 9, 2
Box: 60, 16, 11
Box: 23, 109, 4
Box: 31, 13, 19
Box: 6, 57, 123
Box: 70, 44, 123
Box: 10, 13, 23
Box: 12, 57, 123
Box: 45, 109, 25
Box: 27, 6, 20
Box: 8, 26, 32
Box: 10, 9, 28
Box: 13, 91, 24
Box: 166, 57, 123
Box: 37, 10, 50
Box: 22, 28, 2
Box: 65, 18, 6
Box: 101, 43, 26
Box: 47, 54, 48
Box: 18, 109, 64
Box: 2, 54, 44
Box: 6, 18, 123
Box: 25, 3, 13
Box: 17, 109, 11
Box: 3, 6, 123
Box: 9, 40, 4
Box: 6, 2, 25
Box: 2, 10, 123
Box: 31, 31, 19
Box: 4, 14, 30
Box: 4, 8, 14
Box: 31, 10, 2
Box: 2, 19, 34
Box: 8, 34, 41
Box: 55, 26, 9
Box: 5, 20, 41
Box: 6, 109, 8
Box: 16, 97, 8
Box: 40, 18, 40
Box: 24, 10, 56
Box: 240, 5, 9
Box: 17, 60, 30
Box: 47, 6, 4
Box: 45, 109, 123
Box: 31, 4, 19
Box: 4, 24, 32
Box: 75, 2, 20
Box: 42, 3, 37
Box: 16, 3, 18
Box: 240, 109, 4
Box: 10, 10, 2
Box: 28, 17, 9
Box: 5, 109, 123
Box: 2, 48, 10
Box: 15, 2, 15
Box: 10, 13, 121
Box: 15, 11, 7
Box: 2, 48, 10
Box: 68, 57, 5
Box: 6, 30, 22
Box: 27, 47, 5
Box: 5, 2, 106
Box: 23, 31, 16
Box: 44, 18, 33
Box: 51, 6, 23
Box: 28, 4, 33
Box: 9, 9, 12
Box: 14, 2, 5
Box: 18, 9, 44
Box: 28, 11, 25
Box: 6, 48, 43
Box: 167, 60, 22
Box: 14, 15, 59
Box: 37, 44, 33
Box: 4, 3, 2
Box: 46, 2, 34
Box: 68, 18, 5
Box: 7, 109, 123
Box: 9, 7, 123
Box: 12, 11, 14
Box: 9, 109, 3
Box: 8, 10, 21
Box: 5, 109, 20
Box: 14, 2, 63
Box: 33, 26, 10
Box: 98, 11, 24
Box: 11, 109, 20
Box: 21, 17, 49
Box: 137, 109, 23
Box: 37, 109, 4
Box: 12, 37, 123
Box: 105, 109, 93
Box: 10, 2, 7
Box: 29, 25, 14
Box: 28, 17, 32
Box: 9, 109, 11
Box: 100, 69, 21
Box: 63, 26, 3
Box: 240, 13, 46
Box: 9, 7, 65
Box: 48, 5, 6
Box: 2, 31, 5
Box: 5, 20, 4
Box: 4, 31, 16
Box: 9, 3, 94
Box: 9, 6, 10
Box: 94, 109, 13
Box: 6, 2, 2
Box: 2, 3, 10
Box: 79, 22, 2
Box: 9, 23, 25
Box: 15, 6, 14
Box: 6, 58, 27
Box: 6, 6, 25
Box: 44, 109, 35
Box: 6, 109, 12
Box: 8, 2, 123
Box: 3, 43, 20
Box: 78, 19, 6
Box: 20, 20, 123
Box: 21, 18, 16
Box: 18, 14, 26
Box: 37, 22, 123
Box: 172, 109, 66
Box: 15, 17, 4
Box: 22, 68, 123
Box: 14, 3, 5
Box: 17, 2, 16
Box: 91, 109, 8
Box: 20, 17, 30
Box: 57, 109, 3
Box: 17, 109, 123
Box: 37, 26, 18
Box: 4, 8, 3
Box: 5, 4, 3
Box: 33, 12, 10
Box: 41, 21, 69
Box: 10, 63, 49
Box: 6, 4, 3
Box: 19, 6, 123
Box: 20, 29, 23
Box: 36, 6, 5
Box: 240, 54, 17
Box: 9, 2, 18
Box: 240, 109, 59
Box: 3, 49, 2
Box: 4, 31, 33
Box: 6, 23, 2
Box: 31, 7, 19
Box: 19, 15, 20
Box: 4, 105, 32
Box: 12, 109, 20
Box: 87, 62, 4
Box: 5, 9, 106
Box: 71, 25, 71
Box: 23, 35, 13
Box: 16, 6, 18
Box: 24, 109, 8
Box: 70, 4, 15
Box: 31, 4, 19
Box: 240, 29, 16
Box: 78, 109, 66
Box: 27, 11, 123
Box: 93, 8, 14
Box: 56, 6, 24
Box: 166, 109, 4
Box: 13, 71, 123
Box: 13, 22, 50
Box: 8, 11, 32
Box: 3, 30, 6
Box: 56, 22, 66
Box: 7, 6, 14
Box: 2, 51, 26
Box: 46, 25, 63
Box: 5, 8, 13
Box: 5, 20, 2
Box: 7, 59, 50
Box: 78, 35, 8
Box: 16, 109, 24
Box: 5, 37, 13
Box: 50, 109, 2
Box: 6, 3, 3
Box: 12, 109, 2
Box: 2, 10, 13
Box: 60, 6, 123
Box: 3, 7, 25
Box: 4, 3, 10
Box: 118, 109, 123
Box: 70, 28, 63
Box: 70, 10, 123
Box: 240, 16, 57
Box: 12, 30, 32
Box: 2, 109, 16
Box: 24, 109, 22
Box: 8, 2, 2
Box: 27, 15, 2
Box: 18, 109, 63
Box: 3, 109, 8
Box: 13, 18, 7
Box: 11, 14, 5
Box: 8, 109, 123
Box: 6, 30, 123
Box: 24, 11, 5
Box: 8, 8, 15
Box: 22, 3, 5
Box: 14, 2, 27
Box: 168, 53, 93
Box: 6, 18, 34
Box: 18, 8, 8
Box: 12, 23, 14
Box: 46, 10, 5
Box: 12, 14, 5
Box: 3, 15, 15
Box: 4, 41, 31
Box: 6, 4, 23
Box: 28, 14, 77
Box: 7, 38, 11
Box: 38, 109, 5
Box: 240, 109, 46
Box: 9, 13, 12
Box: 40, 22, 65
Box: 19, 15, 20
Box: 40, 11, 21
Box: 12, 109, 123
Box: 8, 43, 18
Box: 141, 5, 123
Box: 2, 16, 123
Box: 15, 12, 15
Box: 7, 14, 17
Box: 9, 109, 18
Box: 114, 73, 123
Box: 2, 109, 11
Box: 32, 109, 13
Box: 70, 109, 2
Box: 10, 109, 20
Box: 6, 16, 25
Box: 15, 109, 38
Box: 240, 19, 55
Box: 22, 28, 123
Box: 54, 109, 4
Box: 18, 10, 42
Box: 44, 50, 18
Box: 18, 18, 5
Box: 240, 29, 12
Box: 18, 55, 105
Box: 240, 2, 26
Box: 16, 18, 2
Box: 20, 109, 76
Box: 38, 2, 123
Box: 130, 109, 35
Box: 10, 8, 21
Box: 42, 7, 19
Box: 51, 6, 21
Box: 11, 2, 7
Box: 85, 109, 6
Box: 64, 23, 2
Box: 91, 4, 16
Box: 80, 52, 123
Box: 90, 14, 25
Box: 9, 11, 11
Box: 6, 18, 8
Box: 16, 73, 50
Box: 30, 14, 123
Box: 35, 3, 9
Box: 16, 3, 10
Box: 30, 11, 33
Box: 98, 37, 25
Box: 10, 3, 42
Box: 9, 3, 24
Box: 32, 27, 6
Box: 3, 2, 123
Box: 53, 29, 34
Box: 7, 9, 80
Box: 3, 21, 123
Box: 21, 109, 6
Box: 4, 16, 11
Box: 2, 109, 123
Box: 31, 45, 35
Box: 126, 2, 123
Box: 3, 109, 35
Box: 5, 29, 123
Box: 24, 109, 20
Box: 137, 109, 3
Box: 21, 17, 27
Box: 19, 5, 20
Box: 9, 109, 4
Box: 240, 109, 4
Box: 25, 3, 13
Box: 84, 2, 45
Box: 240, 109, 6
Box: 23, 26, 49
Box: 71, 9, 106
Box: 67, 109, 5
Box: 10, 7, 123
Box: 94, 109, 11
Box: 54, 29, 2
Box: 48, 45, 5
Box: 5, 60, 30
Box: 4, 7, 4
Box: 40, 109, 18
Box: 9, 109, 64
Box: 3, 109, 9
Box: 6, 7, 28
Box: 240, 16, 6
Box: 2, 109, 22
Box: 9, 4, 5
Box: 6, 6, 14
Box: 20, 50, 5
Box: 10, 16, 7
Box: 14, 25, 5
Box: 5, 7, 8
Box: 56, 41, 37
Box: 111, 23, 18
Box: 25, 25, 13
Box: 20, 2, 16
Box: 19, 17, 14
Box: 46, 23, 63
Box: 84, 2, 37
Box: 6, 109, 18
Box: 154, 109, 17
Box: 102, 109, 123
Box: 8, 5, 2
Box: 4, 23, 5
Box: 4, 19, 21
Box: 240, 3, 5
Box: 17, 22, 62
Box: 20, 9, 42
Box: 32, 28, 123
Box: 14, 9, 120
Box: 16, 109, 14
Box: 45, 14, 6
Box: 4, 13, 4
Box: 45, 109, 64
Box: 22, 22, 9
Box: 11, 11, 4
Box: 13, 21, 123
Box: 12, 109, 20
Box: 28, 21, 123
Box: 12, 3, 123
Box: 33, 39, 14
Box: 14, 22, 123
Box: 40, 109, 4
Box: 70, 39, 6
Box: 91, 19, 16
Box: 14, 109, 123
Box: 28, 109, 29
Box: 19, 66, 32
Box: 6, 109, 5
Box: 103, 22, 123
Box: 20, 2, 23
Box: 41, 109, 2
Box: 47, 40, 32
Box: 34, 4, 37
Box: 16, 6, 41
Box: 65, 18, 123
Box: 55, 109, 64
Box: 35, 109, 123
Box: 12, 5, 2
Box: 36, 29, 5
Box: 7, 109, 37
Box: 19, 109, 22
Box: 3, 109, 34
Box: 3, 19, 62
Box: 240, 4, 13
Box: 91, 4, 7
Box: 6, 22, 24
Box: 3, 6, 10
Box: 70, 51, 63
Box: 21, 32, 14
Box: 130, 36, 4
Box: 23, 109, 90
Box: 13, 109, 20
Box: 77, 109, 2
Box: 12, 37, 123
Box: 51, 9, 21
Box: 20, 2, 123
Box: 5, 27, 32
Box: 32, 26, 24
Box: 16, 33, 123
Box: 10, 6, 6
Box: 8, 22, 9
Box: 35, 109, 13
Box: 9, 6, 14
Box: 13, 11, 8
Box: 29, 15, 6
Box: 40, 109, 3
Box: 57, 13, 47
Box: 26, 107, 14
Box: 9, 12, 9
Box: 7, 15, 10
Box: 46, 109, 3
Box: 24, 109, 9
Box: 51, 109, 2
Box: 18, 3, 21
Box: 137, 109, 41
Box: 31, 6, 35
Box: 6, 53, 23
Box: 27, 31, 16
Box: 9, 48, 10
Box: 2, 6, 9
Box: 51, 11, 66
Box: 72, 55, 2
Box: 16, 6, 6
Box: 33, 109, 8
Box: 25, 109, 15
Box: 32, 109, 123
Box: 240, 7, 3
Box: 5, 10, 106
Box: 45, 33, 54
Box: 11, 60, 123
Box: 4, 109, 30
Box: 240, 109, 7
Box: 7, 6, 10
Box: 23, 10, 21
Box: 48, 10, 37
Box: 5, 2, 37
Box: 22, 16, 5
Box: 3, 7, 26
Box: 15, 55, 7
Box: 10, 5, 2
Box: 240, 4, 123
Box: 9, 38, 24
Box: 30, 7, 7
Box: 7, 22, 14
Box: 12, 11, 33
Box: 23, 109, 123
Box: 4, 11, 5
Box: 85, 109, 16
Box: 20, 26, 123
Box: 5, 109, 11
Box: 37, 10, 2
Box: 240, 18, 123
Box: 22, 41, 123
Box: 120, 55, 123
Box: 32, 9, 17
Box: 76, 14, 62
Box: 15, 25, 14
Box: 8, 28, 26
Box: 8, 32, 14
Box: 20, 109, 123
Box: 5, 47, 45
Box: 31, 3, 19
Box: 72, 27, 46
Box: 10, 109, 9
Box: 37, 16, 42
Box: 25, 36, 10
Box: 6, 26, 22
Box: 29, 13, 7
Box: 4, 6, 24
Box: 16, 12, 6
Box: 41, 109, 65
Box: 58, 54, 20
Box: 7, 30, 37
Box: 2, 31, 3
Box: 9, 31, 26
Box: 240, 58, 123
Box: 33, 12, 10
Box: 25, 10, 42
Box: 47, 109, 66
Box: 8, 28, 31
Box: 6, 109, 7
Box: 25, 7, 10
Box: 8, 3, 12
Box: 4, 22, 56
Box: 25, 4, 83
Box: 2, 22, 10
Box: 4, 13, 14
Box: 35, 10, 19
Box: 31, 2, 35
Box: 28, 22, 38
Box: 15, 9, 38
Box: 51, 11, 66
Box: 35, 28, 14
Box: 191, 109, 7
Box: 15, 25, 123
Box: 8, 73, 26
Box: 20, 63, 2
Box: 240, 3, 22
Box: 55, 109, 76
Box: 7, 8, 15
Box: 9, 5, 24
Box: 119, 15, 123
Box: 3, 79, 21
Box: 9, 109, 37
Box: 7, 22, 123
Box: 240, 11, 10
Box: 11, 10, 10
Box: 52, 22, 26
Box: 37, 33, 6
Box: 9, 14, 18
Box: 4, 3, 3
Box: 55, 6, 10
Box: 6, 109, 111
Box: 9, 19, 68
Box: 57, 87, 56
Box: 16, 109, 34
Box: 51, 109, 24
Box: 51, 47, 11
Box: 31, 41, 123
Box: 18, 17, 26
Box: 8, 4, 51
Box: 20, 109, 6
Box: 42, 3, 10
Box: 5, 109, 17
Box: 17, 18, 23
Box: 15, 10, 24
Box: 51, 109, 26
Box: 16, 2, 123
Box: 50, 109, 2
Box: 17, 25, 3
Box: 18, 25, 3
Box: 13, 6, 41
Box: 33, 26, 6
Box: 131, 109, 9
Box: 12, 7, 4
Box: 28, 4, 81
Box: 16, 6, 52
Box: 48, 45, 55
Box: 27, 32, 15
Box: 13, 17, 17
Box: 13, 6, 3
Box: 4, 2, 6
Box: 4, 8, 33
Box: 4, 13, 12
Box: 25, 6, 45
Box: 9, 109, 4
Box: 27, 109, 3
Box: 60, 25, 117
Box: 19, 41, 18
Box: 60, 9, 11
Box: 3, 29, 10
Box: 16, 48, 10
Box: 23, 109, 17
Box: 4, 4, 56
Box: 4, 2, 66
Box: 7, 13, 23
Box: 4, 46, 22
Box: 9, 18, 40
Box: 9, 29, 65
Box: 51, 40, 13
Box: 23, 11, 17
Box: 9, 109, 5
Box: 40, 13, 65
Box: 20, 109, 2
Box: 81, 4, 123
Box: 5, 35, 37
Box: 9, 2, 2
Box: 13, 43, 2
Box: 4, 18, 29
Box: 64, 109, 2
Box: 2, 2, 4
Box: 101, 8, 14
Box: 48, 4, 32
Box: 4, 22, 24
Box: 240, 11, 3
Box: 5, 109, 5
Box: 4, 109, 42
Box: 10, 7, 10
Box: 7, 109, 22
Box: 14, 109, 33
Box: 44, 22, 39
Box: 45, 5, 3
Box: 23, 8, 38
Box: 240, 14, 49
Box: 5, 10, 50
Box: 38, 3, 48
Box: 2, 2, 2
Box: 30, 11, 5
Box: 15, 25, 27
Box: 12, 14, 2
Box: 7, 109, 51
Box: 8, 20, 15
Box: 76, 9, 45
Box: 20, 26, 13
Box: 16, 2, 67
Box: 127, 15, 38
Box: 240, 46, 5
Box: 13, 18, 123
Box: 10, 5, 11
Box: 27, 15, 43
Box: 3, 25, 6
Box: 58, 17, 2
Box: 4, 40, 24
Box: 31, 7, 19
Box: 45, 13, 3
Box: 3, 109, 20
Box: 102, 109, 41
Box: 15, 5, 4
Box: 85, 22, 123
Box: 61, 109, 123
Box: 41, 47, 49
Box: 10, 23, 4
Box: 10, 7, 21
Box: 23, 109, 123
Box: 27, 53, 123
Box: 40, 3, 58
Box: 3, 107, 14
Box: 240, 109, 22
Box: 69, 13, 51
Box: 22, 109, 37
Box: 118, 5, 35
Box: 33, 109, 123
Box: 12, 43, 4
Box: 40, 41, 5
Box: 3, 33, 6
Box: 9, 109, 4
Box: 240, 24, 26
Box: 5, 109, 34
Box: 71, 4, 2
Box: 7, 27, 80
Box: 24, 109, 25
Box: 19, 36, 27
Box: 30, 53, 48
Box: 139, 34, 123
Box: 32, 45, 2
Box: 6, 109, 11
Box: 11, 109, 34
Box: 7, 109, 34
Box: 18, 87, 8
Box: 7, 13, 3
Box: 18, 11, 123
Box: 31, 15, 80
Box: 40, 43, 5
Box: 13, 13, 60
Box: 39, 109, 6
Box: 240, 13, 24
Box: 45, 2, 3
Box: 75, 16, 77
Box: 10, 17, 16
Box: 16, 109, 123
Box: 6, 16, 14
Box: 51, 4, 21
Box: 31, 10, 4
Box: 3, 6, 31
Box: 14, 2, 63
Box: 95, 7, 88
Box: 9, 3, 27
Box: 57, 18, 10
Box: 18, 109, 26
Box: 11, 5, 5
Box: 4, 20, 28
Box: 3, 26, 21
Box: 81, 109, 43
Box: 6, 2, 22
Box: 47, 109, 123
Box: 16, 78, 34
Box: 114, 109, 62
Box: 16, 31, 6
Box: 16, 37, 123
Box: 4, 7, 10
Box: 40, 29, 47
Box: 14, 57, 8
Box: 13, 13, 6
Box: 54, 6, 13
Box: 16, 109, 3
Box: 15, 10, 26
Box: 4, 43, 6
Box: 29, 47, 18
Box: 94, 109, 25
Box: 51, 47, 33
Box: 57, 109, 63
Box: 9, 10, 25
Box: 42, 22, 34
Box: 46, 46, 23
Box: 36, 8, 27
Box: 240, 40, 123
Box: 51, 7, 23
Box: 240, 16, 26
Box: 45, 43, 5
Box: 54, 32, 27
Box: 8, 3, 18
Box: 4, 109, 24
Box: 75, 2, 77
Box: 25, 109, 6
Box: 131, 25, 117
Box: 10, 13, 6
Box: 48, 14, 123
Box: 16, 22, 123
Box: 11, 5, 5
Box: 4, 47, 18
Box: 12, 20, 86
Box: 14, 109, 22
Box: 15, 109, 28
Box: 78, 109, 43
Box: 9, 2, 32
Box: 5, 38, 10
Box: 5, 6, 9
Box: 45, 12, 2
Box: 4, 97, 8
Box: 137, 109, 17
Box: 33, 6, 5
Box: 46, 46, 74
Box: 45, 28, 123
Box: 81, 6, 12
Box: 2, 11, 17
Box: 37, 109, 2
Box: 159, 22, 27
Box: 96, 17, 49
Box: 20, 11, 63
Box: 34, 36, 37
Box: 10, 109, 123
Box: 2, 21, 8
Box: 73, 22, 57
Box: 240, 43, 123
Box: 14, 14, 8
Box: 107, 109, 86
Box: 12, 4, 9
Box: 6, 23, 15
Box: 3, 11, 17
Box: 240, 5, 31
Box: 14, 25, 3
Box: 27, 9, 55
Box: 5, 109, 35
Box: 10, 14, 33
Box: 5, 39, 22
Box: 13, 9, 4
Box: 8, 7, 10
Box: 111, 109, 7
Box: 13, 19, 123
Box: 23, 30, 123
Box: 15, 6, 9
Box: 8, 19, 68
Box: 13, 11, 9
Box: 67, 59, 39
Box: 78, 19, 8
Box: 14, 25, 6
Box: 3, 109, 76
Box: 19, 53, 123
Box: 46, 109, 6
Box: 102, 96, 25
Box: 18, 109, 32
Box: 4, 4, 3
Box: 13, 13, 9
Box: 45, 38, 5
Box: 46, 8, 3
Box: 23, 38, 7
Box: 240, 64, 4
Box: 38, 17, 17
Box: 101, 26, 69
Box: 152, 22, 57
Box: 85, 28, 4
Box: 240, 7, 123
Box: 13, 11, 38
Box: 72, 4, 58
Box: 4, 18, 4
Box: 14, 109, 123
Box: 240, 48, 14
Box: 47, 16, 123
Box: 17, 48, 5
Box: 15, 11, 5
Box: 6, 26, 3
Box: 73, 5, 123
Box: 8, 28, 23
Box: 8, 109, 16
Box: 14, 25, 6
Box: 17, 21, 123
Box: 2, 37, 123
Box: 41, 109, 123
Box: 4, 109, 11
Box: 47, 6, 38
Box: 78, 76, 15
Box: 15, 14, 54
Box: 51, 18, 123
Box: 15, 51, 26
Box: 13, 22, 7
Box: 5, 15, 32
Box: 22, 109, 8
Box: 7, 22, 34
Box: 3, 29, 40
Box: 38, 28, 123
Box: 23, 26, 2
Box: 20, 9, 46
Box: 9, 9, 26
Box: 68, 14, 6
Box: 29, 28, 123
Box: 2, 66, 2
Box: 213, 109, 28
Box: 109, 109, 13
Box: 16, 39, 25
Box: 2, 32, 27
Box: 78, 19, 10
Box: 4, 6, 5
Box: 240, 12, 24
Box: 65, 7, 39
Box: 34, 2, 37
Box: 7, 109, 84
Box: 166, 59, 123
Box: 12, 109, 123
Box: 102, 109, 10
Box: 8, 37, 13
Box: 4, 31, 66
Box: 6, 14, 33
Box: 14, 103, 8
Box: 9, 109, 52
Box: 37, 81, 57
Box: 154, 109, 123
Box: 4, 23, 22
Box: 14, 23, 8
Box: 34, 17, 10
Box: 70, 65, 56
Box: 31, 3, 19
Box: 118, 22, 10
Box: 42, 62, 33
Box: 96, 63, 10
Box: 5, 20, 12
Box: 110, 99, 13
Box: 15, 10, 97
Box: 25, 109, 29
Box: 12, 16, 123
Box: 32, 109, 50
Box: 70, 4, 123
Box: 14, 20, 79
Box: 22, 50, 123
Box: 37, 72, 10
Box: 240, 45, 4
Box: 7, 32, 22
Box: 240, 22, 123
Box: 8, 2, 11
Box: 42, 59, 123
Box: 36, 7, 10
Box: 139, 47, 16
Box: 97, 2, 78
Box: 4, 12, 29
Box: 37, 21, 28
Box: 51, 15, 123
Box: 28, 30, 123
Box: 4, 8, 2
Box: 110, 9, 20
Box: 22, 68, 36
Box: 10, 109, 5
Box: 21, 17, 29
Box: 3, 15, 4
Box: 4, 13, 14
Box: 12, 12, 15
Box: 65, 18, 23
Box: 6, 8, 14
Box: 12, 18, 5
Box: 40, 28, 58
Box: 20, 109, 5
Box: 240, 11, 11
Box: 9, 11, 27
Box: 46, 5, 123
Box: 48, 45, 77
Box: 6, 109, 6
Box: 47, 9, 8
Box: 14, 6, 8
Box: 16, 48, 123
Box: 4, 30, 11
Box: 9, 16, 3
Box: 8, 16, 33
Box: 51, 16, 7
Box: 6, 4, 26
Box: 3, 9, 10
Box: 155, 73, 117
Box: 6, 109, 7
Box: 37, 16, 6
Box: 7, 109, 4
Box: 2, 2, 16
Box: 19, 41, 31
Box: 16, 51, 2
Box: 37, 107, 31
Box: 16, 71, 10
Box: 49, 73, 123
Box: 106, 8, 59
Box: 29, 109, 29
Box: 9, 109, 18
Box: 32, 9, 46
Box: 12, 3, 33
Box: 22, 109, 15
Box: 240, 26, 10
Box: 170, 23, 123
Box: 36, 11, 24
Box: 7, 8, 5
Box: 6, 6, 10
Box: 4, 109, 20
Box: 2, 109, 3
Box: 54, 4, 27
Box: 17, 11, 17
Box: 7, 14, 6
Box: 73, 101, 123
Box: 15, 16, 36
Box: 240, 3, 3
Box: 9, 22, 123
Box: 9, 5, 14
Box: 65, 31, 26
Box: 35, 23, 14
Box: 6, 109, 28
Box: 45, 43, 3
Box: 32, 51, 26
Box: 25, 7, 25
Box: 55, 109, 66
Box: 87, 35, 10
Box: 4, 13, 3
Box: 38, 10, 24
Box: 5, 11, 106
Box: 54, 2, 13
Box: 107, 109, 37
Box: 100, 109, 28
Box: 16, 31, 17
Box: 45, 5, 5
Box: 16, 8, 4
Box: 10, 62, 33
Box: 8, 30, 123
Box: 42, 31, 123
Box: 14, 6, 8
Box: 110, 16, 20
Box: 18, 10, 56
Box: 51, 46, 21
Box: 9, 40, 15
Box: 3, 3, 18
Box: 4, 7, 21
Box: 22, 109, 42
Box: 24, 17, 32
Box: 139, 54, 36
Box: 129, 5, 2
Box: 10, 3, 6
Box: 27, 109, 3
Box: 15, 10, 37
Box: 240, 21, 21
Box: 5, 15, 45
Box: 21, 18, 7
Box: 7, 109, 123
Box: 7, 2, 37
Box: 19, 109, 123
Box: 5, 18, 16
Box: 51, 5, 23
Box: 30, 109, 123
Box: 118, 11, 27
Box: 240, 29, 27
Box: 85, 46, 4
Box: 45, 43, 10
Box: 9, 17, 123
Box: 240, 21, 55
Box: 72, 17, 32
Box: 32, 109, 23
Box: 4, 55, 11
Box: 35, 54, 23
Box: 4, 8, 5
Box: 36, 31, 24
Box: 133, 72, 123
Box: 29, 109, 58
Box: 52, 109, 123
Box: 28, 7, 45
Box: 17, 3, 33
Box: 124, 63, 3
Box: 157, 17, 123
Box: 4, 3, 10
Box: 70, 11, 25
Box: 77, 2, 15
Box: 20, 109, 32
Box: 31, 3, 33
Box: 25, 58, 10
Box: 4, 109, 17
Box: 82, 31, 123
Box: 9, 109, 7
Box: 8, 3, 15
Box: 5, 34, 3
Box: 42, 60, 123
Box: 14, 18, 23
Box: 87, 43, 51
Box: 15, 15, 4
Box: 68, 109, 3
Box: 9, 9, 23
Box: 10, 9, 123
Box: 26, 109, 25
Box: 10, 4, 13
Box: 42, 7, 53
Box: 9, 16, 21
Box: 30, 27, 123
Box: 110, 109, 9
Box: 11, 24, 32
Box: 13, 3, 48
Box: 4, 37, 64
Box: 9, 109, 5
Box: 2, 3, 20
Box: 9, 18, 7
Box: 124, 63, 8
Box: 9, 109, 59
Box: 44, 109, 10
Box: 7, 48, 22
Box: 20, 20, 4
Box: 4, 5, 29
Box: 4, 11, 14
Box: 35, 16, 7
Box: 240, 21, 55
Box: 3, 46, 62
Box: 4, 109, 13
Box: 4, 28, 20
Box: 7, 109, 123
Box: 3, 22, 66
Box: 20, 109, 2
Box: 20, 38, 24
Box: 36, 3, 77
Box: 4, 109, 27
Box: 16, 73, 58
Box: 4, 109, 123
Box: 9, 109, 123
Box: 9, 16, 40
Box: 3, 9, 63
Box: 134, 25, 14
Box: 3, 101, 11
Box: 27, 53, 123
Box: 23, 33, 13
Box: 6, 11, 123
Box: 20, 109, 13
Box: 35, 47, 123
Box: 4, 109, 9
Box: 10, 25, 10
Box: 4, 18, 13
Box: 9, 109, 103
Box: 240, 25, 37
Box: 40, 63, 40
Box: 15, 34, 123
Box: 180, 109, 26
Box: 16, 11, 10
Box: 3, 73, 32
Box: 14, 18, 5
Box: 44, 41, 6
Box: 4, 21, 22
Box: 54, 109, 17
Box: 22, 109, 29
Box: 6, 109, 103
Box: 9, 39, 3
Box: 10, 3, 41
Box: 8, 9, 41
Box: 7, 109, 35
Box: 30, 13, 123
Box: 26, 80, 25
Box: 240, 87, 45
Box: 4, 38, 21
Box: 20, 28, 2
Box: 13, 22, 123
Box: 3, 6, 2
Box: 5, 3, 9
Box: 52, 109, 64
Box: 10, 46, 11
Box: 80, 24, 35
Box: 2, 109, 35
Box: 15, 109, 25
Box: 23, 109, 21
Box: 75, 31, 26
Box: 36, 101, 27
Box: 66, 47, 123
Box: 38, 10, 26
Box: 29, 11, 123
Box: 51, 11, 47
Box: 60, 8, 11
Box: 5, 16, 21
Box: 240, 2, 123
Box: 60, 37, 11
Box: 81, 6, 28
Box: 46, 46, 21
Box: 240, 21, 55
Box: 32, 109, 23
Box: 3, 36, 32
Box: 70, 52, 123
Box: 4, 30, 16
Box: 12, 2, 34
Box: 37, 2, 123
Box: 16, 55, 4
Box: 183, 4, 56
Box: 8, 81, 18
Box: 8, 109, 70
Box: 22, 59, 123
Box: 5, 109, 12
Box: 13, 13, 23
Box: 9, 109, 2
Box: 3, 19, 68
Box: 26, 18, 10
Box: 17, 109, 123
Box: 189, 109, 5
Box: 6, 29, 28
Box: 20, 5, 13
Box: 5, 109, 8
Box: 189, 25, 3
Box: 51, 47, 30
Box: 44, 2, 39
Box: 15, 2, 14
Box: 96, 13, 123
Box: 12, 11, 5
Box: 30, 38, 6
Box: 16, 6, 14
Box: 31, 68, 4
Box: 13, 2, 65
Box: 4, 8, 18
Box: 10, 5, 35
Box: 32, 6, 6
Box: 21, 11, 17
Box: 2, 27, 83
Box: 22, 109, 108
Box: 8, 109, 14
Box: 31, 109, 6
Box: 15, 109, 19
Box: 10, 5, 4
Box: 126, 13, 123
Box: 51, 109, 14
Box: 26, 3, 33
Box: 66, 109, 17
Box: 7, 3, 10
Box: 17, 109, 123
Box: 40, 25, 40
Box: 5, 109, 2
Box: 87, 3, 24
Box: 2, 109, 37
Box: 13, 6, 34
Box: 13, 6, 50
Box: 7, 109, 2
Box: 25, 15, 123
Box: 9, 109, 13
Box: 5, 12, 15
Box: 7, 8, 27
Box: 35, 6, 13
Box: 13, 16, 21
Box: 16, 3, 72
Box: 41, 19, 33
Box: 6, 28, 123
Box: 45, 9, 123
Box: 33, 20, 2
Box: 18, 4, 57
Box: 94, 106, 17
Box: 4, 34, 123
Box: 9, 27, 3
Box: 45, 25, 123
Box: 6, 41, 27
Box: 41, 21, 24
Box: 9, 16, 24
Box: 12, 34, 123
Box: 76, 25, 62
Box: 47, 109, 123
Box: 11, 4, 5
Box: 9, 109, 5
Box: 20, 109, 13
Box: 9, 9, 4
Box: 3, 65, 56
Box: 2, 53, 123
Box: 9, 66, 2
Box: 101, 24, 35
Box: 7, 2, 65
Box: 5, 23, 45
Box: 21, 6, 13
Box: 14, 47, 42
Box: 51, 11, 2
Box: 20, 4, 6
Box: 212, 101, 11
Box: 2, 109, 82
Box: 54, 50, 52
Box: 22, 21, 5
Box: 4, 73, 20
Box: 23, 9, 54
Box: 18, 10, 26
Box: 6, 109, 123
Box: 97, 12, 4
Box: 5, 20, 21
Box: 83, 33, 45
Box: 16, 2, 18
Box: 40, 36, 123
Box: 34, 20, 10
Box: 126, 13, 123
Box: 53, 8, 6
Box: 70, 69, 36
Box: 23, 109, 27
Box: 15, 8, 123
Box: 9, 109, 43
Box: 83, 18, 5
Box: 30, 4, 123
Box: 28, 18, 4
Box: 36, 16, 77
Box: 14, 25, 23
Box: 27, 109, 8
Box: 28, 2, 17
Box: 40, 21, 20
Box: 11, 28, 5
Box: 12, 10, 10
Box: 11, 4, 5
Box: 41, 2, 6
Box: 4, 109, 11
Box: 8, 4, 3
Box: 40, 26, 123
Box: 3, 15, 9
Box: 105, 109, 11
Box: 12, 22, 7
Box: 94, 109, 44
Box: 13, 7, 50
Box: 11, 102, 123
Box: 38, 17, 106
Box: 37, 109, 6
Box: 54, 24, 35
Box: 31, 15, 43
Box: 11, 18, 123
Box: 42, 6, 17
Box: 4, 7, 4
Box: 106, 30, 59
Box: 16, 3, 10
Box: 33, 39, 9
Box: 58, 24, 65
Box: 30, 109, 2
Box: 6, 109, 123
Box: 9, 43, 3
Box: 8, 3, 19
Box: 6, 4, 16
Box: 240, 109, 22
Box: 4, 33, 123
Box: 18, 6, 16
Box: 4, 19, 22
Box: 12, 109, 72
Box: 91, 109, 73
Box: 10, 22, 26
Box: 58, 38, 123
Box: 76, 109, 44
Box: 20, 28, 123
Box: 106, 8, 59
Box: 101, 5, 123
Box: 9, 2, 2
Box: 7, 14, 4
Box: 18, 5, 4
Box: 4, 10, 2
Box: 4, 6, 3
Box: 77, 52, 15
Box: 6, 23, 2
Box: 2, 20, 36
Box: 6, 18, 17
Box: 33, 39, 7
Box: 4, 2, 123
Box: 37, 8, 18
Box: 98, 29, 25
Box: 35, 10, 12
Box: 91, 41, 45
Box: 45, 4, 4
Box: 14, 53, 23
Box: 34, 6, 37
Box: 15, 9, 10
Box: 25, 20, 4
Box: 23, 23, 11
Box: 96, 63, 3
Box: 26, 109, 10
Box: 10, 11, 11
Box: 28, 13, 4
Box: 5, 35, 77
Box: 240, 6, 26
Box: 99, 14, 6
Box: 8, 2, 6
Box: 63, 6, 17
Box: 33, 39, 10
Box: 77, 10, 15
Box: 111, 16, 52
Box: 8, 53, 123
Box: 8, 3, 19
Box: 15, 43, 4
Box: 6, 2, 14
Box: 71, 31, 26
Box: 15, 3, 36
Box: 19, 2, 14
Box: 34, 24, 10
Box: 102, 109, 14
Box: 19, 41, 8
Box: 20, 16, 15
Box: 22, 15, 5
Box: 85, 5, 123
####################
#Expected Output: 113
#Number of Bins: 113.
