Bin: 184, 121, 169
Box: 8, 17, 6
Box: 35, 108, 16
Box: 71, 15, 24
Box: 47, 34, 9
Box: 2, 12, 3
Box: 52, 8, 169
Box: 7, 12, 38
Box: 12, 2, 48
Box: 38, 10, 3
Box: 17, 9, 169
Box: 7, 68, 9
Box: 47, 121, 36
Box: 46, 121, 91
Box: 7, 20, 49
Box: 17, 28, 169
Box: 21, 40, 8
Box: 2, 20, 49
Box: 136, 121, 2
Box: 184, 121, 53
Box: 39, 45, 30
Box: 21, 121, 23
Box: 3, 121, 150
Box: 61, 18, 169
Box: 65, 5, 5
Box: 9, 17, 169
Box: 10, 4, 11
Box: 20, 7, 55
Box: 7, 53, 38
Box: 26, 9, 112
Box: 23, 121, 71
Box: 54, 121, 11
Box: 184, 26, 26
Box: 39, 6, 65
Box: 18, 2, 97
Box: 31, 7, 88
Box: 2, 51, 169
Box: 6, 22, 50
Box: 41, 44, 24
Box: 5, 121, 45
Box: 6, 23, 17
Box: 21, 16, 51
Box: 54, 71, 34
Box: 35, 33, 169
Box: 51, 3, 22
Box: 21, 66, 13
Box: 33, 75, 78
Box: 21, 27, 8
Box: 21, 4, 13
Box: 42, 121, 43
Box: 184, 5, 8
Box: 4, 13, 87
Box: 9, 12, 19
Box: 184, 67, 23
Box: 184, 121, 78
Box: 32, 121, 169
Box: 9, 6, 63
Box: 3, 25, 18
Box: 3, 121, 169
Box: 11, 63, 34
Box: 10, 34, 2
Box: 2, 5, 10
Box: 46, 8, 40
Box: 8, 121, 11
Box: 14, 121, 17
Box: 50, 8, 14
Box: 2, 33, 6
Box: 184, 17, 5
Box: 37, 5, 21
Box: 118, 17, 8
Box: 27, 15, 13
Box: 42, 6, 2
Box: 51, 7, 2
Box: 157, 57, 8
Box: 26, 121, 21
Box: 57, 40, 169
Box: 12, 7, 64
Box: 45, 64, 3
Box: 12, 3, 2
Box: 47, 6, 49
Box: 50, 9, 9
Box: 33, 121, 75
Box: 11, 121, 5
Box: 8, 24, 29
Box: 52, 121, 19
Box: 13, 121, 169
Box: 42, 12, 2
Box: 23, 121, 5
Box: 9, 121, 5
Box: 2, 108, 135
Box: 41, 14, 40
Box: 4, 22, 7
Box: 90, 4, 12
Box: 11, 27, 2
Box: 11, 15, 38
Box: 11, 33, 19
Box: 184, 28, 24
Box: 5, 6, 35
Box: 184, 4, 5
Box: 40, 6, 21
Box: 12, 69, 97
Box: 2, 9, 5
Box: 4, 121, 4
Box: 14, 121, 169
Box: 47, 8, 60
Box: 10, 68, 9
Box: 35, 37, 46
Box: 57, 40, 115
Box: 3, 121, 2
Box: 33, 26, 169
Box: 184, 7, 18
Box: 139, 121, 68
Box: 7, 7, 15
Box: 9, 18, 19
Box: 11, 118, 169
Box: 6, 42, 9
Box: 119, 4, 46
Box: 26, 10, 14
Box: 42, 76, 5
Box: 7, 72, 35
Box: 15, 38, 29
Box: 118, 3, 8
Box: 30, 6, 14
Box: 24, 13, 41
Box: 71, 7, 30
Box: 4, 121, 77
Box: 61, 42, 2
Box: 65, 48, 12
Box: 3, 14, 18
Box: 16, 11, 4
Box: 37, 11, 21
Box: 12, 4, 65
Box: 17, 88, 19
Box: 49, 16, 47
Box: 4, 28, 143
Box: 79, 40, 21
Box: 92, 28, 169
Box: 51, 51, 43
Box: 10, 98, 81
Box: 17, 4, 8
Box: 18, 121, 34
Box: 38, 59, 2
Box: 5, 4, 2
Box: 58, 3, 169
Box: 76, 7, 12
Box: 184, 15, 46
Box: 18, 8, 40
Box: 54, 12, 27
Box: 22, 32, 21
Box: 47, 11, 77
Box: 60, 121, 38
Box: 46, 121, 46
Box: 12, 5, 53
Box: 6, 6, 32
Box: 8, 17, 32
Box: 12, 69, 48
Box: 17, 13, 25
Box: 5, 4, 27
Box: 15, 23, 42
Box: 52, 121, 62
Box: 77, 6, 53
Box: 27, 10, 25
Box: 30, 13, 32
Box: 184, 27, 18
Box: 184, 56, 28
Box: 6, 10, 169
Box: 34, 7, 108
Box: 14, 4, 8
Box: 33, 121, 38
Box: 15, 2, 19
Box: 184, 2, 25
Box: 5, 13, 87
Box: 9, 6, 8
Box: 30, 31, 48
Box: 2, 5, 23
Box: 5, 39, 11
Box: 184, 13, 18
Box: 14, 121, 5
Box: 23, 11, 19
Box: 16, 4, 24
Box: 184, 22, 35
Box: 7, 4, 17
Box: 44, 38, 26
Box: 8, 24, 5
Box: 38, 28, 3
Box: 8, 6, 7
Box: 15, 32, 39
Box: 42, 36, 65
Box: 5, 72, 49
Box: 63, 121, 42
Box: 2, 3, 7
Box: 2, 45, 11
Box: 7, 10, 14
Box: 13, 25, 2
Box: 11, 11, 19
Box: 9, 43, 169
Box: 10, 2, 2
Box: 51, 121, 11
Box: 5, 18, 169
Box: 2, 47, 6
Box: 5, 4, 40
Box: 9, 18, 28
Box: 2, 3, 6
Box: 46, 31, 17
Box: 2, 33, 6
Box: 98, 121, 14
Box: 6, 121, 9
Box: 25, 32, 34
Box: 59, 42, 44
Box: 35, 29, 51
Box: 42, 6, 50
Box: 10, 121, 169
Box: 2, 23, 6
Box: 15, 3, 22
Box: 21, 121, 49
Box: 83, 121, 17
Box: 3, 13, 7
Box: 3, 27, 14
Box: 13, 2, 35
Box: 57, 6, 13
Box: 8, 25, 3
Box: 3, 2, 3
Box: 184, 66, 28
Box: 14, 4, 4
Box: 5, 121, 169
Box: 6, 13, 40
Box: 50, 15, 2
Box: 8, 21, 19
Box: 25, 13, 2
Box: 21, 42, 59
Box: 24, 32, 21
Box: 26, 32, 6
Box: 61, 4, 44
Box: 5, 4, 31
Box: 101, 3, 120
Box: 41, 8, 6
Box: 6, 32, 41
Box: 4, 121, 65
Box: 10, 23, 2
Box: 8, 6, 72
Box: 3, 64, 14
Box: 83, 8, 24
Box: 8, 36, 27
Box: 3, 18, 6
Box: 18, 82, 13
Box: 7, 9, 28
Box: 77, 4, 10
Box: 25, 50, 9
Box: 23, 121, 97
Box: 184, 81, 3
Box: 62, 121, 169
Box: 45, 64, 37
Box: 12, 6, 3
Box: 184, 16, 10
Box: 46, 6, 3
Box: 6, 26, 103
Box: 18, 70, 26
Box: 16, 31, 169
Box: 16, 17, 54
Box: 184, 121, 2
Box: 10, 6, 9
Box: 35, 33, 51
Box: 89, 57, 56
Box: 94, 121, 6
Box: 37, 24, 21
Box: 17, 14, 25
Box: 10, 16, 2
Box: 42, 76, 32
Box: 18, 57, 20
Box: 66, 121, 46
Box: 79, 45, 53
Box: 13, 121, 169
Box: 10, 40, 33
Box: 17, 121, 111
Box: 100, 39, 13
Box: 3, 20, 2
Box: 3, 75, 78
Box: 25, 4, 46
Box: 17, 5, 150
Box: 7, 15, 13
Box: 76, 121, 16
Box: 42, 32, 104
Box: 6, 54, 4
Box: 46, 121, 34
Box: 42, 14, 8
Box: 2, 33, 21
Box: 26, 4, 26
Box: 23, 48, 169
Box: 8, 31, 42
Box: 8, 17, 6
Box: 2, 13, 16
Box: 35, 10, 4
Box: 27, 12, 69
Box: 19, 56, 9
Box: 184, 6, 5
Box: 21, 121, 13
Box: 77, 31, 66
Box: 18, 42, 23
Box: 38, 121, 72
Box: 21, 121, 19
Box: 26, 6, 26
Box: 24, 43, 169
Box: 20, 121, 169
Box: 17, 16, 18
Box: 21, 10, 8
Box: 21, 100, 51
Box: 5, 28, 53
Box: 48, 9, 169
Box: 8, 24, 65
Box: 184, 56, 20
Box: 47, 21, 77
Box: 7, 4, 7
Box: 5, 49, 66
Box: 10, 4, 4
Box: 36, 22, 35
Box: 10, 34, 169
Box: 5, 34, 18
Box: 57, 3, 11
Box: 14, 121, 2
Box: 35, 7, 51
Box: 71, 21, 30
Box: 160, 110, 36
Box: 9, 121, 169
Box: 8, 6, 7
Box: 7, 77, 19
Box: 10, 121, 3
Box: 15, 14, 8
Box: 18, 69, 169
Box: 23, 5, 5
Box: 15, 34, 29
Box: 2, 13, 2
Box: 184, 22, 32
Box: 184, 66, 48
Box: 71, 121, 21
Box: 12, 17, 2
Box: 4, 40, 33
Box: 184, 66, 36
Box: 184, 84, 63
Box: 55, 5, 53
Box: 184, 17, 10
Box: 33, 15, 24
Box: 61, 39, 85
Box: 55, 100, 14
Box: 62, 22, 26
Box: 12, 7, 4
Box: 7, 7, 3
Box: 20, 21, 12
Box: 18, 3, 20
Box: 139, 3, 5
Box: 4, 37, 14
Box: 9, 121, 3
Box: 6, 121, 36
Box: 24, 121, 6
Box: 184, 8, 65
Box: 70, 121, 6
Box: 19, 121, 11
Box: 18, 121, 18
Box: 101, 3, 94
Box: 7, 28, 143
Box: 2, 7, 9
Box: 16, 121, 169
Box: 10, 121, 13
Box: 34, 6, 31
Box: 18, 3, 17
Box: 51, 76, 24
Box: 2, 46, 169
Box: 47, 4, 60
Box: 57, 6, 43
Box: 184, 4, 8
Box: 8, 36, 15
Box: 2, 121, 110
Box: 61, 39, 16
Box: 92, 13, 12
Box: 6, 58, 17
Box: 27, 121, 8
Box: 87, 20, 169
Box: 184, 13, 169
Box: 23, 5, 10
Box: 8, 73, 14
Box: 6, 42, 2
Box: 9, 28, 152
Box: 47, 3, 9
Box: 42, 12, 4
Box: 54, 5, 27
Box: 184, 121, 29
Box: 6, 7, 14
Box: 53, 25, 67
Box: 7, 10, 11
Box: 75, 5, 129
Box: 74, 121, 27
Box: 113, 121, 21
Box: 40, 32, 5
Box: 7, 13, 50
Box: 13, 20, 169
Box: 24, 121, 15
Box: 18, 10, 97
Box: 2, 20, 7
Box: 16, 121, 51
Box: 11, 109, 45
Box: 12, 121, 19
Box: 97, 77, 19
Box: 184, 2, 5
Box: 75, 22, 3
Box: 13, 6, 2
Box: 184, 4, 26
Box: 54, 13, 34
Box: 18, 70, 35
Box: 13, 7, 11
Box: 40, 4, 5
Box: 9, 8, 169
Box: 38, 121, 17
Box: 64, 12, 22
Box: 7, 7, 11
Box: 13, 11, 35
Box: 25, 121, 98
Box: 7, 18, 50
Box: 3, 33, 5
Box: 88, 22, 31
Box: 33, 18, 9
Box: 99, 22, 62
Box: 36, 50, 42
Box: 12, 10, 7
Box: 10, 22, 2
Box: 25, 5, 57
Box: 10, 11, 2
Box: 22, 46, 29
Box: 20, 121, 12
Box: 44, 22, 34
Box: 13, 121, 38
Box: 37, 49, 111
Box: 61, 6, 46
Box: 16, 22, 31
Box: 33, 21, 58
Box: 47, 21, 2
Box: 11, 7, 5
Box: 14, 121, 7
Box: 55, 121, 24
Box: 25, 33, 61
Box: 10, 99, 55
Box: 22, 42, 2
Box: 2, 3, 25
Box: 4, 5, 5
Box: 30, 24, 10
Box: 18, 5, 3
Box: 9, 26, 32
Box: 12, 6, 10
Box: 4, 121, 44
Box: 64, 23, 34
Box: 30, 21, 22
Box: 54, 18, 27
Box: 24, 3, 87
Box: 21, 21, 74
Box: 135, 5, 169
Box: 112, 121, 42
Box: 10, 75, 78
Box: 7, 2, 14
Box: 84, 32, 3
Box: 4, 3, 15
Box: 49, 53, 15
Box: 59, 12, 32
Box: 55, 10, 93
Box: 9, 30, 169
Box: 48, 54, 169
Box: 13, 40, 33
Box: 39, 45, 11
Box: 7, 72, 20
Box: 3, 4, 3
Box: 12, 38, 2
Box: 2, 47, 37
Box: 14, 19, 14
Box: 25, 88, 169
Box: 184, 26, 18
Box: 46, 6, 32
Box: 77, 6, 5
Box: 22, 20, 2
Box: 49, 4, 3
Box: 16, 3, 4
Box: 38, 42, 59
Box: 61, 39, 37
Box: 94, 9, 4
Box: 2, 17, 7
Box: 8, 17, 2
Box: 3, 30, 4
Box: 21, 121, 4
Box: 41, 3, 10
Box: 2, 28, 17
Box: 101, 20, 169
Box: 18, 2, 17
Box: 44, 9, 26
Box: 30, 5, 169
Box: 7, 15, 2
Box: 21, 121, 119
Box: 48, 15, 24
Box: 119, 33, 6
Box: 61, 39, 8
Box: 94, 121, 22
Box: 2, 22, 29
Box: 35, 108, 27
Box: 184, 11, 10
Box: 10, 30, 5
Box: 11, 46, 19
Box: 90, 62, 12
Box: 15, 79, 19
Box: 15, 48, 29
Box: 80, 2, 8
Box: 35, 4, 4
Box: 37, 46, 29
Box: 38, 116, 169
Box: 24, 16, 41
Box: 8, 17, 3
Box: 25, 10, 4
Box: 26, 5, 5
Box: 30, 24, 40
Box: 16, 6, 32
Box: 6, 8, 4
Box: 12, 7, 4
Box: 18, 17, 5
Box: 82, 17, 23
Box: 6, 121, 6
Box: 3, 6, 5
Box: 6, 34, 29
Box: 7, 121, 19
Box: 10, 23, 65
Box: 5, 4, 11
Box: 101, 3, 4
Box: 77, 31, 39
Box: 4, 28, 143
Box: 10, 10, 9
Box: 3, 18, 7
Box: 25, 32, 21
Box: 5, 16, 15
Box: 7, 6, 4
Box: 62, 23, 26
Box: 4, 18, 8
Box: 42, 9, 169
Box: 5, 3, 27
Box: 91, 121, 11
Box: 5, 121, 6
Box: 55, 121, 46
Box: 7, 4, 15
Box: 51, 10, 5
Box: 10, 4, 11
Box: 47, 22, 2
Box: 184, 33, 22
Box: 7, 2, 6
Box: 6, 51, 41
Box: 2, 27, 2
Box: 49, 35, 40
Box: 61, 30, 115
Box: 25, 121, 98
Box: 23, 121, 19
Box: 36, 75, 9
Box: 21, 2, 53
Box: 25, 27, 169
Box: 38, 30, 3
Box: 2, 14, 6
Box: 23, 5, 8
Box: 2, 13, 17
Box: 55, 121, 21
Box: 184, 19, 110
Box: 7, 121, 169
Box: 18, 2, 17
Box: 7, 6, 50
Box: 32, 9, 19
Box: 44, 65, 34
Box: 10, 46, 2
Box: 4, 121, 13
Box: 31, 39, 12
Box: 32, 121, 13
Box: 10, 67, 111
Box: 8, 42, 59
Box: 6, 12, 25
Box: 15, 85, 32
Box: 3, 14, 4
Box: 156, 121, 22
Box: 3, 14, 6
Box: 61, 30, 16
Box: 45, 121, 42
Box: 33, 13, 32
Box: 184, 99, 61
Box: 184, 15, 10
Box: 184, 121, 90
Box: 23, 11, 13
Box: 17, 23, 43
Box: 19, 32, 21
Box: 9, 121, 44
Box: 46, 46, 40
Box: 18, 6, 3
Box: 9, 121, 77
Box: 40, 32, 24
Box: 49, 36, 73
Box: 5, 10, 35
Box: 40, 121, 98
Box: 71, 121, 12
Box: 40, 4, 58
Box: 12, 3, 23
Box: 8, 45, 97
Box: 42, 12, 3
Box: 6, 121, 169
Box: 18, 5, 40
Box: 4, 121, 14
Box: 153, 12, 14
Box: 184, 2, 65
Box: 10, 4, 11
Box: 9, 19, 2
Box: 15, 24, 38
Box: 74, 7, 8
Box: 4, 49, 21
Box: 46, 121, 22
Box: 184, 34, 124
Box: 46, 121, 169
Box: 2, 53, 38
Box: 42, 76, 10
Box: 21, 121, 25
Box: 41, 7, 48
Box: 40, 33, 11
Box: 6, 24, 58
Box: 25, 4, 26
Box: 84, 30, 3
Box: 14, 33, 6
Box: 8, 19, 12
Box: 94, 17, 4
Box: 5, 10, 69
Box: 184, 121, 13
Box: 3, 121, 19
Box: 51, 39, 2
Box: 2, 40, 9
Box: 21, 121, 40
Box: 5, 8, 11
Box: 78, 20, 18
Box: 184, 121, 87
Box: 2, 3, 23
Box: 4, 121, 29
Box: 9, 121, 42
Box: 64, 121, 98
Box: 4, 17, 21
Box: 9, 27, 5
Box: 6, 72, 41
Box: 11, 17, 46
Box: 29, 22, 9
Box: 35, 10, 73
Box: 25, 26, 33
Box: 184, 118, 40
Box: 7, 6, 12
Box: 21, 121, 24
Box: 4, 121, 14
Box: 8, 13, 44
Box: 9, 18, 69
Box: 9, 13, 32
Box: 4, 121, 43
Box: 5, 6, 27
Box: 51, 15, 2
Box: 4, 121, 169
Box: 42, 6, 7
Box: 30, 31, 57
Box: 66, 4, 38
Box: 17, 41, 169
Box: 23, 11, 3
Box: 25, 121, 8
Box: 35, 2, 4
Box: 4, 12, 21
Box: 25, 7, 16
Box: 184, 17, 169
Box: 184, 8, 6
Box: 31, 5, 4
Box: 17, 14, 9
Box: 100, 16, 8
Box: 184, 121, 20
Box: 49, 44, 169
Box: 92, 13, 19
Box: 8, 121, 6
Box: 47, 22, 49
Box: 28, 7, 169
Box: 2, 17, 16
Box: 57, 121, 13
Box: 44, 121, 17
Box: 2, 27, 2
Box: 6, 40, 33
Box: 40, 10, 169
Box: 3, 7, 6
Box: 184, 121, 29
Box: 2, 121, 169
Box: 73, 9, 169
Box: 61, 4, 7
Box: 3, 4, 17
Box: 13, 118, 28
Box: 20, 70, 9
Box: 7, 121, 3
Box: 5, 121, 19
Box: 30, 8, 5
Box: 2, 14, 2
Box: 48, 60, 169
Box: 13, 22, 8
Box: 8, 6, 61
Box: 9, 15, 4
Box: 55, 10, 31
Box: 22, 66, 91
Box: 45, 13, 110
Box: 2, 47, 169
Box: 2, 21, 14
Box: 184, 5, 35
Box: 184, 11, 65
Box: 139, 121, 5
Box: 18, 7, 17
Box: 32, 24, 19
Box: 57, 3, 54
Box: 146, 121, 3
Box: 16, 121, 14
Box: 21, 16, 63
Box: 10, 121, 16
Box: 44, 92, 14
Box: 48, 9, 169
Box: 71, 7, 30
Box: 11, 36, 9
Box: 24, 38, 5
Box: 51, 121, 5
Box: 51, 121, 11
Box: 53, 11, 65
Box: 12, 25, 56
Box: 91, 7, 46
Box: 15, 121, 36
Box: 2, 56, 2
Box: 92, 3, 169
Box: 184, 118, 6
Box: 60, 7, 88
Box: 14, 24, 69
Box: 9, 121, 169
Box: 6, 4, 11
Box: 77, 6, 5
Box: 5, 56, 2
Box: 88, 52, 37
Box: 8, 17, 5
Box: 61, 53, 13
Box: 25, 17, 169
Box: 10, 23, 41
Box: 61, 31, 53
Box: 30, 68, 78
Box: 3, 13, 17
Box: 48, 2, 14
Box: 15, 8, 29
Box: 75, 13, 36
Box: 28, 45, 137
Box: 6, 37, 14
Box: 76, 121, 50
Box: 6, 51, 16
Box: 18, 5, 3
Box: 10, 31, 5
Box: 118, 8, 8
Box: 15, 24, 58
Box: 17, 23, 36
Box: 47, 121, 28
Box: 20, 121, 42
Box: 20, 121, 23
Box: 139, 7, 5
Box: 13, 121, 13
Box: 184, 121, 9
Box: 8, 6, 43
Box: 18, 22, 50
Box: 4, 14, 2
Box: 33, 6, 169
Box: 18, 70, 2
Box: 44, 25, 12
Box: 79, 12, 6
Box: 132, 4, 169
Box: 94, 42, 85
Box: 40, 19, 69
Box: 14, 5, 88
Box: 25, 3, 33
Box: 10, 4, 3
Box: 34, 12, 12
Box: 10, 24, 3
Box: 87, 75, 169
Box: 19, 8, 2
Box: 84, 85, 3
Box: 9, 121, 9
Box: 9, 26, 29
Box: 49, 10, 5
Box: 14, 28, 17
Box: 37, 121, 4
Box: 41, 32, 87
Box: 48, 121, 77
Box: 3, 4, 24
Box: 71, 15, 30
Box: 52, 121, 23
Box: 11, 15, 31
Box: 100, 2, 13
Box: 2, 39, 5
Box: 30, 121, 19
Box: 10, 27, 5
Box: 24, 121, 6
Box: 23, 27, 70
Box: 18, 17, 17
Box: 61, 13, 169
Box: 2, 121, 98
Box: 184, 15, 169
Box: 3, 20, 2
Box: 9, 121, 14
Box: 64, 121, 77
Box: 29, 9, 28
Box: 7, 8, 50
Box: 31, 14, 12
Box: 6, 3, 3
Box: 71, 22, 17
Box: 3, 14, 2
Box: 4, 121, 14
Box: 16, 121, 76
Box: 184, 2, 65
Box: 6, 121, 6
Box: 40, 47, 26
Box: 75, 11, 36
Box: 6, 68, 2
Box: 14, 121, 129
Box: 8, 2, 35
Box: 21, 37, 2
Box: 37, 23, 36
Box: 12, 48, 169
Box: 16, 12, 7
Box: 50, 73, 14
Box: 7, 10, 3
Box: 7, 9, 34
Box: 12, 2, 11
Box: 10, 30, 9
Box: 2, 56, 2
Box: 28, 20, 110
Box: 7, 121, 121
Box: 12, 121, 49
Box: 4, 12, 3
Box: 8, 108, 44
Box: 74, 121, 12
Box: 10, 5, 9
Box: 47, 35, 60
Box: 184, 121, 21
Box: 7, 10, 16
Box: 44, 108, 169
Box: 65, 7, 36
Box: 9, 121, 11
Box: 24, 33, 41
Box: 8, 38, 19
Box: 46, 16, 12
Box: 5, 24, 43
Box: 17, 4, 136
Box: 184, 118, 56
Box: 184, 27, 8
Box: 21, 14, 53
Box: 10, 70, 35
Box: 53, 40, 21
Box: 50, 41, 169
Box: 32, 121, 21
Box: 85, 6, 72
Box: 6, 121, 21
Box: 18, 61, 20
Box: 90, 107, 17
Box: 7, 4, 6
Box: 6, 63, 16
Box: 36, 4, 17
Box: 23, 15, 169
Box: 61, 4, 34
Box: 94, 121, 67
Box: 55, 10, 38
Box: 41, 9, 2
Box: 10, 5, 40
Box: 12, 33, 30
Box: 20, 8, 5
Box: 184, 13, 2
Box: 13, 121, 169
Box: 9, 29, 3
Box: 17, 121, 98
Box: 55, 15, 53
Box: 63, 18, 121
Box: 4, 121, 3
Box: 92, 41, 169
Box: 11, 3, 169
Box: 12, 121, 17
Box: 184, 10, 26
Box: 20, 61, 9
Box: 20, 19, 12
Box: 3, 4, 9
Box: 10, 121, 2
Box: 3, 22, 23
Box: 20, 121, 51
Box: 49, 36, 24
Box: 4, 4, 3
Box: 12, 12, 7
Box: 75, 34, 129
Box: 82, 46, 97
Box: 13, 13, 15
Box: 7, 40, 50
Box: 184, 2, 101
Box: 9, 42, 169
Box: 77, 5, 8
Box: 8, 29, 4
Box: 83, 113, 24
Box: 6, 121, 19
Box: 39, 121, 169
Box: 17, 13, 17
Box: 5, 2, 2
Box: 12, 121, 8
Box: 18, 9, 2
Box: 13, 2, 169
Box: 40, 121, 169
Box: 11, 3, 12
Box: 25, 16, 33
Box: 141, 3, 87
Box: 69, 17, 2
Box: 21, 108, 135
Box: 21, 12, 69
Box: 32, 16, 25
Box: 29, 77, 28
Box: 8, 12, 10
Box: 15, 48, 42
Box: 30, 53, 78
Box: 15, 32, 5
Box: 12, 14, 30
Box: 11, 15, 11
Box: 9, 5, 169
Box: 8, 6, 49
Box: 33, 21, 29
Box: 10, 121, 4
Box: 35, 2, 35
Box: 88, 32, 2
Box: 17, 42, 23
Box: 3, 26, 56
Box: 17, 23, 18
Box: 10, 6, 18
Box: 16, 121, 6
Box: 8, 6, 6
Box: 17, 23, 4
Box: 74, 121, 25
Box: 30, 4, 31
Box: 18, 14, 17
Box: 46, 121, 4
Box: 11, 4, 24
Box: 47, 25, 2
Box: 75, 25, 2
Box: 44, 23, 58
Box: 68, 73, 14
Box: 9, 13, 32
Box: 114, 41, 169
Box: 31, 2, 4
Box: 7, 5, 34
Box: 11, 12, 169
Box: 66, 57, 38
Box: 92, 10, 169
Box: 19, 24, 12
Box: 16, 121, 2
Box: 49, 4, 7
Box: 136, 121, 2
Box: 9, 4, 63
Box: 12, 33, 12
Box: 4, 7, 25
Box: 10, 25, 11
Box: 84, 89, 169
Box: 7, 73, 38
Box: 5, 39, 11
Box: 60, 47, 169
Box: 24, 45, 74
Box: 42, 8, 7
Box: 13, 19, 12
Box: 184, 24, 35
Box: 41, 19, 169
Box: 47, 121, 169
Box: 18, 121, 75
Box: 11, 18, 169
Box: 3, 49, 8
Box: 2, 40, 23
Box: 40, 18, 78
Box: 9, 26, 5
Box: 10, 5, 9
Box: 30, 121, 11
Box: 56, 45, 15
Box: 9, 121, 70
Box: 25, 44, 169
Box: 45, 6, 72
Box: 10, 30, 2
Box: 7, 72, 59
Box: 57, 6, 14
Box: 184, 121, 9
Box: 50, 5, 5
Box: 8, 24, 29
Box: 62, 42, 19
Box: 11, 6, 169
Box: 5, 7, 13
Box: 6, 53, 15
Box: 49, 36, 5
Box: 4, 7, 3
Box: 7, 10, 5
Box: 184, 121, 40
Box: 3, 6, 169
Box: 34, 12, 31
Box: 11, 121, 31
Box: 5, 3, 27
Box: 12, 92, 53
Box: 52, 75, 29
Box: 3, 56, 9
Box: 13, 2, 11
Box: 6, 58, 16
Box: 30, 121, 169
Box: 46, 6, 5
Box: 70, 121, 8
Box: 11, 109, 78
Box: 25, 13, 2
Box: 59, 121, 3
Box: 14, 121, 2
Box: 5, 10, 2
Box: 22, 6, 52
Box: 38, 121, 37
Box: 2, 121, 169
Box: 70, 13, 32
Box: 184, 58, 5
Box: 8, 121, 74
Box: 52, 121, 119
Box: 6, 121, 2
Box: 14, 2, 88
Box: 25, 3, 33
Box: 61, 94, 34
Box: 25, 121, 32
Box: 20, 121, 3
Box: 98, 121, 169
Box: 13, 4, 2
Box: 2, 121, 3
Box: 40, 4, 111
Box: 54, 27, 34
Box: 40, 61, 18
Box: 5, 17, 2
Box: 2, 3, 3
Box: 8, 6, 77
Box: 17, 13, 9
Box: 31, 121, 2
Box: 8, 6, 7
Box: 81, 42, 169
Box: 37, 3, 10
Box: 18, 47, 169
Box: 42, 9, 65
Box: 92, 45, 169
Box: 57, 55, 87
Box: 90, 59, 2
Box: 35, 38, 4
Box: 5, 121, 19
Box: 10, 121, 5
Box: 10, 25, 111
Box: 19, 63, 28
Box: 4, 3, 16
Box: 10, 41, 35
Box: 3, 121, 45
Box: 184, 121, 17
Box: 23, 5, 6
Box: 121, 17, 5
Box: 184, 7, 10
Box: 25, 3, 169
Box: 76, 45, 2
Box: 25, 20, 34
Box: 55, 121, 2
Box: 11, 24, 5
Box: 16, 58, 71
Box: 10, 121, 6
Box: 45, 64, 35
Box: 61, 24, 67
Box: 5, 44, 115
Box: 51, 76, 115
Box: 10, 7, 133
Box: 2, 56, 2
Box: 12, 15, 13
Box: 20, 27, 5
Box: 12, 12, 6
Box: 71, 121, 8
Box: 25, 121, 16
Box: 23, 27, 15
Box: 7, 2, 8
Box: 3, 121, 111
Box: 184, 13, 48
Box: 3, 121, 9
Box: 17, 3, 5
Box: 8, 40, 21
Box: 29, 64, 2
Box: 25, 22, 33
Box: 30, 121, 5
Box: 19, 14, 28
Box: 4, 4, 2
Box: 13, 77, 19
Box: 8, 121, 3
Box: 6, 22, 17
Box: 8, 5, 169
Box: 30, 31, 55
Box: 64, 23, 24
Box: 9, 18, 59
Box: 7, 108, 135
Box: 4, 20, 49
Box: 184, 2, 32
Box: 51, 37, 5
Box: 6, 42, 12
Box: 77, 31, 36
Box: 6, 17, 41
Box: 13, 4, 7
Box: 10, 16, 18
Box: 50, 33, 11
Box: 45, 118, 28
Box: 27, 16, 3
Box: 6, 2, 5
Box: 13, 28, 9
Box: 80, 121, 17
Box: 77, 5, 8
Box: 13, 5, 35
Box: 7, 12, 145
Box: 184, 10, 5
Box: 4, 20, 2
Box: 5, 34, 13
Box: 26, 28, 53
Box: 25, 8, 15
Box: 9, 121, 39
Box: 9, 12, 2
Box: 33, 7, 31
Box: 88, 2, 31
Box: 5, 53, 38
Box: 184, 61, 62
Box: 43, 121, 5
Box: 10, 121, 25
Box: 11, 20, 2
Box: 7, 10, 6
Box: 28, 34, 169
Box: 7, 6, 34
Box: 47, 7, 77
Box: 47, 9, 60
Box: 41, 14, 5
Box: 55, 30, 162
Box: 42, 10, 169
Box: 27, 79, 24
Box: 35, 11, 65
Box: 7, 2, 8
Box: 21, 121, 91
Box: 54, 45, 46
Box: 25, 72, 73
Box: 33, 121, 121
Box: 84, 22, 31
Box: 7, 121, 5
Box: 13, 3, 2
Box: 47, 121, 21
Box: 10, 59, 34
Box: 33, 103, 9
Box: 11, 20, 110
Box: 36, 3, 9
Box: 184, 8, 75
Box: 184, 5, 63
Box: 184, 47, 110
Box: 17, 23, 169
Box: 10, 6, 3
Box: 25, 13, 5
Box: 34, 9, 108
Box: 3, 30, 4
Box: 141, 7, 9
Box: 7, 6, 72
Box: 33, 21, 56
Box: 45, 10, 169
Box: 61, 13, 53
Box: 64, 121, 46
Box: 184, 40, 99
Box: 27, 59, 3
Box: 11, 42, 35
Box: 21, 20, 13
Box: 15, 10, 42
Box: 7, 47, 21
Box: 184, 121, 9
Box: 10, 23, 61
Box: 32, 14, 25
Box: 2, 121, 169
Box: 35, 3, 51
Box: 106, 121, 169
Box: 63, 6, 121
Box: 184, 121, 24
Box: 145, 13, 17
Box: 40, 6, 65
Box: 2, 20, 5
Box: 30, 121, 21
Box: 184, 7, 32
Box: 184, 121, 31
Box: 4, 121, 35
Box: 75, 25, 15
Box: 5, 24, 13
Box: 3, 28, 143
Box: 3, 8, 6
Box: 14, 27, 2
Box: 84, 32, 32
Box: 33, 121, 71
Box: 5, 6, 8
Box: 8, 9, 6
Box: 8, 16, 15
Box: 40, 4, 17
Box: 9, 37, 19
Box: 184, 8, 11
Box: 10, 6, 3
Box: 6, 3, 12
Box: 136, 121, 3
Box: 71, 8, 30
Box: 32, 23, 169
Box: 7, 17, 50
Box: 56, 45, 21
Box: 46, 121, 73
Box: 12, 5, 2
Box: 85, 10, 2
Box: 19, 121, 2
Box: 184, 121, 2
Box: 2, 3, 3
Box: 6, 32, 21
Box: 65, 5, 21
Box: 14, 121, 33
Box: 184, 12, 19
Box: 9, 11, 63
Box: 5, 5, 5
Box: 17, 23, 6
Box: 61, 7, 160
Box: 41, 9, 169
Box: 48, 10, 169
Box: 21, 21, 2
Box: 17, 33, 19
Box: 36, 121, 30
Box: 4, 8, 26
Box: 40, 11, 136
Box: 46, 50, 78
Box: 39, 45, 46
Box: 50, 45, 74
Box: 34, 121, 4
Box: 7, 53, 169
Box: 40, 121, 17
Box: 109, 106, 39
Box: 6, 4, 17
Box: 2, 4, 65
Box: 3, 27, 2
Box: 26, 121, 169
Box: 184, 29, 19
Box: 24, 42, 23
Box: 4, 28, 53
Box: 60, 121, 56
Box: 29, 10, 28
Box: 184, 8, 6
Box: 90, 2, 2
Box: 28, 121, 5
Box: 22, 121, 9
Box: 40, 19, 32
Box: 4, 121, 8
Box: 32, 121, 36
Box: 78, 5, 18
Box: 30, 24, 67
Box: 184, 109, 169
Box: 184, 32, 5
Box: 2, 7, 17
Box: 65, 12, 169
Box: 118, 43, 8
Box: 100, 20, 110
Box: 20, 121, 42
Box: 5, 44, 14
Box: 40, 32, 30
Box: 10, 8, 2
Box: 28, 121, 21
Box: 40, 2, 169
Box: 9, 35, 25
Box: 3, 121, 11
Box: 61, 11, 28
Box: 51, 3, 22
Box: 3, 121, 21
Box: 4, 121, 3
Box: 184, 12, 69
Box: 11, 14, 4
Box: 9, 26, 6
Box: 5, 121, 10
Box: 3, 3, 4
Box: 64, 60, 40
Box: 10, 15, 9
Box: 2, 12, 169
Box: 10, 98, 82
Box: 56, 39, 9
Box: 89, 14, 56
Box: 18, 2, 17
Box: 35, 14, 4
Box: 27, 57, 25
Box: 184, 27, 6
Box: 10, 4, 11
Box: 14, 4, 14
Box: 6, 121, 7
Box: 19, 41, 28
Box: 54, 28, 169
Box: 184, 2, 24
Box: 49, 36, 24
Box: 63, 121, 8
Box: 10, 3, 22
Box: 90, 10, 2
Box: 7, 20, 38
Box: 24, 42, 41
Box: 24, 50, 41
Box: 5, 56, 9
Box: 21, 20, 45
Box: 21, 22, 31
Box: 45, 64, 63
Box: 94, 121, 3
Box: 7, 21, 30
Box: 71, 121, 5
Box: 10, 28, 2
Box: 3, 8, 15
Box: 9, 38, 2
Box: 25, 15, 34
Box: 71, 121, 8
Box: 2, 3, 162
Box: 5, 4, 17
Box: 6, 53, 2
Box: 184, 40, 5
Box: 184, 121, 31
Box: 13, 6, 35
Box: 28, 121, 69
Box: 6, 8, 17
Box: 62, 79, 19
Box: 46, 30, 17
Box: 184, 56, 18
Box: 19, 25, 21
Box: 8, 29, 13
Box: 87, 13, 87
Box: 14, 14, 88
Box: 49, 16, 14
Box: 184, 27, 32
Box: 18, 27, 2
Box: 184, 6, 10
Box: 3, 121, 71
Box: 9, 42, 35
Box: 184, 99, 80
Box: 161, 121, 39
Box: 22, 6, 12
Box: 88, 22, 23
Box: 6, 21, 25
Box: 3, 21, 74
Box: 8, 47, 169
Box: 18, 2, 104
Box: 8, 70, 9
Box: 4, 19, 14
Box: 15, 7, 5
Box: 4, 121, 60
Box: 76, 46, 78
Box: 54, 38, 52
Box: 41, 7, 9
Box: 184, 42, 19
Box: 4, 5, 46
Box: 53, 121, 43
Box: 54, 77, 19
Box: 17, 13, 169
Box: 5, 4, 11
Box: 53, 2, 8
Box: 104, 121, 8
Box: 9, 121, 169
Box: 32, 121, 169
Box: 22, 6, 4
Box: 4, 6, 2
Box: 40, 121, 7
Box: 32, 2, 8
Box: 46, 16, 32
Box: 21, 121, 42
Box: 10, 121, 4
Box: 118, 121, 71
Box: 9, 43, 169
Box: 40, 4, 28
Box: 27, 6, 3
Box: 7, 8, 3
Box: 12, 12, 48
Box: 97, 121, 49
Box: 77, 6, 8
Box: 29, 27, 9
Box: 139, 26, 36
Box: 6, 13, 25
Box: 2, 37, 29
Box: 5, 7, 3
Box: 12, 12, 9
Box: 64, 18, 12
Box: 36, 10, 42
Box: 184, 89, 21
Box: 78, 121, 40
Box: 13, 2, 35
Box: 32, 16, 25
Box: 20, 13, 87
Box: 184, 12, 24
Box: 6, 34, 40
Box: 13, 121, 15
Box: 12, 33, 41
Box: 9, 14, 4
Box: 11, 4, 40
Box: 15, 121, 134
Box: 65, 15, 5
Box: 10, 3, 2
Box: 68, 121, 36
Box: 2, 17, 2
Box: 71, 121, 69
Box: 6, 41, 167
Box: 38, 25, 3
Box: 18, 3, 17
Box: 90, 34, 2
Box: 13, 7, 11
Box: 101, 3, 33
Box: 44, 10, 5
Box: 14, 24, 5
Box: 49, 31, 15
Box: 10, 121, 2
Box: 40, 61, 15
Box: 81, 20, 72
Box: 184, 5, 87
Box: 42, 121, 36
Box: 2, 17, 6
Box: 34, 3, 108
Box: 17, 11, 65
Box: 184, 2, 18
Box: 10, 121, 25
Box: 14, 9, 9
Box: 35, 121, 127
Box: 51, 76, 30
Box: 27, 57, 8
Box: 59, 121, 33
Box: 3, 16, 51
Box: 8, 121, 75
Box: 2, 3, 17
Box: 184, 11, 19
Box: 53, 2, 169
Box: 11, 103, 169
Box: 44, 24, 26
Box: 4, 14, 2
Box: 19, 24, 2
Box: 75, 22, 56
Box: 45, 42, 169
Box: 11, 15, 27
Box: 2, 121, 18
Box: 14, 121, 6
Box: 184, 45, 32
Box: 27, 36, 14
Box: 7, 69, 169
Box: 6, 13, 32
Box: 52, 121, 2
Box: 22, 72, 169
Box: 19, 13, 2
Box: 52, 121, 4
Box: 19, 90, 2
Box: 2, 27, 2
Box: 14, 4, 28
Box: 8, 6, 34
Box: 31, 43, 12
Box: 64, 44, 40
Box: 32, 66, 25
Box: 184, 121, 118
Box: 7, 10, 18
Box: 184, 17, 5
Box: 184, 4, 5
Box: 3, 2, 14
Box: 2, 17, 12
Box: 47, 3, 2
Box: 139, 121, 23
Box: 51, 13, 169
Box: 12, 13, 7
Box: 12, 13, 40
Box: 24, 121, 14
Box: 46, 50, 40
Box: 38, 5, 169
Box: 64, 121, 14
Box: 18, 2, 17
Box: 46, 121, 51
Box: 52, 121, 8
Box: 12, 121, 17
Box: 4, 5, 3
Box: 6, 121, 11
Box: 184, 8, 65
Box: 117, 52, 169
Box: 31, 13, 12
Box: 2, 24, 58
Box: 3, 24, 58
Box: 4, 4, 2
Box: 26, 10, 98
Box: 3, 121, 169
Box: 24, 2, 8
Box: 2, 4, 40
Box: 4, 6, 167
Box: 2, 21, 30
Box: 69, 57, 31
Box: 7, 4, 17
Box: 47, 41, 77
Box: 5, 121, 40
Box: 46, 90, 17
Box: 40, 11, 169
Box: 6, 42, 59
Box: 58, 121, 51
Box: 23, 11, 4
Box: 22, 121, 72
Box: 57, 12, 11
Box: 79, 14, 6
Box: 82, 19, 97
Box: 15, 9, 9
Box: 125, 3, 169
Box: 13, 114, 36
Box: 8, 5, 39
Box: 184, 121, 39
Box: 161, 121, 41
Box: 61, 4, 24
Box: 12, 92, 78
Box: 59, 22, 62
Box: 184, 41, 5
Box: 10, 47, 2
Box: 57, 20, 11
Box: 33, 46, 26
Box: 2, 4, 17
Box: 18, 121, 98
Box: 13, 2, 11
Box: 55, 12, 14
Box: 54, 121, 15
Box: 61, 14, 30
Box: 4, 4, 3
Box: 10, 121, 29
Box: 21, 6, 66
Box: 4, 7, 5
Box: 24, 2, 5
Box: 64, 121, 18
Box: 3, 6, 65
Box: 9, 42, 35
Box: 10, 3, 12
Box: 17, 7, 5
Box: 4, 6, 5
Box: 26, 121, 121
Box: 7, 11, 5
Box: 13, 7, 11
Box: 6, 8, 103
Box: 30, 121, 4
Box: 184, 47, 19
Box: 25, 23, 169
Box: 66, 12, 2
Box: 32, 6, 169
Box: 57, 9, 5
Box: 37, 39, 5
Box: 16, 121, 17
Box: 89, 21, 56
Box: 3, 4, 4
Box: 3, 33, 6
Box: 184, 121, 6
Box: 82, 11, 97
Box: 5, 4, 169
Box: 17, 25, 150
Box: 37, 6, 21
Box: 17, 3, 87
Box: 184, 31, 26
Box: 184, 8, 46
Box: 8, 23, 169
Box: 94, 121, 4
Box: 11, 121, 169
Box: 2, 29, 29
Box: 49, 35, 10
Box: 92, 13, 51
Box: 61, 22, 53
Box: 10, 35, 18
Box: 62, 2, 26
Box: 184, 121, 9
Box: 10, 121, 4
Box: 2, 13, 20
Box: 184, 26, 63
Box: 4, 121, 6
Box: 27, 22, 10
Box: 139, 14, 5
Box: 35, 22, 31
Box: 10, 5, 39
Box: 16, 2, 4
Box: 40, 37, 169
Box: 184, 121, 4
Box: 8, 17, 2
Box: 18, 35, 51
Box: 57, 58, 32
Box: 53, 3, 22
Box: 58, 38, 169
Box: 184, 34, 8
Box: 5, 28, 2
Box: 7, 121, 41
Box: 4, 4, 5
Box: 14, 4, 5
Box: 36, 10, 9
Box: 2, 11, 65
Box: 17, 7, 12
Box: 8, 9, 56
Box: 4, 4, 17
Box: 6, 53, 15
Box: 8, 121, 44
Box: 69, 42, 2
Box: 16, 121, 9
Box: 53, 90, 23
Box: 53, 121, 11
Box: 63, 6, 169
Box: 91, 42, 2
Box: 58, 121, 4
Box: 5, 17, 2
Box: 14, 41, 169
Box: 3, 40, 21
Box: 40, 121, 13
Box: 184, 121, 3
Box: 10, 121, 8
Box: 9, 6, 32
Box: 8, 6, 6
Box: 41, 7, 11
Box: 139, 9, 5
Box: 22, 76, 25
Box: 24, 3, 169
Box: 3, 32, 74
Box: 8, 7, 31
Box: 7, 2, 2
Box: 44, 92, 24
Box: 51, 51, 6
Box: 184, 56, 76
Box: 27, 7, 133
Box: 21, 68, 74
Box: 10, 23, 36
Box: 184, 12, 169
Box: 5, 69, 4
Box: 29, 23, 42
Box: 4, 4, 9
Box: 23, 15, 158
Box: 30, 24, 8
Box: 10, 13, 5
Box: 22, 75, 78
Box: 8, 17, 5
Box: 36, 38, 52
Box: 18, 70, 34
Box: 11, 121, 17
Box: 8, 24, 21
Box: 5, 22, 50
Box: 23, 83, 169
Box: 25, 3, 9
Box: 45, 12, 169
Box: 4, 5, 29
Box: 3, 33, 41
Box: 4, 121, 18
Box: 51, 3, 12
Box: 66, 19, 169
Box: 184, 16, 10
Box: 10, 25, 111
Box: 4, 60, 21
Box: 44, 92, 20
Box: 9, 11, 65
Box: 61, 4, 45
Box: 53, 3, 67
Box: 56, 45, 11
Box: 21, 21, 14
Box: 8, 42, 2
Box: 75, 22, 19
Box: 3, 4, 4
Box: 3, 4, 3
Box: 40, 13, 87
Box: 48, 59, 135
Box: 75, 11, 62
Box: 19, 24, 4
Box: 9, 26, 8
Box: 11, 85, 32
Box: 22, 121, 31
Box: 5, 52, 38
Box: 184, 121, 14
Box: 8, 5, 8
Box: 4, 8, 2
Box: 47, 51, 49
Box: 2, 2, 8
Box: 70, 121, 169
Box: 26, 16, 15
Box: 17, 23, 13
Box: 34, 40, 6
Box: 75, 25, 75
Box: 184, 121, 31
Box: 36, 9, 24
Box: 49, 36, 43
Box: 4, 5, 70
Box: 37, 22, 75
Box: 85, 10, 5
Box: 12, 62, 2
Box: 10, 12, 5
Box: 12, 53, 38
Box: 38, 121, 47
Box: 6, 34, 103
Box: 30, 3, 165
Box: 30, 21, 22
Box: 9, 72, 169
Box: 12, 9, 7
Box: 23, 5, 30
Box: 38, 22, 3
Box: 7, 6, 5
Box: 44, 17, 26
Box: 89, 12, 56
Box: 42, 12, 9
Box: 8, 29, 42
Box: 21, 22, 75
Box: 2, 45, 56
Box: 12, 4, 53
Box: 65, 5, 16
Box: 10, 121, 169
Box: 2, 13, 10
Box: 28, 31, 5
Box: 31, 32, 46
Box: 102, 81, 5
Box: 91, 38, 46
Box: 10, 39, 5
Box: 94, 42, 7
Box: 14, 7, 14
Box: 14, 21, 12
Box: 33, 6, 26
Box: 9, 55, 3
Box: 53, 26, 67
Box: 76, 25, 2
Box: 92, 9, 169
Box: 70, 92, 169
Box: 28, 13, 87
Box: 59, 9, 44
Box: 63, 13, 121
Box: 12, 9, 48
Box: 12, 8, 2
Box: 15, 6, 17
Box: 65, 48, 30
Box: 17, 16, 18
Box: 66, 7, 38
Box: 9, 44, 46
Box: 10, 121, 4
Box: 18, 2, 65
Box: 10, 70, 9
Box: 21, 15, 53
Box: 43, 5, 5
Box: 13, 6, 11
Box: 8, 16, 10
Box: 22, 121, 2
Box: 44, 25, 14
Box: 3, 9, 169
Box: 127, 121, 169
Box: 7, 2, 28
Box: 14, 28, 3
Box: 100, 2, 13
Box: 46, 121, 74
Box: 78, 121, 26
Box: 40, 19, 9
Box: 16, 56, 9
Box: 29, 22, 28
Box: 24, 60, 169
Box: 4, 22, 12
Box: 35, 50, 73
Box: 58, 6, 2
Box: 7, 7, 12
Box: 3, 13, 6
Box: 5, 121, 17
Box: 8, 75, 78
Box: 40, 6, 41
Box: 17, 13, 2
Box: 15, 16, 18
Box: 10, 5, 8
Box: 16, 19, 71
Box: 17, 61, 169
Box: 5, 28, 15
Box: 25, 4, 7
Box: 55, 5, 53
Box: 13, 37, 11
Box: 5, 16, 11
Box: 88, 121, 9
Box: 16, 12, 3
Box: 15, 30, 17
Box: 35, 3, 73
Box: 13, 26, 17
Box: 37, 121, 87
Box: 12, 7, 74
Box: 100, 29, 13
Box: 34, 44, 12
Box: 36, 3, 35
Box: 15, 7, 29
Box: 34, 40, 33
Box: 35, 121, 169
Box: 10, 5, 9
Box: 13, 121, 11
Box: 61, 88, 169
Box: 10, 29, 18
Box: 69, 42, 10
Box: 19, 121, 169
Box: 24, 121, 53
Box: 8, 6, 14
Box: 10, 23, 7
Box: 10, 4, 22
Box: 32, 121, 169
Box: 84, 6, 3
Box: 2, 33, 169
Box: 34, 7, 108
Box: 184, 13, 35
Box: 56, 17, 52
Box: 59, 91, 3
Box: 14, 121, 40
Box: 48, 2, 47
Box: 2, 29, 10
Box: 161, 121, 70
Box: 37, 22, 21
Box: 11, 29, 46
Box: 69, 42, 2
Box: 21, 121, 28
Box: 74, 2, 35
Box: 2, 42, 2
Box: 4, 5, 15
Box: 57, 35, 169
Box: 16, 13, 4
Box: 43, 121, 21
Box: 18, 22, 2
Box: 2, 6, 6
Box: 11, 8, 17
Box: 14, 121, 8
Box: 13, 18, 169
Box: 101, 18, 169
Box: 61, 6, 10
Box: 15, 17, 40
Box: 41, 44, 11
Box: 30, 17, 40
Box: 8, 121, 75
Box: 18, 12, 2
Box: 184, 121, 11
Box: 88, 22, 29
Box: 3, 60, 18
Box: 70, 22, 51
Box: 14, 39, 11
Box: 13, 22, 27
Box: 103, 15, 2
Box: 6, 34, 32
Box: 15, 4, 29
Box: 28, 8, 15
Box: 24, 40, 33
Box: 31, 49, 4
Box: 49, 11, 36
Box: 17, 121, 39
Box: 10, 98, 6
Box: 20, 27, 55
Box: 11, 3, 22
Box: 46, 32, 6
Box: 14, 28, 16
Box: 53, 35, 67
Box: 16, 121, 17
Box: 2, 14, 8
Box: 11, 14, 4
Box: 11, 57, 169
Box: 17, 4, 25
Box: 25, 7, 3
Box: 11, 3, 19
Box: 2, 28, 6
Box: 6, 2, 17
Box: 47, 98, 169
Box: 184, 5, 8
Box: 101, 3, 26
Box: 41, 44, 9
Box: 8, 6, 9
Box: 23, 121, 12
Box: 24, 121, 32
Box: 45, 64, 31
Box: 29, 64, 15
Box: 46, 121, 44
Box: 184, 121, 18
Box: 49, 34, 169
Box: 27, 121, 56
Box: 5, 44, 30
Box: 184, 121, 67
Box: 184, 121, 40
Box: 7, 7, 25
Box: 5, 8, 2
Box: 75, 11, 19
Box: 13, 22, 18
Box: 76, 24, 12
Box: 10, 121, 6
Box: 20, 17, 48
Box: 15, 17, 19
Box: 11, 108, 135
Box: 2, 25, 29
Box: 54, 36, 14
Box: 26, 9, 49
Box: 184, 121, 4
Box: 71, 42, 30
Box: 44, 23, 38
Box: 10, 4, 11
Box: 29, 28, 19
Box: 4, 8, 2
Box: 14, 17, 40
Box: 184, 26, 108
Box: 13, 7, 36
Box: 20, 19, 48
Box: 184, 19, 11
Box: 75, 25, 34
Box: 123, 52, 54
Box: 88, 2, 31
Box: 148, 6, 169
Box: 63, 45, 121
Box: 13, 121, 40
Box: 5, 72, 169
Box: 114, 10, 7
Box: 10, 23, 4
Box: 3, 16, 4
Box: 5, 39, 9
Box: 9, 6, 65
Box: 26, 22, 62
Box: 12, 17, 5
Box: 26, 10, 31
Box: 6, 121, 72
Box: 146, 40, 6
Box: 33, 4, 26
Box: 8, 9, 169
Box: 126, 8, 5
Box: 17, 23, 20
Box: 70, 10, 7
Box: 21, 20, 8
Box: 61, 53, 7
Box: 184, 23, 65
Box: 3, 121, 90
Box: 29, 4, 11
Box: 184, 2, 72
Box: 184, 6, 63
Box: 8, 5, 10
Box: 46, 3, 23
Box: 184, 42, 6
Box: 35, 30, 51
Box: 16, 17, 9
Box: 15, 17, 23
Box: 9, 40, 33
Box: 20, 121, 6
Box: 6, 22, 75
Box: 12, 3, 15
Box: 6, 51, 21
Box: 5, 121, 26
Box: 7, 6, 51
Box: 13, 22, 26
Box: 44, 23, 12
Box: 2, 6, 8
Box: 49, 16, 11
Box: 7, 10, 2
Box: 8, 33, 169
Box: 40, 22, 169
Box: 184, 20, 169
Box: 88, 121, 169
Box: 79, 10, 6
Box: 57, 58, 34
Box: 72, 36, 14
Box: 51, 10, 2
Box: 18, 121, 53
Box: 10, 118, 28
Box: 184, 37, 5
Box: 66, 99, 31
Box: 52, 121, 65
Box: 32, 40, 21
Box: 41, 44, 34
Box: 9, 4, 19
Box: 6, 42, 4
Box: 7, 10, 38
Box: 56, 6, 66
Box: 44, 6, 2
Box: 21, 33, 2
Box: 15, 121, 5
Box: 8, 34, 169
Box: 76, 121, 11
Box: 29, 4, 46
Box: 2, 7, 5
Box: 184, 59, 26
Box: 184, 121, 2
Box: 43, 21, 19
Box: 15, 5, 5
Box: 15, 32, 7
Box: 14, 4, 13
Box: 10, 121, 169
Box: 2, 20, 49
Box: 9, 24, 169
Box: 34, 44, 12
Box: 12, 8, 169
Box: 184, 7, 80
Box: 184, 8, 10
Box: 5, 121, 42
Box: 8, 42, 35
Box: 172, 6, 10
Box: 12, 12, 3
Box: 25, 42, 61
Box: 184, 9, 169
Box: 184, 42, 19
Box: 184, 3, 19
Box: 59, 17, 23
Box: 145, 33, 41
Box: 15, 3, 23
Box: 30, 45, 32
Box: 13, 59, 169
Box: 8, 17, 23
Box: 61, 52, 54
Box: 13, 15, 11
Box: 8, 3, 169
Box: 29, 36, 26
Box: 15, 65, 19
Box: 58, 121, 36
Box: 21, 3, 8
Box: 30, 12, 21
Box: 19, 121, 111
Box: 12, 17, 7
Box: 25, 16, 63
Box: 57, 58, 7
Box: 13, 35, 25
Box: 8, 38, 3
Box: 15, 6, 3
Box: 23, 15, 5
Box: 51, 11, 169
Box: 5, 45, 74
Box: 20, 77, 48
Box: 184, 41, 65
Box: 4, 7, 5
Box: 184, 55, 169
Box: 2, 17, 4
Box: 77, 40, 33
Box: 118, 5, 8
Box: 25, 20, 49
Box: 55, 3, 53
Box: 33, 21, 26
Box: 40, 6, 24
Box: 15, 12, 19
Box: 6, 121, 169
Box: 34, 121, 134
Box: 24, 54, 14
Box: 2, 10, 2
Box: 4, 5, 8
Box: 80, 39, 5
Box: 7, 8, 14
Box: 24, 4, 14
Box: 17, 40, 21
Box: 10, 53, 38
Box: 14, 7, 12
Box: 17, 14, 24
Box: 8, 24, 56
Box: 3, 45, 11
Box: 6, 25, 25
Box: 30, 121, 43
Box: 9, 121, 169
Box: 7, 121, 119
Box: 184, 54, 169
Box: 4, 4, 35
Box: 15, 121, 39
Box: 75, 11, 12
Box: 4, 30, 4
Box: 7, 7, 37
Box: 184, 121, 58
Box: 16, 16, 4
Box: 14, 22, 50
Box: 41, 44, 58
Box: 46, 121, 74
Box: 44, 23, 2
Box: 51, 121, 57
Box: 22, 6, 14
Box: 17, 39, 11
Box: 27, 4, 23
Box: 161, 121, 19
Box: 23, 11, 63
Box: 6, 14, 17
Box: 25, 121, 34
Box: 7, 2, 14
Box: 3, 7, 6
Box: 16, 33, 169
Box: 39, 10, 42
Box: 29, 21, 14
Box: 29, 121, 6
Box: 10, 23, 38
Box: 7, 2, 22
Box: 7, 50, 21
Box: 13, 18, 8
Box: 94, 42, 15
Box: 51, 121, 36
Box: 11, 15, 62
Box: 184, 121, 43
Box: 184, 56, 26
Box: 16, 121, 11
Box: 6, 10, 5
Box: 169, 24, 38
Box: 14, 3, 169
Box: 184, 18, 87
Box: 51, 121, 97
Box: 44, 17, 34
Box: 7, 7, 3
Box: 65, 48, 122
Box: 4, 8, 15
Box: 25, 8, 16
Box: 24, 17, 23
Box: 2, 77, 19
Box: 32, 43, 19
Box: 13, 28, 44
Box: 2, 8, 15
Box: 62, 121, 11
Box: 184, 12, 7
Box: 25, 28, 34
Box: 40, 74, 26
Box: 184, 121, 116
Box: 64, 10, 20
Box: 4, 19, 8
Box: 45, 17, 5
Box: 19, 121, 98
Box: 20, 18, 55
Box: 82, 121, 42
Box: 5, 17, 10
Box: 5, 3, 23
Box: 18, 121, 18
Box: 29, 121, 8
Box: 7, 11, 70
Box: 14, 28, 5
Box: 13, 2, 11
Box: 5, 44, 3
Box: 184, 33, 23
Box: 101, 3, 4
Box: 184, 19, 18
Box: 7, 11, 28
Box: 54, 121, 59
Box: 57, 6, 28
Box: 9, 3, 46
Box: 88, 22, 4
Box: 5, 17, 2
Box: 14, 32, 102
Box: 6, 11, 25
Box: 25, 12, 33
Box: 5, 24, 23
Box: 54, 121, 34
Box: 17, 121, 14
Box: 48, 12, 169
Box: 10, 19, 9
Box: 3, 22, 8
Box: 25, 14, 33
Box: 13, 4, 3
Box: 184, 56, 35
Box: 9, 26, 17
Box: 78, 20, 18
Box: 34, 13, 31
Box: 4, 22, 31
Box: 36, 2, 42
Box: 7, 121, 169
Box: 52, 121, 14
Box: 5, 121, 14
Box: 42, 12, 7
Box: 31, 25, 23
Box: 132, 84, 169
Box: 184, 13, 69
Box: 19, 18, 8
Box: 55, 35, 5
Box: 21, 121, 32
Box: 184, 14, 5
Box: 12, 11, 15
Box: 51, 3, 45
Box: 3, 2, 5
Box: 4, 121, 8
Box: 184, 121, 7
Box: 49, 16, 8
Box: 34, 121, 36
Box: 184, 121, 25
Box: 21, 7, 133
Box: 37, 81, 5
Box: 79, 121, 169
Box: 35, 16, 8
Box: 20, 7, 8
Box: 49, 8, 11
Box: 6, 20, 14
Box: 19, 38, 14
Box: 92, 13, 37
Box: 12, 4, 24
Box: 100, 49, 13
Box: 4, 19, 22
Box: 27, 12, 25
Box: 9, 121, 42
Box: 17, 121, 169
Box: 47, 11, 2
Box: 5, 28, 5
Box: 10, 16, 15
Box: 54, 39, 27
Box: 12, 31, 11
Box: 28, 121, 24
Box: 184, 19, 4
Box: 8, 46, 108
Box: 17, 6, 72
Box: 16, 121, 14
Box: 5, 20, 66
Box: 3, 4, 3
Box: 34, 121, 35
Box: 12, 3, 48
Box: 2, 60, 98
Box: 118, 9, 8
Box: 14, 12, 7
Box: 14, 3, 23
Box: 89, 121, 42
Box: 2, 3, 3
Box: 184, 15, 43
Box: 43, 121, 169
Box: 40, 6, 107
Box: 34, 121, 19
Box: 13, 12, 2
Box: 48, 2, 47
Box: 2, 58, 9
Box: 49, 8, 169
Box: 5, 24, 13
Box: 65, 5, 58
Box: 12, 10, 7
Box: 5, 10, 34
Box: 16, 31, 8
Box: 6, 4, 9
Box: 4, 121, 2
Box: 48, 85, 32
Box: 9, 13, 20
Box: 7, 11, 36
Box: 37, 3, 11
Box: 10, 10, 35
Box: 184, 6, 38
Box: 43, 121, 30
Box: 23, 5, 5
Box: 19, 24, 49
Box: 55, 35, 47
Box: 20, 39, 11
Box: 3, 7, 5
Box: 14, 6, 65
Box: 92, 121, 119
Box: 5, 8, 26
Box: 184, 12, 14
Box: 8, 6, 45
Box: 42, 9, 169
Box: 43, 121, 40
Box: 20, 8, 55
Box: 39, 45, 119
Box: 3, 13, 25
Box: 35, 121, 63
Box: 14, 121, 2
Box: 36, 11, 65
Box: 5, 28, 21
Box: 15, 121, 4
Box: 141, 2, 5
Box: 184, 56, 2
Box: 65, 5, 53
Box: 12, 7, 15
Box: 12, 2, 48
Box: 46, 6, 48
Box: 39, 8, 15
Box: 7, 5, 169
Box: 41, 2, 10
Box: 156, 121, 27
Box: 3, 46, 108
Box: 3, 16, 8
Box: 18, 20, 2
Box: 16, 121, 8
Box: 181, 3, 169
Box: 3, 21, 14
Box: 4, 40, 6
Box: 49, 14, 8
Box: 18, 9, 2
Box: 7, 25, 16
Box: 30, 6, 22
Box: 21, 5, 13
Box: 6, 121, 11
Box: 30, 12, 2
Box: 7, 11, 38
Box: 3, 33, 11
Box: 18, 28, 17
Box: 114, 19, 169
Box: 4, 15, 2
Box: 3, 121, 49
Box: 49, 35, 119
Box: 184, 6, 43
Box: 20, 8, 48
Box: 8, 3, 10
Box: 18, 121, 32
Box: 9, 4, 46
Box: 46, 6, 10
Box: 184, 121, 66
Box: 88, 121, 17
Box: 5, 8, 27
Box: 10, 13, 55
Box: 14, 28, 12
Box: 41, 108, 34
Box: 184, 6, 46
Box: 4, 5, 21
Box: 17, 14, 12
Box: 9, 28, 17
Box: 184, 11, 25
Box: 9, 26, 9
Box: 11, 63, 8
Box: 11, 7, 88
Box: 43, 22, 75
Box: 9, 121, 42
Box: 30, 11, 22
Box: 25, 26, 16
Box: 6, 121, 98
Box: 37, 63, 82
Box: 92, 121, 97
Box: 33, 26, 26
Box: 18, 121, 85
Box: 8, 68, 9
Box: 8, 38, 16
Box: 4, 4, 7
Box: 22, 3, 52
Box: 31, 23, 23
Box: 17, 23, 3
Box: 121, 46, 108
Box: 82, 121, 72
Box: 14, 13, 20
Box: 2, 5, 5
Box: 40, 29, 136
Box: 22, 6, 104
Box: 184, 10, 13
Box: 21, 44, 53
Box: 6, 121, 23
Box: 36, 9, 8
Box: 61, 7, 9
Box: 21, 52, 2
Box: 23, 38, 169
Box: 30, 121, 14
Box: 184, 34, 37
Box: 41, 8, 3
Box: 10, 121, 10
Box: 13, 3, 169
Box: 11, 49, 169
Box: 7, 72, 55
Box: 141, 40, 9
Box: 141, 121, 17
Box: 30, 121, 7
Box: 140, 69, 169
Box: 16, 3, 22
Box: 47, 39, 60
Box: 15, 6, 22
Box: 15, 99, 31
Box: 47, 121, 5
Box: 17, 3, 5
Box: 12, 5, 48
Box: 6, 55, 4
Box: 58, 6, 107
Box: 55, 42, 59
Box: 35, 9, 4
Box: 9, 21, 19
Box: 13, 121, 36
Box: 5, 13, 40
Box: 94, 121, 28
Box: 18, 4, 40
Box: 2, 20, 110
Box: 14, 121, 20
Box: 10, 23, 71
Box: 22, 121, 53
Box: 12, 7, 23
Box: 5, 4, 31
Box: 41, 5, 169
Box: 14, 63, 88
Box: 23, 27, 53
Box: 24, 10, 2
Box: 50, 31, 8
Box: 2, 27, 5
Box: 139, 95, 36
Box: 4, 34, 169
Box: 34, 22, 50
Box: 17, 6, 65
Box: 4, 19, 36
Box: 13, 4, 2
Box: 33, 121, 11
Box: 38, 121, 42
Box: 5, 4, 2
Box: 51, 121, 39
Box: 65, 49, 169
Box: 18, 45, 97
Box: 46, 2, 169
Box: 6, 51, 22
Box: 49, 121, 71
Box: 3, 11, 74
Box: 5, 29, 169
Box: 53, 31, 23
Box: 5, 2, 8
Box: 184, 5, 8
Box: 22, 121, 28
Box: 90, 10, 17
Box: 184, 12, 10
Box: 35, 108, 2
Box: 14, 121, 169
Box: 63, 11, 36
Box: 23, 11, 22
Box: 57, 58, 6
Box: 3, 62, 6
Box: 184, 121, 45
Box: 184, 109, 5
Box: 57, 9, 28
Box: 135, 121, 41
Box: 8, 40, 57
Box: 3, 121, 5
Box: 37, 63, 29
Box: 94, 3, 4
Box: 29, 31, 42
Box: 5, 4, 169
Box: 74, 2, 8
Box: 35, 121, 42
Box: 88, 32, 3
Box: 8, 17, 131
Box: 7, 10, 88
Box: 38, 6, 3
Box: 9, 121, 80
Box: 35, 42, 23
Box: 41, 2, 10
Box: 61, 4, 15
Box: 44, 9, 34
Box: 57, 9, 129
Box: 3, 5, 8
Box: 29, 45, 11
Box: 47, 21, 77
Box: 6, 21, 30
Box: 15, 8, 19
Box: 41, 5, 2
Box: 23, 11, 16
Box: 184, 2, 86
Box: 184, 121, 2
Box: 25, 6, 34
Box: 55, 19, 53
Box: 51, 8, 169
Box: 69, 42, 10
Box: 5, 121, 42
Box: 2, 121, 59
Box: 29, 121, 39
Box: 7, 121, 42
Box: 8, 38, 3
Box: 21, 73, 14
Box: 13, 65, 44
Box: 5, 7, 12
Box: 4, 121, 71
Box: 52, 121, 9
Box: 2, 121, 36
Box: 13, 3, 22
Box: 184, 7, 20
Box: 20, 121, 16
Box: 184, 15, 2
Box: 35, 49, 46
Box: 14, 35, 18
Box: 25, 5, 16
Box: 51, 13, 169
Box: 61, 2, 53
Box: 9, 42, 46
Box: 8, 24, 17
Box: 2, 33, 36
Box: 13, 55, 87
Box: 61, 39, 3
Box: 88, 16, 31
Box: 37, 121, 2
Box: 61, 30, 21
Box: 36, 7, 35
Box: 7, 22, 50
Box: 22, 55, 91
Box: 10, 13, 20
Box: 3, 13, 8
Box: 40, 36, 169
Box: 55, 35, 54
Box: 31, 60, 4
Box: 36, 47, 42
Box: 10, 23, 16
Box: 11, 121, 65
Box: 21, 121, 46
Box: 7, 121, 53
Box: 19, 38, 7
Box: 184, 82, 169
Box: 9, 37, 3
Box: 5, 6, 8
Box: 4, 10, 21
Box: 8, 2, 169
Box: 2, 45, 47
Box: 10, 14, 8
Box: 20, 10, 2
Box: 14, 4, 14
Box: 6, 28, 53
Box: 59, 12, 37
Box: 18, 121, 169
Box: 4, 121, 119
Box: 184, 121, 5
Box: 41, 7, 32
Box: 184, 5, 169
Box: 47, 20, 77
Box: 88, 52, 4
Box: 49, 16, 8
Box: 34, 2, 169
Box: 29, 20, 110
Box: 15, 121, 60
Box: 29, 13, 20
Box: 6, 121, 75
Box: 9, 121, 5
Box: 14, 23, 169
Box: 20, 121, 64
Box: 36, 10, 42
Box: 8, 4, 10
Box: 40, 121, 28
Box: 16, 10, 4
Box: 49, 10, 11
Box: 184, 11, 65
Box: 6, 4, 4
Box: 12, 5, 8
Box: 184, 3, 5
Box: 42, 12, 3
Box: 40, 6, 41
Box: 2, 5, 40
Box: 17, 21, 30
Box: 126, 121, 6
Box: 12, 11, 30
Box: 90, 16, 2
Box: 9, 28, 46
Box: 10, 35, 5
Box: 2, 33, 30
Box: 7, 15, 2
Box: 21, 11, 53
Box: 21, 5, 53
Box: 59, 2, 169
Box: 184, 66, 29
Box: 51, 33, 6
Box: 5, 10, 31
Box: 23, 11, 3
Box: 7, 6, 17
Box: 61, 6, 11
Box: 38, 121, 23
Box: 6, 2, 169
Box: 52, 10, 169
Box: 2, 3, 12
Box: 21, 28, 2
Box: 184, 6, 5
Box: 8, 6, 19
Box: 9, 28, 169
Box: 52, 44, 169
Box: 21, 121, 14
Box: 18, 21, 17
Box: 41, 44, 33
Box: 40, 19, 33
Box: 58, 6, 60
Box: 3, 4, 3
Box: 184, 14, 169
Box: 16, 24, 4
Box: 17, 9, 9
Box: 150, 6, 14
Box: 40, 32, 110
Box: 42, 8, 10
Box: 19, 3, 3
Box: 14, 4, 7
Box: 8, 29, 12
Box: 184, 32, 43
Box: 39, 5, 5
Box: 13, 7, 11
Box: 57, 2, 169
Box: 21, 26, 13
Box: 12, 5, 2
Box: 184, 33, 77
Box: 184, 53, 25
Box: 7, 7, 10
Box: 40, 12, 169
Box: 11, 77, 19
Box: 5, 31, 10
Box: 11, 28, 19
Box: 2, 3, 23
Box: 4, 19, 12
Box: 41, 14, 122
Box: 44, 23, 59
Box: 13, 29, 11
Box: 184, 121, 70
Box: 5, 121, 169
Box: 2, 20, 43
Box: 7, 46, 108
Box: 20, 7, 4
Box: 21, 33, 8
Box: 5, 17, 7
Box: 6, 34, 20
Box: 16, 121, 33
Box: 90, 121, 2
Box: 18, 12, 17
Box: 4, 6, 14
Box: 84, 121, 6
Box: 88, 32, 10
Box: 7, 40, 33
Box: 29, 9, 9
Box: 184, 10, 3
Box: 42, 76, 10
Box: 184, 121, 3
Box: 23, 79, 24
Box: 2, 24, 5
Box: 13, 13, 32
Box: 25, 31, 16
Box: 37, 121, 6
Box: 40, 4, 32
Box: 59, 4, 44
Box: 61, 14, 139
Box: 7, 24, 21
Box: 40, 24, 169
Box: 31, 121, 77
Box: 8, 29, 27
Box: 11, 10, 169
Box: 6, 121, 2
Box: 47, 121, 21
Box: 32, 9, 25
Box: 184, 17, 25
Box: 12, 11, 53
Box: 4, 121, 27
Box: 4, 19, 21
Box: 40, 19, 26
Box: 4, 3, 5
Box: 3, 12, 6
Box: 15, 12, 19
Box: 114, 55, 87
Box: 101, 19, 169
Box: 21, 20, 16
Box: 64, 24, 9
Box: 23, 27, 25
Box: 50, 42, 59
Box: 32, 12, 2
Box: 7, 33, 11
Box: 44, 92, 56
Box: 7, 4, 17
Box: 8, 23, 169
Box: 184, 8, 32
Box: 49, 16, 11
Box: 18, 5, 3
Box: 24, 38, 4
Box: 6, 16, 18
Box: 4, 121, 2
Box: 33, 40, 169
Box: 42, 121, 6
Box: 109, 15, 39
Box: 2, 48, 17
Box: 19, 2, 35
Box: 2, 5, 129
Box: 118, 9, 8
Box: 76, 121, 71
Box: 4, 4, 46
Box: 4, 121, 11
Box: 184, 121, 44
Box: 34, 21, 19
Box: 34, 121, 11
Box: 31, 5, 12
Box: 6, 4, 17
Box: 3, 2, 4
Box: 5, 4, 65
Box: 7, 3, 34
Box: 21, 42, 35
Box: 6, 12, 2
Box: 59, 20, 72
Box: 46, 16, 34
Box: 11, 31, 8
Box: 6, 121, 17
Box: 36, 121, 6
Box: 184, 42, 29
Box: 2, 9, 169
Box: 38, 121, 45
Box: 22, 6, 26
Box: 13, 20, 2
Box: 46, 49, 78
Box: 12, 32, 6
Box: 2, 3, 24
Box: 17, 14, 39
Box: 8, 17, 42
Box: 25, 18, 169
Box: 4, 121, 47
Box: 184, 18, 54
Box: 2, 16, 9
Box: 42, 12, 11
Box: 69, 42, 5
Box: 46, 6, 12
Box: 50, 39, 5
Box: 11, 22, 17
Box: 48, 121, 11
Box: 10, 26, 11
Box: 24, 5, 169
Box: 14, 30, 88
Box: 184, 37, 54
Box: 7, 6, 9
Box: 16, 14, 71
Box: 22, 75, 29
Box: 5, 12, 69
Box: 184, 117, 10
Box: 184, 30, 3
Box: 132, 33, 158
Box: 184, 24, 26
Box: 8, 5, 8
Box: 6, 2, 5
Box: 23, 7, 25
Box: 176, 40, 10
Box: 36, 121, 71
Box: 5, 25, 3
Box: 40, 27, 11
Box: 184, 3, 72
Box: 3, 21, 14
Box: 6, 51, 3
Box: 13, 18, 15
Box: 80, 121, 8
Box: 2, 20, 2
Box: 3, 121, 8
Box: 8, 14, 56
Box: 37, 25, 21
Box: 184, 15, 110
Box: 3, 121, 5
Box: 29, 15, 9
Box: 98, 121, 17
Box: 12, 20, 110
Box: 184, 9, 169
Box: 5, 22, 51
Box: 10, 121, 36
Box: 38, 121, 29
Box: 25, 5, 16
Box: 184, 27, 12
Box: 55, 72, 14
Box: 88, 22, 5
Box: 18, 39, 13
Box: 33, 45, 137
Box: 7, 121, 53
Box: 7, 4, 10
Box: 24, 38, 5
Box: 7, 20, 49
Box: 15, 34, 11
Box: 5, 121, 74
Box: 22, 6, 35
Box: 10, 18, 8
Box: 53, 44, 169
Box: 7, 121, 169
Box: 5, 34, 2
Box: 64, 121, 42
Box: 184, 12, 72
Box: 8, 19, 56
Box: 10, 121, 6
Box: 4, 4, 6
Box: 5, 66, 169
Box: 65, 121, 169
Box: 184, 6, 71
Box: 7, 6, 17
Box: 5, 28, 29
Box: 79, 5, 6
Box: 2, 20, 62
Box: 3, 36, 6
Box: 25, 30, 4
Box: 55, 10, 162
Box: 55, 35, 30
Box: 153, 121, 50
Box: 34, 17, 42
Box: 18, 31, 169
Box: 25, 10, 12
Box: 56, 6, 35
Box: 27, 25, 3
Box: 40, 18, 91
Box: 21, 31, 5
Box: 139, 2, 5
Box: 4, 20, 2
Box: 31, 32, 26
Box: 13, 3, 2
Box: 33, 26, 169
Box: 27, 27, 2
Box: 40, 17, 136
Box: 74, 80, 8
Box: 2, 7, 25
Box: 38, 121, 6
Box: 12, 13, 53
Box: 7, 10, 6
Box: 63, 121, 49
Box: 16, 11, 65
Box: 57, 23, 11
Box: 51, 70, 40
Box: 21, 2, 8
Box: 61, 53, 7
Box: 64, 103, 42
Box: 9, 121, 75
Box: 6, 42, 27
Box: 61, 53, 11
Box: 65, 7, 5
Box: 71, 121, 169
Box: 4, 72, 49
Box: 25, 20, 34
Box: 184, 23, 10
Box: 10, 4, 55
Box: 2, 47, 103
Box: 134, 8, 14
Box: 4, 19, 63
Box: 28, 15, 5
Box: 20, 39, 55
Box: 41, 5, 8
Box: 22, 121, 46
Box: 17, 3, 5
Box: 61, 22, 10
Box: 35, 121, 11
Box: 27, 21, 3
Box: 184, 19, 26
Box: 101, 20, 169
Box: 64, 24, 20
Box: 31, 25, 3
Box: 36, 121, 2
Box: 27, 22, 3
Box: 13, 22, 80
Box: 5, 69, 99
Box: 8, 14, 6
Box: 59, 30, 3
Box: 51, 3, 76
Box: 55, 35, 26
Box: 2, 3, 12
Box: 15, 31, 15
Box: 26, 36, 9
Box: 8, 121, 77
Box: 57, 58, 57
Box: 127, 98, 169
Box: 62, 23, 26
Box: 184, 24, 64
Box: 6, 41, 2
Box: 23, 121, 10
Box: 184, 25, 169
Box: 25, 5, 65
Box: 59, 40, 44
Box: 55, 46, 53
Box: 12, 69, 24
Box: 184, 121, 10
Box: 31, 121, 3
Box: 2, 121, 39
Box: 184, 35, 43
Box: 17, 121, 17
Box: 19, 13, 17
Box: 3, 5, 14
Box: 25, 13, 33
Box: 33, 2, 169
Box: 74, 22, 75
Box: 86, 121, 25
Box: 184, 66, 52
Box: 61, 11, 6
Box: 5, 34, 138
Box: 18, 35, 3
Box: 17, 14, 60
Box: 3, 18, 4
Box: 2, 56, 2
Box: 53, 38, 52
Box: 5, 28, 71
Box: 6, 121, 41
Box: 14, 12, 2
Box: 3, 22, 74
Box: 42, 45, 137
Box: 84, 79, 24
Box: 184, 14, 54
Box: 2, 7, 169
Box: 57, 24, 54
Box: 35, 6, 51
Box: 15, 4, 42
Box: 184, 19, 2
Box: 40, 16, 11
Box: 12, 23, 169
Box: 39, 121, 169
Box: 16, 13, 71
Box: 4, 6, 5
Box: 2, 23, 17
Box: 2, 8, 29
Box: 21, 8, 15
Box: 9, 13, 2
Box: 184, 3, 43
Box: 15, 32, 14
Box: 184, 27, 19
Box: 10, 23, 33
Box: 13, 121, 44
Box: 68, 118, 28
Box: 55, 121, 7
Box: 48, 46, 169
Box: 17, 23, 52
Box: 29, 2, 35
Box: 3, 3, 169
Box: 31, 121, 169
Box: 40, 37, 169
Box: 17, 87, 150
Box: 76, 90, 12
Box: 184, 121, 27
Box: 17, 5, 5
Box: 5, 3, 23
Box: 36, 2, 9
Box: 6, 121, 169
Box: 21, 121, 31
Box: 39, 121, 25
Box: 6, 5, 25
Box: 21, 10, 53
Box: 101, 6, 169
Box: 12, 14, 4
Box: 30, 12, 3
Box: 130, 121, 11
Box: 7, 38, 52
Box: 10, 121, 5
Box: 6, 121, 4
Box: 22, 22, 31
Box: 18, 13, 3
Box: 57, 6, 53
Box: 31, 121, 19
Box: 26, 121, 13
Box: 54, 10, 34
Box: 8, 18, 49
Box: 71, 121, 53
Box: 2, 2, 98
Box: 38, 17, 52
Box: 24, 121, 169
Box: 4, 121, 3
Box: 14, 121, 2
Box: 36, 121, 11
Box: 11, 121, 169
Box: 61, 5, 169
Box: 4, 121, 14
Box: 138, 15, 13
Box: 8, 121, 27
Box: 8, 17, 6
Box: 31, 5, 4
Box: 62, 51, 26
Box: 51, 50, 2
Box: 184, 10, 5
Box: 104, 2, 8
Box: 64, 74, 20
Box: 90, 33, 12
Box: 37, 121, 169
Box: 37, 121, 169
Box: 42, 8, 2
Box: 49, 11, 11
Box: 30, 63, 32
Box: 42, 121, 126
Box: 118, 3, 8
Box: 16, 2, 4
Box: 21, 121, 47
Box: 16, 10, 2
Box: 61, 2, 8
Box: 76, 4, 2
Box: 5, 44, 5
Box: 9, 121, 3
Box: 40, 78, 169
Box: 35, 35, 46
Box: 20, 121, 31
Box: 16, 11, 65
Box: 42, 12, 3
Box: 21, 5, 51
Box: 75, 121, 9
Box: 94, 9, 4
Box: 65, 5, 21
Box: 184, 121, 4
Box: 16, 17, 8
Box: 10, 24, 8
Box: 184, 14, 32
Box: 55, 121, 57
Box: 3, 2, 14
Box: 41, 121, 18
Box: 42, 6, 6
Box: 4, 46, 29
Box: 2, 20, 7
Box: 57, 8, 54
Box: 184, 20, 108
Box: 13, 16, 18
Box: 3, 121, 29
Box: 65, 7, 5
Box: 14, 24, 100
Box: 35, 5, 73
Box: 57, 9, 7
Box: 79, 4, 6
Box: 6, 34, 31
Box: 11, 31, 5
Box: 6, 46, 14
Box: 63, 121, 18
Box: 3, 32, 6
Box: 92, 13, 14
Box: 7, 121, 2
Box: 26, 31, 169
Box: 80, 3, 12
Box: 10, 2, 5
Box: 184, 121, 15
Box: 128, 121, 17
Box: 136, 121, 4
Box: 17, 4, 5
Box: 184, 121, 40
Box: 31, 73, 23
Box: 184, 121, 18
Box: 30, 12, 32
Box: 10, 3, 22
Box: 25, 16, 16
Box: 75, 24, 129
Box: 21, 121, 26
Box: 2, 8, 169
Box: 34, 10, 2
Box: 31, 8, 5
Box: 15, 32, 28
Box: 19, 121, 169
Box: 4, 24, 5
Box: 4, 121, 29
Box: 34, 20, 108
Box: 4, 17, 23
Box: 5, 4, 65
Box: 47, 25, 9
Box: 37, 9, 111
Box: 13, 15, 2
Box: 20, 65, 12
Box: 5, 33, 38
Box: 8, 29, 169
Box: 13, 95, 17
Box: 20, 49, 12
Box: 3, 121, 95
Box: 184, 121, 27
Box: 8, 8, 42
Box: 25, 13, 7
Box: 5, 17, 17
Box: 4, 72, 21
Box: 21, 32, 74
Box: 38, 59, 32
Box: 20, 60, 9
Box: 56, 45, 50
Box: 184, 67, 26
Box: 45, 121, 40
Box: 184, 14, 169
Box: 7, 4, 6
Box: 22, 6, 30
Box: 69, 25, 2
Box: 75, 7, 88
Box: 15, 30, 42
Box: 75, 121, 25
Box: 10, 18, 11
Box: 139, 13, 110
Box: 37, 2, 21
Box: 2, 6, 98
Box: 9, 13, 32
Box: 38, 121, 18
Box: 37, 121, 169
Box: 4, 23, 169
Box: 22, 6, 72
Box: 28, 3, 12
Box: 16, 9, 9
Box: 184, 66, 28
Box: 184, 26, 43
Box: 57, 58, 22
Box: 184, 42, 54
Box: 14, 7, 88
Box: 8, 5, 8
Box: 184, 11, 5
Box: 15, 19, 29
Box: 37, 121, 169
Box: 10, 4, 111
Box: 74, 121, 80
Box: 32, 34, 19
Box: 79, 45, 4
Box: 25, 72, 47
Box: 5, 2, 2
Box: 43, 121, 7
Box: 20, 121, 44
Box: 7, 6, 8
Box: 184, 11, 35
Box: 2, 4, 7
Box: 74, 32, 8
Box: 14, 38, 14
Box: 30, 31, 2
Box: 7, 121, 2
Box: 2, 20, 5
Box: 18, 2, 40
Box: 22, 6, 6
Box: 46, 79, 24
Box: 16, 7, 4
Box: 11, 49, 4
Box: 47, 6, 2
Box: 11, 46, 10
Box: 12, 4, 7
Box: 36, 29, 9
Box: 3, 22, 10
Box: 42, 8, 33
Box: 23, 5, 58
Box: 2, 13, 22
Box: 8, 38, 5
Box: 39, 76, 169
Box: 58, 35, 169
Box: 8, 24, 12
Box: 10, 11, 9
Box: 41, 11, 36
Box: 78, 25, 18
Box: 12, 121, 49
Box: 34, 104, 42
Box: 3, 22, 34
Box: 25, 8, 33
Box: 47, 33, 2
Box: 9, 38, 52
Box: 39, 45, 9
Box: 89, 17, 56
Box: 29, 121, 18
Box: 9, 20, 2
Box: 8, 40, 91
Box: 42, 66, 65
Box: 2, 10, 3
Box: 37, 11, 21
Box: 44, 121, 8
Box: 4, 25, 3
Box: 10, 3, 2
Box: 17, 5, 169
Box: 34, 121, 7
Box: 22, 6, 3
Box: 88, 32, 21
Box: 42, 13, 104
Box: 17, 6, 5
Box: 11, 121, 36
Box: 6, 22, 31
Box: 44, 20, 72
Box: 6, 34, 17
Box: 3, 26, 74
Box: 12, 121, 6
Box: 13, 70, 9
Box: 29, 17, 42
Box: 14, 45, 14
Box: 28, 17, 52
Box: 4, 15, 4
Box: 5, 5, 38
Box: 6, 28, 143
Box: 38, 121, 44
Box: 8, 5, 6
Box: 17, 30, 169
Box: 15, 24, 29
Box: 32, 11, 19
Box: 8, 12, 3
Box: 8, 6, 4
Box: 30, 31, 7
Box: 16, 18, 4
Box: 2, 72, 49
Box: 13, 121, 46
Box: 9, 29, 19
Box: 4, 79, 24
Box: 10, 27, 5
Box: 6, 34, 25
Box: 55, 36, 162
Box: 184, 38, 25
Box: 28, 114, 169
Box: 36, 10, 35
Box: 9, 18, 13
Box: 45, 121, 8
Box: 10, 6, 5
Box: 88, 52, 97
Box: 8, 4, 6
Box: 3, 103, 14
Box: 61, 6, 55
Box: 3, 9, 74
Box: 41, 32, 82
Box: 18, 7, 40
Box: 16, 121, 60
Box: 35, 4, 73
Box: 3, 5, 39
Box: 184, 2, 5
Box: 22, 10, 25
Box: 47, 26, 60
Box: 79, 121, 169
Box: 12, 92, 31
Box: 8, 8, 5
Box: 18, 13, 40
Box: 11, 46, 108
Box: 51, 4, 10
Box: 80, 121, 169
Box: 59, 121, 22
Box: 26, 13, 32
Box: 25, 5, 47
Box: 42, 8, 3
Box: 12, 25, 83
Box: 2, 121, 169
Box: 9, 51, 2
Box: 184, 121, 38
Box: 30, 17, 52
Box: 2, 5, 39
Box: 84, 32, 26
Box: 2, 47, 6
Box: 47, 22, 49
Box: 7, 2, 4
Box: 7, 4, 46
Box: 21, 69, 2
Box: 46, 121, 24
Box: 184, 37, 23
Box: 51, 25, 5
Box: 57, 5, 54
Box: 36, 9, 10
Box: 58, 121, 169
Box: 22, 121, 2
Box: 15, 32, 9
Box: 61, 6, 9
Box: 17, 23, 10
Box: 18, 8, 40
Box: 101, 3, 169
Box: 27, 42, 25
Box: 110, 85, 32
Box: 45, 121, 169
Box: 3, 3, 12
Box: 20, 121, 18
Box: 8, 29, 56
Box: 41, 8, 6
Box: 3, 46, 8
Box: 2, 17, 6
Box: 18, 7, 3
Box: 35, 36, 73
Box: 184, 2, 4
Box: 18, 72, 169
Box: 75, 121, 6
Box: 26, 9, 8
Box: 24, 25, 14
Box: 44, 121, 13
Box: 133, 121, 32
Box: 10, 6, 11
Box: 184, 2, 21
Box: 17, 4, 150
Box: 6, 23, 169
Box: 54, 47, 27
Box: 6, 121, 98
Box: 184, 121, 9
Box: 15, 27, 2
Box: 8, 29, 113
Box: 5, 24, 4
Box: 47, 19, 9
Box: 2, 33, 5
Box: 2, 2, 17
Box: 6, 12, 17
Box: 17, 121, 46
Box: 65, 121, 111
Box: 47, 4, 9
Box: 44, 12, 2
Box: 34, 68, 31
Box: 48, 2, 19
Box: 3, 22, 18
Box: 12, 121, 13
Box: 45, 3, 169
Box: 4, 4, 30
Box: 28, 121, 50
Box: 40, 121, 39
Box: 32, 15, 24
Box: 44, 35, 18
Box: 6, 42, 5
Box: 17, 8, 169
Box: 17, 38, 52
Box: 14, 72, 49
Box: 67, 52, 169
Box: 2, 9, 169
Box: 156, 121, 64
Box: 123, 121, 169
Box: 23, 33, 11
Box: 18, 5, 40
Box: 184, 49, 46
Box: 2, 20, 98
Box: 29, 50, 42
Box: 36, 2, 9
Box: 18, 42, 2
Box: 12, 32, 102
Box: 44, 8, 34
Box: 44, 92, 55
Box: 25, 12, 169
Box: 5, 26, 56
Box: 16, 121, 24
Box: 11, 46, 19
Box: 71, 121, 21
Box: 18, 4, 97
Box: 79, 24, 169
Box: 5, 31, 28
Box: 42, 68, 33
Box: 64, 23, 75
Box: 35, 8, 26
Box: 9, 5, 63
Box: 48, 2, 42
Box: 63, 39, 121
Box: 15, 13, 19
Box: 37, 12, 21
Box: 45, 37, 14
Box: 61, 16, 34
Box: 15, 34, 8
Box: 12, 18, 8
Box: 13, 2, 35
Box: 184, 4, 26
Box: 17, 8, 15
Box: 20, 121, 42
Box: 83, 121, 145
Box: 11, 5, 8
Box: 61, 6, 3
Box: 2, 17, 5
Box: 10, 36, 9
Box: 184, 17, 26
Box: 9, 13, 32
Box: 30, 62, 22
Box: 12, 7, 5
Box: 18, 121, 2
Box: 184, 37, 169
Box: 51, 121, 11
Box: 18, 121, 39
Box: 6, 121, 6
Box: 8, 121, 2
Box: 150, 121, 169
Box: 26, 9, 169
Box: 36, 3, 42
Box: 7, 39, 169
Box: 79, 121, 34
Box: 88, 32, 16
Box: 11, 121, 73
Box: 59, 121, 44
Box: 59, 26, 44
Box: 3, 121, 121
Box: 7, 12, 24
Box: 109, 10, 42
Box: 23, 121, 137
Box: 139, 5, 5
Box: 2, 5, 169
Box: 87, 3, 169
Box: 21, 101, 16
Box: 6, 18, 8
Box: 42, 76, 14
Box: 6, 2, 98
Box: 65, 14, 5
Box: 39, 21, 30
Box: 19, 2, 35
Box: 88, 121, 4
Box: 30, 12, 4
Box: 43, 121, 4
Box: 23, 15, 11
Box: 8, 45, 11
Box: 10, 20, 9
Box: 19, 58, 21
Box: 13, 22, 10
Box: 23, 27, 6
Box: 31, 32, 25
Box: 33, 39, 26
Box: 184, 7, 110
Box: 53, 121, 3
Box: 53, 32, 67
Box: 7, 7, 133
Box: 24, 121, 3
Box: 22, 8, 52
Box: 14, 4, 14
Box: 94, 4, 4
Box: 12, 32, 102
Box: 184, 7, 72
Box: 9, 4, 17
Box: 101, 3, 18
Box: 25, 46, 61
Box: 29, 21, 26
Box: 36, 121, 169
Box: 15, 60, 29
Box: 19, 18, 2
Box: 23, 11, 26
Box: 99, 21, 19
Box: 31, 121, 121
Box: 9, 2, 2
Box: 45, 19, 12
Box: 20, 22, 55
Box: 30, 53, 38
Box: 7, 121, 29
Box: 29, 28, 7
Box: 57, 6, 13
Box: 3, 26, 8
Box: 10, 5, 6
Box: 4, 19, 26
Box: 3, 2, 4
####################
#Expected Output: 77
#Number of Bins: 77.
