Bin: 176, 74, 260
Box: 176, 74, 21
Box: 85, 8, 24
Box: 34, 16, 18
Box: 23, 22, 123
Box: 10, 5, 10
Box: 52, 74, 13
Box: 22, 6, 100
Box: 13, 12, 6
Box: 12, 74, 121
Box: 17, 74, 146
Box: 23, 6, 29
Box: 8, 11, 7
Box: 12, 74, 10
Box: 6, 2, 2
Box: 18, 74, 59
Box: 112, 5, 12
Box: 176, 18, 32
Box: 12, 32, 260
Box: 28, 74, 21
Box: 24, 44, 7
Box: 176, 56, 46
Box: 95, 40, 13
Box: 12, 9, 7
Box: 12, 29, 13
Box: 41, 11, 10
Box: 32, 11, 2
Box: 130, 74, 27
Box: 118, 14, 45
Box: 10, 20, 20
Box: 5, 16, 7
Box: 27, 2, 13
Box: 66, 74, 4
Box: 5, 21, 14
Box: 3, 46, 6
Box: 34, 74, 5
Box: 5, 13, 5
Box: 176, 10, 260
Box: 20, 47, 32
Box: 18, 74, 4
Box: 12, 9, 5
Box: 19, 5, 5
Box: 176, 16, 12
Box: 6, 46, 20
Box: 7, 9, 16
Box: 2, 16, 58
Box: 36, 19, 60
Box: 14, 23, 16
Box: 176, 74, 16
Box: 18, 17, 23
Box: 90, 74, 54
Box: 6, 18, 25
Box: 44, 27, 11
Box: 144, 22, 60
Box: 13, 74, 11
Box: 50, 4, 59
Box: 91, 5, 6
Box: 176, 52, 5
Box: 5, 17, 13
Box: 28, 74, 260
Box: 32, 74, 260
Box: 176, 3, 22
Box: 106, 50, 9
Box: 176, 16, 21
Box: 32, 13, 89
Box: 66, 18, 27
Box: 144, 7, 260
Box: 176, 74, 40
Box: 24, 74, 5
Box: 9, 4, 4
Box: 85, 74, 26
Box: 30, 14, 9
Box: 22, 6, 16
Box: 3, 6, 23
Box: 12, 20, 6
Box: 10, 5, 14
Box: 2, 21, 65
Box: 4, 22, 23
Box: 44, 22, 3
Box: 21, 33, 42
Box: 38, 74, 45
Box: 16, 7, 11
Box: 2, 8, 84
Box: 39, 74, 31
Box: 20, 8, 19
Box: 8, 2, 5
Box: 85, 74, 15
Box: 38, 12, 107
Box: 12, 9, 8
Box: 65, 35, 62
Box: 107, 6, 5
Box: 15, 74, 27
Box: 30, 74, 17
Box: 30, 6, 43
Box: 2, 3, 4
Box: 36, 74, 25
Box: 51, 74, 18
Box: 16, 74, 7
Box: 2, 4, 24
Box: 176, 12, 26
Box: 19, 67, 6
Box: 30, 74, 13
Box: 2, 3, 2
Box: 10, 74, 8
Box: 80, 74, 83
Box: 54, 3, 2
Box: 8, 18, 5
Box: 23, 21, 7
Box: 5, 10, 13
Box: 82, 32, 132
Box: 12, 74, 17
Box: 176, 24, 46
Box: 176, 55, 30
Box: 8, 22, 11
Box: 7, 2, 17
Box: 15, 12, 22
Box: 90, 3, 10
Box: 15, 20, 16
Box: 24, 9, 260
Box: 25, 40, 30
Box: 5, 74, 6
Box: 20, 74, 47
Box: 66, 3, 30
Box: 36, 6, 7
Box: 9, 74, 74
Box: 5, 74, 30
Box: 6, 26, 38
Box: 29, 47, 64
Box: 19, 5, 5
Box: 67, 74, 74
Box: 3, 74, 29
Box: 70, 74, 14
Box: 13, 74, 260
Box: 176, 74, 47
Box: 15, 74, 260
Box: 92, 11, 22
Box: 17, 12, 16
Box: 105, 3, 3
Box: 6, 2, 2
Box: 36, 3, 134
Box: 4, 2, 2
Box: 30, 36, 10
Box: 56, 74, 83
Box: 24, 7, 260
Box: 18, 20, 260
Box: 11, 11, 57
Box: 11, 74, 17
Box: 4, 74, 10
Box: 22, 74, 231
Box: 41, 74, 42
Box: 27, 74, 5
Box: 15, 74, 53
Box: 5, 74, 25
Box: 71, 12, 171
Box: 26, 74, 260
Box: 3, 9, 3
Box: 43, 18, 9
Box: 176, 7, 118
Box: 88, 74, 7
Box: 176, 74, 16
Box: 14, 21, 17
Box: 55, 14, 8
Box: 176, 8, 18
Box: 9, 11, 5
Box: 8, 20, 19
Box: 10, 71, 13
Box: 9, 3, 37
Box: 102, 40, 11
Box: 2, 8, 19
Box: 13, 2, 7
Box: 27, 74, 22
Box: 3, 20, 40
Box: 6, 12, 24
Box: 4, 74, 148
Box: 8, 74, 4
Box: 7, 31, 14
Box: 59, 74, 92
Box: 75, 74, 34
Box: 8, 74, 15
Box: 73, 74, 4
Box: 176, 8, 39
Box: 38, 74, 63
Box: 22, 74, 74
Box: 23, 3, 22
Box: 13, 64, 24
Box: 10, 54, 7
Box: 5, 3, 19
Box: 4, 12, 14
Box: 30, 74, 16
Box: 28, 74, 149
Box: 2, 3, 105
Box: 32, 74, 6
Box: 2, 74, 78
Box: 18, 11, 130
Box: 176, 74, 29
Box: 38, 14, 35
Box: 105, 74, 16
Box: 43, 74, 5
Box: 5, 74, 71
Box: 38, 9, 35
Box: 34, 16, 93
Box: 66, 63, 3
Box: 10, 21, 13
Box: 2, 15, 28
Box: 13, 5, 15
Box: 19, 46, 6
Box: 176, 74, 5
Box: 9, 8, 44
Box: 18, 3, 23
Box: 10, 74, 29
Box: 13, 12, 30
Box: 11, 19, 7
Box: 33, 74, 54
Box: 138, 74, 50
Box: 3, 43, 11
Box: 5, 2, 2
Box: 5, 30, 50
Box: 9, 74, 6
Box: 20, 74, 50
Box: 5, 10, 57
Box: 63, 18, 13
Box: 10, 12, 13
Box: 166, 42, 45
Box: 4, 51, 39
Box: 28, 74, 84
Box: 176, 74, 9
Box: 33, 2, 130
Box: 13, 11, 43
Box: 6, 74, 24
Box: 44, 27, 2
Box: 70, 8, 20
Box: 176, 36, 38
Box: 5, 68, 14
Box: 17, 26, 106
Box: 44, 8, 260
Box: 8, 5, 3
Box: 23, 12, 39
Box: 70, 5, 27
Box: 28, 11, 21
Box: 13, 5, 28
Box: 176, 18, 52
Box: 11, 74, 50
Box: 176, 14, 21
Box: 2, 74, 14
Box: 5, 2, 2
Box: 7, 10, 59
Box: 35, 19, 2
Box: 4, 28, 22
Box: 26, 74, 14
Box: 5, 37, 28
Box: 18, 74, 24
Box: 22, 7, 133
Box: 2, 74, 108
Box: 8, 74, 92
Box: 8, 3, 134
Box: 166, 19, 129
Box: 176, 56, 7
Box: 20, 74, 57
Box: 22, 3, 27
Box: 19, 74, 7
Box: 24, 11, 36
Box: 6, 6, 2
Box: 13, 12, 19
Box: 176, 18, 7
Box: 81, 74, 35
Box: 120, 9, 83
Box: 150, 74, 69
Box: 36, 74, 9
Box: 8, 12, 260
Box: 8, 8, 19
Box: 11, 3, 37
Box: 46, 42, 136
Box: 7, 10, 10
Box: 49, 74, 45
Box: 3, 16, 148
Box: 69, 74, 24
Box: 176, 40, 6
Box: 44, 8, 39
Box: 73, 18, 14
Box: 13, 22, 123
Box: 66, 74, 88
Box: 5, 10, 10
Box: 48, 74, 14
Box: 16, 44, 260
Box: 22, 6, 71
Box: 23, 35, 8
Box: 176, 74, 4
Box: 3, 74, 2
Box: 34, 74, 17
Box: 40, 26, 63
Box: 29, 8, 39
Box: 5, 18, 90
Box: 128, 74, 106
Box: 76, 74, 14
Box: 2, 14, 7
Box: 17, 2, 106
Box: 166, 8, 260
Box: 176, 4, 19
Box: 10, 35, 22
Box: 3, 74, 38
Box: 16, 74, 81
Box: 17, 15, 14
Box: 23, 74, 19
Box: 38, 22, 2
Box: 2, 17, 8
Box: 16, 15, 2
Box: 176, 74, 145
Box: 20, 15, 34
Box: 8, 4, 51
Box: 11, 74, 159
Box: 3, 23, 70
Box: 51, 74, 29
Box: 20, 74, 260
Box: 36, 22, 23
Box: 23, 8, 7
Box: 28, 43, 53
Box: 111, 74, 35
Box: 50, 17, 29
Box: 20, 29, 34
Box: 13, 5, 9
Box: 53, 38, 33
Box: 30, 8, 8
Box: 16, 67, 251
Box: 2, 16, 12
Box: 48, 46, 2
Box: 176, 74, 150
Box: 176, 74, 5
Box: 47, 12, 42
Box: 19, 74, 52
Box: 21, 12, 101
Box: 176, 5, 110
Box: 23, 74, 9
Box: 12, 2, 134
Box: 16, 3, 23
Box: 8, 11, 26
Box: 13, 74, 34
Box: 4, 30, 67
Box: 16, 46, 16
Box: 37, 8, 19
Box: 12, 9, 40
Box: 107, 24, 30
Box: 13, 19, 56
Box: 28, 74, 14
Box: 126, 22, 31
Box: 10, 2, 17
Box: 142, 74, 81
Box: 176, 74, 21
Box: 5, 3, 29
Box: 176, 5, 50
Box: 25, 74, 42
Box: 81, 74, 260
Box: 9, 74, 108
Box: 176, 7, 3
Box: 3, 11, 7
Box: 85, 2, 11
Box: 7, 38, 38
Box: 13, 10, 100
Box: 12, 11, 12
Box: 130, 74, 43
Box: 14, 8, 17
Box: 11, 12, 6
Box: 13, 12, 13
Box: 47, 74, 24
Box: 82, 32, 29
Box: 56, 19, 46
Box: 35, 3, 8
Box: 46, 46, 6
Box: 8, 11, 26
Box: 8, 6, 3
Box: 13, 2, 4
Box: 13, 8, 19
Box: 3, 11, 4
Box: 3, 2, 18
Box: 41, 60, 5
Box: 2, 33, 9
Box: 40, 74, 7
Box: 3, 74, 8
Box: 3, 10, 14
Box: 5, 74, 53
Box: 10, 74, 15
Box: 176, 4, 11
Box: 35, 7, 260
Box: 10, 74, 10
Box: 18, 74, 19
Box: 14, 28, 260
Box: 39, 62, 30
Box: 176, 74, 44
Box: 17, 52, 80
Box: 120, 9, 85
Box: 176, 6, 71
Box: 21, 3, 30
Box: 176, 6, 20
Box: 12, 16, 8
Box: 9, 8, 19
Box: 12, 19, 5
Box: 12, 31, 108
Box: 12, 32, 30
Box: 28, 74, 51
Box: 91, 4, 6
Box: 15, 8, 15
Box: 36, 74, 38
Box: 176, 34, 29
Box: 11, 17, 260
Box: 13, 9, 56
Box: 41, 6, 94
Box: 44, 74, 78
Box: 10, 74, 67
Box: 6, 14, 4
Box: 27, 5, 15
Box: 7, 74, 19
Box: 20, 74, 81
Box: 176, 12, 45
Box: 15, 74, 36
Box: 176, 6, 2
Box: 10, 8, 20
Box: 10, 20, 101
Box: 22, 74, 208
Box: 59, 74, 32
Box: 5, 13, 9
Box: 10, 5, 20
Box: 8, 41, 8
Box: 34, 33, 66
Box: 123, 3, 31
Box: 3, 5, 7
Box: 21, 74, 21
Box: 11, 74, 10
Box: 4, 74, 2
Box: 36, 74, 4
Box: 23, 3, 6
Box: 10, 74, 9
Box: 35, 2, 57
Box: 9, 5, 4
Box: 29, 20, 114
Box: 2, 70, 2
Box: 19, 13, 31
Box: 22, 3, 27
Box: 41, 22, 3
Box: 5, 2, 9
Box: 15, 74, 29
Box: 23, 36, 23
Box: 166, 74, 61
Box: 25, 5, 7
Box: 91, 74, 35
Box: 27, 74, 75
Box: 22, 6, 22
Box: 5, 3, 3
Box: 103, 23, 38
Box: 42, 74, 207
Box: 66, 11, 3
Box: 5, 3, 19
Box: 12, 5, 9
Box: 22, 6, 16
Box: 4, 27, 3
Box: 28, 74, 26
Box: 14, 3, 10
Box: 11, 74, 260
Box: 2, 4, 15
Box: 5, 20, 19
Box: 176, 8, 111
Box: 6, 42, 11
Box: 176, 50, 82
Box: 73, 7, 28
Box: 4, 74, 90
Box: 32, 74, 7
Box: 91, 74, 26
Box: 176, 3, 8
Box: 32, 14, 5
Box: 176, 74, 43
Box: 13, 11, 21
Box: 36, 14, 8
Box: 24, 74, 57
Box: 43, 74, 48
Box: 22, 74, 152
Box: 4, 19, 2
Box: 2, 14, 2
Box: 70, 16, 20
Box: 8, 74, 13
Box: 176, 39, 8
Box: 5, 74, 10
Box: 7, 74, 10
Box: 32, 61, 19
Box: 103, 10, 19
Box: 73, 8, 28
Box: 46, 74, 14
Box: 73, 74, 2
Box: 5, 23, 5
Box: 3, 14, 21
Box: 6, 6, 13
Box: 2, 12, 32
Box: 36, 24, 150
Box: 17, 74, 108
Box: 14, 74, 7
Box: 176, 16, 19
Box: 176, 6, 13
Box: 24, 74, 13
Box: 18, 9, 23
Box: 13, 16, 9
Box: 144, 4, 123
Box: 9, 74, 13
Box: 176, 16, 83
Box: 8, 13, 30
Box: 176, 9, 57
Box: 8, 10, 26
Box: 91, 4, 6
Box: 4, 2, 28
Box: 48, 74, 26
Box: 37, 4, 22
Box: 176, 33, 36
Box: 12, 74, 260
Box: 104, 68, 32
Box: 138, 74, 28
Box: 15, 7, 3
Box: 12, 74, 6
Box: 29, 12, 14
Box: 11, 2, 141
Box: 72, 3, 64
Box: 38, 74, 6
Box: 28, 27, 8
Box: 82, 11, 22
Box: 6, 26, 9
Box: 3, 9, 16
Box: 6, 32, 44
Box: 176, 74, 4
Box: 8, 58, 3
Box: 11, 57, 25
Box: 38, 40, 107
Box: 76, 74, 5
Box: 176, 9, 8
Box: 5, 2, 6
Box: 9, 3, 44
Box: 106, 14, 8
Box: 176, 74, 2
Box: 36, 74, 22
Box: 22, 74, 4
Box: 2, 15, 2
Box: 4, 7, 26
Box: 41, 5, 9
Box: 176, 22, 260
Box: 28, 74, 179
Box: 4, 30, 10
Box: 22, 3, 13
Box: 10, 30, 2
Box: 2, 19, 7
Box: 2, 5, 11
Box: 2, 36, 10
Box: 3, 19, 4
Box: 176, 74, 27
Box: 3, 37, 75
Box: 62, 19, 148
Box: 11, 5, 56
Box: 26, 74, 260
Box: 109, 74, 28
Box: 2, 16, 17
Box: 5, 25, 17
Box: 176, 74, 65
Box: 57, 74, 92
Box: 28, 74, 32
Box: 23, 74, 2
Box: 24, 74, 22
Box: 6, 2, 260
Box: 11, 36, 10
Box: 6, 74, 23
Box: 11, 23, 6
Box: 14, 74, 51
Box: 82, 74, 142
Box: 44, 74, 53
Box: 176, 6, 3
Box: 109, 2, 57
Box: 14, 74, 39
Box: 97, 7, 110
Box: 23, 74, 7
Box: 29, 9, 45
Box: 4, 23, 4
Box: 3, 3, 9
Box: 33, 4, 30
Box: 21, 74, 60
Box: 16, 7, 19
Box: 51, 17, 26
Box: 10, 11, 36
Box: 3, 74, 17
Box: 9, 11, 5
Box: 112, 10, 12
Box: 21, 15, 260
Box: 29, 74, 56
Box: 176, 5, 233
Box: 10, 5, 14
Box: 15, 16, 17
Box: 23, 74, 16
Box: 2, 74, 82
Box: 2, 3, 2
Box: 15, 11, 5
Box: 2, 14, 5
Box: 44, 21, 3
Box: 8, 2, 26
Box: 77, 8, 46
Box: 2, 21, 20
Box: 129, 74, 130
Box: 8, 5, 2
Box: 19, 13, 260
Box: 8, 9, 45
Box: 2, 74, 24
Box: 68, 14, 5
Box: 176, 28, 260
Box: 26, 74, 41
Box: 11, 74, 14
Box: 75, 55, 13
Box: 176, 74, 60
Box: 33, 74, 30
Box: 9, 74, 65
Box: 60, 74, 70
Box: 3, 53, 45
Box: 3, 2, 11
Box: 61, 4, 111
Box: 22, 9, 260
Box: 11, 11, 2
Box: 24, 32, 8
Box: 27, 5, 37
Box: 2, 35, 22
Box: 6, 51, 24
Box: 14, 74, 6
Box: 8, 15, 14
Box: 44, 21, 260
Box: 23, 74, 21
Box: 6, 72, 63
Box: 176, 74, 59
Box: 32, 74, 111
Box: 5, 4, 86
Box: 176, 74, 9
Box: 166, 42, 18
Box: 26, 24, 45
Box: 32, 2, 11
Box: 38, 2, 107
Box: 5, 12, 24
Box: 28, 7, 86
Box: 11, 74, 14
Box: 63, 11, 21
Box: 24, 74, 15
Box: 13, 7, 100
Box: 176, 74, 26
Box: 63, 74, 2
Box: 38, 74, 33
Box: 46, 6, 43
Box: 6, 9, 8
Box: 4, 74, 177
Box: 104, 68, 62
Box: 16, 67, 9
Box: 23, 13, 5
Box: 25, 13, 7
Box: 5, 74, 76
Box: 5, 74, 260
Box: 92, 43, 13
Box: 8, 13, 21
Box: 12, 7, 30
Box: 9, 13, 54
Box: 123, 3, 39
Box: 7, 74, 58
Box: 48, 46, 15
Box: 15, 74, 16
Box: 7, 12, 156
Box: 2, 12, 68
Box: 34, 7, 16
Box: 35, 21, 27
Box: 68, 74, 260
Box: 32, 74, 53
Box: 64, 29, 18
Box: 16, 6, 5
Box: 32, 30, 25
Box: 4, 13, 92
Box: 8, 4, 12
Box: 16, 70, 20
Box: 2, 14, 24
Box: 6, 2, 2
Box: 38, 2, 30
Box: 2, 30, 91
Box: 13, 74, 224
Box: 73, 74, 123
Box: 8, 10, 51
Box: 62, 30, 110
Box: 111, 10, 13
Box: 3, 74, 8
Box: 4, 74, 36
Box: 33, 12, 2
Box: 22, 7, 28
Box: 10, 74, 46
Box: 47, 2, 42
Box: 42, 74, 21
Box: 4, 3, 29
Box: 3, 74, 23
Box: 2, 7, 28
Box: 73, 74, 7
Box: 7, 9, 17
Box: 3, 25, 170
Box: 24, 4, 33
Box: 27, 15, 14
Box: 4, 16, 7
Box: 37, 6, 51
Box: 7, 74, 24
Box: 112, 35, 12
Box: 9, 11, 7
Box: 53, 74, 6
Box: 176, 30, 18
Box: 176, 65, 3
Box: 176, 6, 38
Box: 24, 31, 4
Box: 7, 74, 43
Box: 47, 74, 260
Box: 8, 17, 10
Box: 5, 74, 167
Box: 10, 74, 11
Box: 23, 16, 8
Box: 75, 12, 8
Box: 7, 74, 24
Box: 12, 74, 63
Box: 7, 74, 45
Box: 73, 5, 28
Box: 16, 7, 3
Box: 3, 12, 5
Box: 5, 3, 29
Box: 20, 74, 45
Box: 44, 17, 11
Box: 8, 7, 11
Box: 64, 27, 35
Box: 13, 12, 82
Box: 72, 9, 64
Box: 176, 15, 93
Box: 35, 16, 72
Box: 176, 74, 51
Box: 21, 20, 16
Box: 176, 74, 31
Box: 72, 5, 22
Box: 5, 2, 14
Box: 75, 10, 62
Box: 6, 5, 2
Box: 4, 20, 3
Box: 23, 9, 23
Box: 13, 9, 101
Box: 66, 2, 7
Box: 2, 19, 148
Box: 75, 74, 7
Box: 66, 74, 22
Box: 8, 10, 5
Box: 46, 74, 39
Box: 12, 11, 46
Box: 176, 17, 172
Box: 5, 74, 103
Box: 14, 74, 38
Box: 24, 9, 184
Box: 24, 3, 8
Box: 36, 74, 20
Box: 28, 74, 10
Box: 176, 13, 5
Box: 46, 74, 51
Box: 11, 5, 25
Box: 24, 23, 33
Box: 2, 3, 27
Box: 52, 23, 11
Box: 31, 36, 10
Box: 13, 10, 14
Box: 2, 4, 27
Box: 13, 74, 4
Box: 176, 74, 63
Box: 38, 63, 45
Box: 6, 74, 18
Box: 29, 74, 15
Box: 10, 30, 260
Box: 11, 23, 99
Box: 162, 18, 22
Box: 176, 50, 12
Box: 24, 14, 33
Box: 14, 24, 17
Box: 51, 5, 108
Box: 30, 5, 13
Box: 9, 3, 11
Box: 81, 74, 43
Box: 9, 74, 9
Box: 20, 18, 8
Box: 44, 11, 22
Box: 51, 4, 108
Box: 76, 2, 260
Box: 2, 74, 9
Box: 176, 19, 8
Box: 36, 32, 3
Box: 9, 3, 28
Box: 85, 2, 24
Box: 37, 56, 30
Box: 44, 8, 23
Box: 10, 74, 26
Box: 5, 21, 7
Box: 5, 21, 25
Box: 4, 2, 4
Box: 44, 22, 2
Box: 4, 13, 30
Box: 56, 74, 3
Box: 28, 19, 36
Box: 176, 74, 201
Box: 23, 39, 29
Box: 13, 12, 163
Box: 40, 16, 7
Box: 20, 6, 11
Box: 82, 74, 53
Box: 176, 74, 26
Box: 14, 74, 39
Box: 23, 13, 5
Box: 69, 74, 50
Box: 22, 12, 101
Box: 60, 74, 5
Box: 7, 38, 38
Box: 2, 74, 10
Box: 10, 14, 20
Box: 3, 4, 30
Box: 12, 52, 174
Box: 5, 12, 28
Box: 38, 74, 9
Box: 45, 74, 2
Box: 89, 29, 260
Box: 19, 74, 159
Box: 6, 74, 63
Box: 3, 74, 60
Box: 18, 30, 84
Box: 27, 31, 14
Box: 6, 12, 6
Box: 9, 5, 8
Box: 22, 12, 260
Box: 2, 3, 5
Box: 70, 74, 6
Box: 23, 61, 35
Box: 176, 13, 38
Box: 5, 74, 35
Box: 63, 24, 22
Box: 4, 2, 16
Box: 19, 4, 7
Box: 142, 12, 70
Box: 9, 74, 260
Box: 8, 19, 2
Box: 5, 9, 13
Box: 5, 24, 86
Box: 2, 3, 7
Box: 176, 11, 260
Box: 21, 4, 19
Box: 144, 10, 260
Box: 176, 3, 2
Box: 4, 5, 24
Box: 29, 74, 25
Box: 83, 74, 5
Box: 76, 14, 6
Box: 30, 74, 10
Box: 176, 6, 19
Box: 38, 74, 6
Box: 35, 74, 6
Box: 8, 22, 126
Box: 67, 74, 45
Box: 7, 51, 11
Box: 82, 13, 13
Box: 12, 43, 7
Box: 16, 15, 14
Box: 8, 33, 260
Box: 176, 74, 17
Box: 6, 14, 21
Box: 17, 9, 35
Box: 7, 70, 2
Box: 5, 15, 9
Box: 46, 12, 11
Box: 10, 16, 18
Box: 11, 20, 56
Box: 31, 11, 30
Box: 12, 13, 6
Box: 5, 62, 45
Box: 13, 10, 11
Box: 49, 16, 7
Box: 13, 14, 6
Box: 36, 5, 7
Box: 20, 6, 6
Box: 9, 2, 11
Box: 46, 74, 260
Box: 73, 74, 15
Box: 48, 67, 5
Box: 11, 16, 17
Box: 55, 4, 59
Box: 23, 2, 23
Box: 20, 29, 46
Box: 15, 9, 13
Box: 21, 74, 9
Box: 176, 36, 260
Box: 10, 74, 33
Box: 50, 3, 7
Box: 9, 30, 35
Box: 14, 17, 13
Box: 6, 21, 96
Box: 2, 35, 2
Box: 13, 74, 54
Box: 11, 74, 10
Box: 20, 7, 28
Box: 176, 74, 39
Box: 176, 74, 11
Box: 176, 74, 3
Box: 15, 2, 33
Box: 16, 7, 5
Box: 7, 18, 17
Box: 57, 24, 11
Box: 6, 25, 3
Box: 8, 2, 6
Box: 13, 19, 36
Box: 9, 9, 7
Box: 5, 74, 6
Box: 30, 4, 7
Box: 12, 74, 2
Box: 7, 74, 39
Box: 118, 10, 260
Box: 8, 23, 19
Box: 2, 28, 20
Box: 6, 5, 35
Box: 2, 3, 6
Box: 6, 5, 5
Box: 19, 3, 55
Box: 38, 3, 30
Box: 4, 28, 22
Box: 10, 10, 17
Box: 37, 19, 24
Box: 5, 25, 28
Box: 15, 74, 18
Box: 176, 74, 3
Box: 57, 74, 119
Box: 54, 20, 16
Box: 30, 20, 23
Box: 9, 6, 4
Box: 25, 7, 30
Box: 3, 25, 7
Box: 27, 74, 56
Box: 176, 34, 62
Box: 37, 12, 101
Box: 37, 74, 82
Box: 10, 74, 10
Box: 5, 20, 16
Box: 24, 74, 38
Box: 5, 4, 2
Box: 32, 9, 35
Box: 23, 74, 38
Box: 2, 11, 7
Box: 5, 17, 19
Box: 176, 74, 48
Box: 62, 74, 192
Box: 30, 8, 43
Box: 58, 10, 260
Box: 30, 3, 228
Box: 34, 7, 98
Box: 66, 9, 13
Box: 9, 13, 27
Box: 6, 30, 14
Box: 4, 30, 15
Box: 36, 13, 7
Box: 4, 7, 48
Box: 176, 14, 16
Box: 17, 8, 7
Box: 51, 74, 108
Box: 41, 16, 94
Box: 9, 13, 4
Box: 5, 74, 14
Box: 6, 11, 22
Box: 3, 40, 30
Box: 105, 74, 10
Box: 53, 20, 11
Box: 10, 74, 53
Box: 35, 74, 21
Box: 20, 23, 32
Box: 4, 4, 38
Box: 2, 18, 12
Box: 13, 4, 43
Box: 30, 18, 228
Box: 129, 74, 36
Box: 24, 24, 107
Box: 31, 14, 22
Box: 17, 12, 5
Box: 4, 22, 33
Box: 36, 18, 32
Box: 6, 74, 19
Box: 10, 74, 260
Box: 12, 9, 12
Box: 7, 22, 30
Box: 8, 7, 9
Box: 48, 74, 56
Box: 9, 74, 260
Box: 39, 74, 47
Box: 57, 74, 21
Box: 14, 74, 69
Box: 74, 20, 2
Box: 24, 5, 8
Box: 64, 27, 3
Box: 5, 2, 2
Box: 5, 10, 7
Box: 43, 18, 4
Box: 8, 24, 15
Box: 28, 8, 15
Box: 176, 74, 99
Box: 58, 3, 13
Box: 16, 30, 260
Box: 7, 51, 4
Box: 23, 4, 23
Box: 46, 14, 8
Box: 50, 3, 3
Box: 10, 74, 23
Box: 8, 18, 25
Box: 66, 30, 25
Box: 51, 4, 39
Box: 39, 74, 7
Box: 19, 16, 17
Box: 41, 14, 5
Box: 5, 13, 2
Box: 13, 2, 100
Box: 142, 44, 14
Box: 12, 13, 2
Box: 32, 10, 15
Box: 35, 16, 30
Box: 55, 20, 11
Box: 12, 74, 2
Box: 2, 4, 3
Box: 9, 5, 43
Box: 71, 74, 81
Box: 5, 10, 57
Box: 36, 74, 12
Box: 53, 74, 13
Box: 48, 74, 6
Box: 4, 8, 7
Box: 2, 22, 120
Box: 8, 20, 10
Box: 5, 12, 29
Box: 8, 12, 5
Box: 22, 21, 13
Box: 20, 23, 38
Box: 23, 5, 11
Box: 9, 3, 17
Box: 8, 74, 16
Box: 7, 74, 19
Box: 4, 8, 6
Box: 48, 2, 46
Box: 6, 16, 17
Box: 9, 4, 43
Box: 5, 74, 2
Box: 28, 7, 28
Box: 36, 14, 7
Box: 35, 20, 260
Box: 37, 5, 51
Box: 7, 74, 58
Box: 22, 6, 2
Box: 9, 74, 125
Box: 176, 40, 260
Box: 8, 22, 17
Box: 75, 2, 13
Box: 11, 5, 38
Box: 176, 11, 13
Box: 7, 12, 2
Box: 176, 74, 2
Box: 26, 74, 43
Box: 4, 74, 15
Box: 2, 12, 22
Box: 11, 20, 4
Box: 23, 74, 22
Box: 9, 20, 6
Box: 3, 36, 10
Box: 38, 16, 35
Box: 41, 74, 17
Box: 16, 5, 27
Box: 3, 2, 5
Box: 55, 5, 39
Box: 34, 4, 111
Box: 37, 18, 51
Box: 73, 31, 2
Box: 27, 74, 3
Box: 159, 7, 12
Box: 138, 16, 151
Box: 4, 14, 9
Box: 3, 74, 55
Box: 44, 17, 24
Box: 14, 74, 84
Box: 4, 5, 11
Box: 50, 13, 5
Box: 27, 5, 14
Box: 3, 66, 66
Box: 3, 74, 14
Box: 35, 22, 8
Box: 36, 74, 260
Box: 29, 23, 56
Box: 12, 10, 12
Box: 26, 36, 34
Box: 11, 11, 43
Box: 162, 7, 22
Box: 32, 74, 2
Box: 49, 74, 4
Box: 4, 15, 26
Box: 13, 74, 13
Box: 94, 2, 54
Box: 19, 3, 114
Box: 24, 25, 45
Box: 13, 74, 7
Box: 21, 74, 23
Box: 2, 30, 91
Box: 7, 74, 260
Box: 75, 74, 70
Box: 14, 74, 228
Box: 152, 7, 22
Box: 66, 18, 61
Box: 30, 74, 7
Box: 18, 11, 130
Box: 44, 22, 8
Box: 132, 30, 148
Box: 3, 10, 14
Box: 13, 5, 260
Box: 44, 11, 21
Box: 12, 5, 9
Box: 9, 12, 4
Box: 4, 2, 28
Box: 51, 12, 2
Box: 13, 46, 16
Box: 29, 74, 45
Box: 7, 38, 26
Box: 11, 74, 66
Box: 10, 17, 3
Box: 37, 3, 13
Box: 13, 10, 9
Box: 4, 13, 28
Box: 68, 10, 57
Box: 5, 21, 38
Box: 12, 31, 7
Box: 32, 13, 171
Box: 22, 8, 23
Box: 4, 9, 27
Box: 9, 74, 46
Box: 13, 74, 19
Box: 13, 74, 28
Box: 7, 74, 30
Box: 19, 74, 14
Box: 22, 74, 75
Box: 67, 13, 11
Box: 8, 19, 6
Box: 81, 23, 7
Box: 6, 10, 38
Box: 176, 74, 6
Box: 72, 74, 24
Box: 20, 18, 5
Box: 176, 8, 11
Box: 138, 47, 13
Box: 15, 14, 21
Box: 21, 74, 90
Box: 39, 74, 27
Box: 5, 8, 13
Box: 53, 38, 38
Box: 4, 31, 39
Box: 89, 38, 182
Box: 30, 3, 134
Box: 28, 2, 82
Box: 143, 14, 7
Box: 20, 74, 23
Box: 99, 18, 17
Box: 29, 74, 51
Box: 176, 2, 260
Box: 19, 11, 114
Box: 6, 18, 17
Box: 9, 5, 5
Box: 43, 74, 4
Box: 11, 74, 31
Box: 32, 61, 8
Box: 15, 74, 92
Box: 75, 74, 24
Box: 11, 74, 2
Box: 8, 74, 49
Box: 13, 5, 3
Box: 130, 74, 16
Box: 53, 38, 15
Box: 24, 5, 108
Box: 32, 44, 13
Box: 64, 27, 56
Box: 12, 18, 6
Box: 11, 74, 44
Box: 38, 74, 40
Box: 66, 74, 21
Box: 15, 12, 30
Box: 176, 74, 43
Box: 75, 12, 3
Box: 17, 74, 119
Box: 176, 47, 88
Box: 13, 32, 11
Box: 64, 74, 44
Box: 9, 2, 11
Box: 6, 59, 14
Box: 176, 27, 88
Box: 3, 2, 5
Box: 39, 6, 7
Box: 40, 74, 47
Box: 3, 6, 19
Box: 7, 10, 8
Box: 18, 9, 260
Box: 35, 5, 8
Box: 16, 74, 4
Box: 33, 4, 111
Box: 44, 74, 56
Box: 73, 3, 21
Box: 64, 27, 6
Box: 10, 74, 130
Box: 5, 26, 69
Box: 76, 74, 51
Box: 36, 2, 3
Box: 3, 10, 53
Box: 4, 2, 9
Box: 176, 74, 84
Box: 38, 74, 15
Box: 9, 5, 9
Box: 3, 11, 21
Box: 24, 74, 26
Box: 88, 74, 25
Box: 7, 19, 26
Box: 3, 18, 25
Box: 130, 12, 11
Box: 5, 53, 38
Box: 24, 74, 34
Box: 56, 74, 125
Box: 44, 10, 2
Box: 28, 74, 21
Box: 11, 2, 26
Box: 176, 74, 41
Box: 120, 9, 35
Box: 24, 29, 10
Box: 29, 74, 260
Box: 7, 74, 4
Box: 34, 27, 260
Box: 14, 15, 2
Box: 72, 5, 18
Box: 6, 5, 3
Box: 176, 3, 70
Box: 56, 64, 260
Box: 57, 74, 56
Box: 7, 28, 20
Box: 17, 74, 62
Box: 17, 12, 26
Box: 32, 5, 7
Box: 21, 36, 38
Box: 176, 74, 22
Box: 32, 74, 55
Box: 4, 38, 26
Box: 10, 23, 60
Box: 13, 74, 17
Box: 72, 30, 184
Box: 70, 6, 20
Box: 24, 55, 21
Box: 15, 74, 28
Box: 20, 74, 2
Box: 4, 6, 22
Box: 3, 74, 21
Box: 4, 15, 12
Box: 26, 18, 28
Box: 3, 6, 7
Box: 176, 12, 9
Box: 10, 15, 14
Box: 12, 12, 35
Box: 43, 9, 23
Box: 15, 53, 45
Box: 5, 74, 73
Box: 162, 74, 8
Box: 32, 20, 11
Box: 10, 74, 28
Box: 176, 74, 12
Box: 176, 74, 59
Box: 176, 13, 58
Box: 35, 11, 36
Box: 9, 11, 7
Box: 44, 39, 43
Box: 3, 51, 29
Box: 6, 74, 84
Box: 10, 20, 60
Box: 11, 5, 3
Box: 10, 17, 13
Box: 23, 74, 149
Box: 64, 74, 3
Box: 7, 74, 6
Box: 26, 10, 38
Box: 95, 15, 13
Box: 103, 74, 38
Box: 8, 5, 21
Box: 21, 74, 11
Box: 176, 9, 2
Box: 36, 74, 2
Box: 2, 32, 9
Box: 9, 74, 29
Box: 72, 5, 19
Box: 11, 6, 260
Box: 90, 74, 25
Box: 84, 74, 24
Box: 71, 15, 14
Box: 13, 3, 18
Box: 64, 27, 15
Box: 3, 6, 5
Box: 14, 74, 82
Box: 5, 27, 260
Box: 52, 12, 23
Box: 93, 74, 2
Box: 10, 4, 72
Box: 12, 25, 32
Box: 28, 8, 2
Box: 13, 2, 11
Box: 176, 2, 5
Box: 7, 10, 33
Box: 2, 28, 28
Box: 77, 74, 22
Box: 7, 11, 2
Box: 77, 74, 84
Box: 14, 11, 5
Box: 41, 11, 25
Box: 14, 3, 32
Box: 113, 16, 54
Box: 9, 28, 84
Box: 35, 16, 68
Box: 3, 8, 5
Box: 42, 74, 35
Box: 176, 4, 21
Box: 10, 74, 35
Box: 3, 74, 38
Box: 145, 74, 35
Box: 54, 8, 70
Box: 11, 5, 16
Box: 9, 74, 49
Box: 4, 6, 22
Box: 176, 42, 11
Box: 4, 24, 61
Box: 26, 5, 38
Box: 86, 74, 56
Box: 176, 74, 24
Box: 49, 74, 6
Box: 91, 74, 14
Box: 28, 23, 16
Box: 32, 2, 22
Box: 3, 74, 13
Box: 12, 4, 6
Box: 23, 9, 8
Box: 76, 74, 10
Box: 26, 6, 22
Box: 28, 11, 27
Box: 13, 18, 5
Box: 31, 3, 30
Box: 42, 74, 50
Box: 16, 74, 59
Box: 32, 23, 4
Box: 2, 2, 7
Box: 21, 22, 3
Box: 8, 30, 6
Box: 3, 9, 10
Box: 7, 15, 2
Box: 3, 74, 28
Box: 12, 2, 15
Box: 23, 20, 7
Box: 9, 3, 11
Box: 27, 11, 26
Box: 56, 19, 52
Box: 3, 31, 29
Box: 42, 25, 19
Box: 36, 9, 2
Box: 2, 74, 38
Box: 6, 6, 3
Box: 7, 74, 25
Box: 13, 4, 5
Box: 56, 26, 13
Box: 43, 74, 94
Box: 3, 74, 44
Box: 91, 8, 36
Box: 13, 18, 3
Box: 176, 74, 53
Box: 5, 33, 15
Box: 4, 74, 51
Box: 24, 8, 13
Box: 47, 30, 35
Box: 4, 2, 26
Box: 54, 3, 59
Box: 94, 2, 18
Box: 8, 5, 7
Box: 2, 16, 166
Box: 35, 19, 4
Box: 42, 13, 39
Box: 176, 74, 23
Box: 97, 74, 4
Box: 32, 22, 60
Box: 176, 4, 59
Box: 120, 12, 11
Box: 176, 5, 260
Box: 16, 17, 13
Box: 4, 51, 3
Box: 34, 16, 34
Box: 13, 2, 22
Box: 4, 8, 3
Box: 72, 74, 26
Box: 43, 74, 5
Box: 11, 13, 11
Box: 20, 9, 23
Box: 3, 9, 5
Box: 26, 74, 24
Box: 144, 27, 60
Box: 32, 74, 38
Box: 176, 20, 22
Box: 2, 10, 6
Box: 15, 74, 23
Box: 69, 74, 15
Box: 9, 74, 10
Box: 10, 74, 23
Box: 8, 32, 8
Box: 30, 74, 6
Box: 52, 23, 71
Box: 30, 13, 2
Box: 10, 7, 42
Box: 176, 7, 101
Box: 27, 29, 6
Box: 11, 74, 7
Box: 9, 3, 4
Box: 9, 74, 260
Box: 107, 5, 30
Box: 5, 18, 25
Box: 4, 13, 19
Box: 54, 8, 19
Box: 5, 74, 15
Box: 32, 74, 15
Box: 3, 37, 26
Box: 3, 74, 38
Box: 41, 74, 39
Box: 14, 74, 11
Box: 3, 11, 7
Box: 33, 74, 41
Box: 152, 13, 14
Box: 152, 4, 35
Box: 6, 5, 16
Box: 33, 6, 30
Box: 45, 74, 15
Box: 10, 74, 13
Box: 44, 8, 43
Box: 71, 12, 89
Box: 29, 74, 106
Box: 32, 21, 21
Box: 8, 46, 39
Box: 44, 17, 10
Box: 88, 74, 49
Box: 16, 5, 5
Box: 80, 74, 159
Box: 12, 21, 21
Box: 3, 11, 7
Box: 12, 31, 7
Box: 60, 74, 57
Box: 24, 5, 152
Box: 176, 74, 34
Box: 5, 11, 18
Box: 89, 21, 21
Box: 76, 74, 2
Box: 27, 74, 17
Box: 29, 20, 106
Box: 2, 74, 9
Box: 176, 74, 125
Box: 4, 33, 28
Box: 21, 74, 24
Box: 10, 74, 5
Box: 24, 74, 4
Box: 24, 11, 7
Box: 24, 74, 152
Box: 8, 74, 25
Box: 31, 74, 2
Box: 22, 74, 90
Box: 22, 74, 31
Box: 11, 11, 40
Box: 7, 74, 4
Box: 176, 2, 26
Box: 85, 15, 10
Box: 7, 22, 39
Box: 52, 23, 33
Box: 18, 11, 2
Box: 36, 74, 27
Box: 3, 3, 39
Box: 16, 74, 29
Box: 16, 5, 153
Box: 32, 74, 5
Box: 9, 9, 80
Box: 51, 74, 7
Box: 56, 19, 96
Box: 48, 46, 5
Box: 91, 6, 6
Box: 70, 13, 13
Box: 35, 74, 38
Box: 11, 74, 25
Box: 5, 7, 260
Box: 23, 9, 8
Box: 118, 9, 23
Box: 55, 74, 46
Box: 12, 74, 25
Box: 45, 74, 247
Box: 102, 3, 28
Box: 11, 11, 16
Box: 4, 69, 15
Box: 176, 10, 54
Box: 12, 7, 7
Box: 11, 5, 25
Box: 75, 13, 5
Box: 176, 12, 87
Box: 23, 4, 38
Box: 176, 10, 3
Box: 176, 50, 15
Box: 21, 74, 7
Box: 51, 25, 16
Box: 3, 74, 7
Box: 81, 10, 260
Box: 27, 9, 8
Box: 17, 74, 81
Box: 16, 3, 7
Box: 72, 74, 5
Box: 144, 14, 260
Box: 9, 9, 16
Box: 7, 10, 34
Box: 30, 74, 82
Box: 176, 74, 80
Box: 9, 16, 2
Box: 102, 5, 28
Box: 33, 10, 41
Box: 73, 74, 170
Box: 42, 23, 125
Box: 27, 74, 2
Box: 12, 74, 9
Box: 73, 74, 35
Box: 6, 2, 35
Box: 40, 74, 17
Box: 104, 17, 88
Box: 44, 10, 7
Box: 13, 4, 43
Box: 60, 74, 13
Box: 44, 17, 100
Box: 22, 14, 260
Box: 38, 5, 107
Box: 3, 11, 4
Box: 49, 74, 13
Box: 3, 74, 13
Box: 6, 74, 7
Box: 2, 19, 7
Box: 2, 8, 19
Box: 60, 74, 12
Box: 23, 32, 2
Box: 24, 31, 8
Box: 2, 7, 3
Box: 18, 74, 84
Box: 53, 74, 30
Box: 13, 4, 111
Box: 11, 23, 74
Box: 70, 74, 17
Box: 6, 46, 98
Box: 28, 74, 35
Box: 10, 74, 7
Box: 37, 22, 123
Box: 18, 7, 3
Box: 109, 10, 6
Box: 5, 27, 90
Box: 21, 74, 48
Box: 91, 30, 7
Box: 8, 19, 260
Box: 7, 46, 29
Box: 13, 3, 60
Box: 2, 74, 2
Box: 18, 74, 54
Box: 176, 74, 53
Box: 8, 5, 14
Box: 44, 74, 57
Box: 15, 74, 70
Box: 56, 18, 13
Box: 176, 14, 22
Box: 3, 5, 8
Box: 56, 74, 15
Box: 10, 74, 148
Box: 2, 14, 91
Box: 30, 74, 3
Box: 13, 50, 18
Box: 19, 9, 23
Box: 4, 74, 14
Box: 5, 27, 6
Box: 5, 23, 9
Box: 15, 74, 37
Box: 8, 46, 6
Box: 12, 6, 174
Box: 9, 74, 35
Box: 73, 74, 25
Box: 23, 17, 2
Box: 19, 74, 4
Box: 129, 6, 130
Box: 9, 74, 20
Box: 5, 21, 5
Box: 22, 12, 101
Box: 33, 64, 41
Box: 16, 7, 2
Box: 17, 19, 80
Box: 81, 74, 37
Box: 108, 74, 77
Box: 2, 12, 63
Box: 32, 18, 15
Box: 14, 74, 19
Box: 79, 74, 24
Box: 3, 37, 7
Box: 72, 14, 22
Box: 4, 4, 59
Box: 96, 14, 21
Box: 8, 19, 16
Box: 10, 74, 41
Box: 176, 30, 57
Box: 93, 74, 6
Box: 82, 74, 27
Box: 58, 74, 16
Box: 176, 74, 5
Box: 45, 74, 32
Box: 2, 14, 33
Box: 28, 7, 8
Box: 17, 74, 24
Box: 7, 74, 156
Box: 32, 2, 10
Box: 12, 74, 49
Box: 9, 11, 18
Box: 176, 14, 146
Box: 64, 18, 32
Box: 176, 3, 10
Box: 5, 2, 4
Box: 15, 74, 92
Box: 2, 20, 11
Box: 20, 74, 15
Box: 3, 29, 9
Box: 50, 7, 46
Box: 67, 74, 40
Box: 9, 3, 3
Box: 18, 74, 2
Box: 176, 16, 9
Box: 5, 4, 14
Box: 35, 74, 7
Box: 10, 7, 13
Box: 20, 15, 5
Box: 6, 25, 11
Box: 12, 17, 2
Box: 56, 74, 143
Box: 176, 7, 15
Box: 24, 27, 8
Box: 176, 28, 111
Box: 3, 7, 8
Box: 65, 74, 29
Box: 59, 74, 130
Box: 8, 74, 78
Box: 36, 74, 32
Box: 17, 12, 7
Box: 104, 32, 148
Box: 7, 74, 24
Box: 64, 9, 101
Box: 2, 22, 123
Box: 66, 18, 51
Box: 22, 4, 59
Box: 25, 74, 13
Box: 176, 12, 20
Box: 5, 12, 2
Box: 14, 2, 32
Box: 11, 74, 3
Box: 32, 6, 22
Box: 35, 4, 8
Box: 32, 74, 47
Box: 17, 74, 54
Box: 2, 52, 3
Box: 36, 74, 63
Box: 14, 2, 17
Box: 39, 9, 4
Box: 23, 74, 15
Box: 21, 9, 260
Box: 5, 14, 90
Box: 27, 74, 14
Box: 2, 74, 20
Box: 51, 25, 4
Box: 32, 74, 44
Box: 2, 32, 8
Box: 27, 74, 24
Box: 6, 74, 25
Box: 5, 33, 14
Box: 40, 4, 2
Box: 44, 10, 4
Box: 3, 74, 12
Box: 6, 74, 13
Box: 7, 13, 25
Box: 8, 22, 4
Box: 76, 6, 55
Box: 4, 28, 59
Box: 176, 74, 103
Box: 2, 25, 20
Box: 149, 74, 9
Box: 24, 6, 43
Box: 20, 74, 36
Box: 92, 74, 51
Box: 23, 4, 12
Box: 41, 11, 22
Box: 27, 74, 56
Box: 23, 16, 14
Box: 75, 10, 38
Box: 4, 14, 7
Box: 2, 2, 2
Box: 105, 74, 208
Box: 176, 74, 8
Box: 176, 47, 28
Box: 18, 13, 2
Box: 176, 6, 110
Box: 13, 4, 3
Box: 48, 74, 35
Box: 12, 74, 59
Box: 60, 74, 57
Box: 30, 24, 10
Box: 24, 40, 46
Box: 5, 74, 59
Box: 132, 34, 22
Box: 36, 74, 37
Box: 22, 7, 44
Box: 176, 74, 78
Box: 103, 10, 8
Box: 129, 11, 130
Box: 3, 6, 11
Box: 176, 36, 19
Box: 30, 7, 23
Box: 12, 3, 15
Box: 46, 74, 42
Box: 62, 74, 2
Box: 9, 12, 24
Box: 34, 32, 260
Box: 30, 8, 16
Box: 155, 14, 18
Box: 28, 74, 20
Box: 33, 4, 30
Box: 56, 33, 11
Box: 48, 12, 35
Box: 13, 3, 15
Box: 8, 11, 3
Box: 17, 3, 56
Box: 23, 17, 23
Box: 6, 11, 130
Box: 4, 5, 92
Box: 11, 74, 15
Box: 30, 49, 43
Box: 12, 29, 10
Box: 6, 74, 97
Box: 12, 16, 17
Box: 12, 7, 6
Box: 2, 12, 2
Box: 19, 74, 81
Box: 6, 23, 24
Box: 176, 74, 59
Box: 91, 74, 43
Box: 13, 18, 24
Box: 78, 74, 48
Box: 73, 3, 14
Box: 37, 13, 2
Box: 36, 7, 110
Box: 39, 30, 7
Box: 70, 2, 20
Box: 47, 14, 42
Box: 13, 74, 37
Box: 12, 21, 21
Box: 13, 16, 18
Box: 40, 12, 101
Box: 4, 51, 6
Box: 144, 4, 31
Box: 19, 74, 18
Box: 12, 29, 4
Box: 45, 74, 15
Box: 14, 74, 260
Box: 6, 26, 4
Box: 3, 2, 5
Box: 176, 74, 89
Box: 16, 5, 19
Box: 5, 68, 4
Box: 10, 74, 39
Box: 2, 44, 72
Box: 13, 2, 8
Box: 63, 74, 40
Box: 16, 14, 5
Box: 13, 50, 2
Box: 176, 74, 23
Box: 8, 4, 4
Box: 10, 8, 20
Box: 4, 12, 23
Box: 39, 12, 48
Box: 9, 18, 5
Box: 13, 2, 3
Box: 36, 16, 32
Box: 176, 74, 52
Box: 9, 5, 6
Box: 7, 74, 3
Box: 11, 74, 260
Box: 64, 18, 9
Box: 3, 21, 4
Box: 9, 16, 260
Box: 51, 25, 4
Box: 44, 74, 21
Box: 9, 31, 4
Box: 45, 74, 35
Box: 32, 16, 15
Box: 41, 23, 94
Box: 28, 19, 27
Box: 14, 74, 20
Box: 21, 74, 16
Box: 4, 51, 26
Box: 144, 25, 60
Box: 3, 3, 2
Box: 64, 7, 18
Box: 4, 11, 7
Box: 13, 12, 48
Box: 124, 5, 48
Box: 4, 45, 6
Box: 54, 18, 26
Box: 6, 7, 38
Box: 10, 74, 75
Box: 24, 5, 7
Box: 57, 74, 227
Box: 21, 2, 43
Box: 2, 3, 5
Box: 10, 4, 13
Box: 4, 20, 7
Box: 7, 74, 18
Box: 14, 74, 19
Box: 137, 4, 3
Box: 11, 25, 56
Box: 105, 3, 12
Box: 38, 22, 10
Box: 36, 38, 3
Box: 44, 74, 10
Box: 8, 74, 24
Box: 2, 9, 4
Box: 12, 14, 13
Box: 28, 74, 119
Box: 2, 12, 2
Box: 18, 74, 9
Box: 7, 11, 22
Box: 8, 13, 19
Box: 8, 4, 19
Box: 6, 42, 37
Box: 8, 4, 6
Box: 23, 5, 47
Box: 113, 16, 188
Box: 78, 74, 20
Box: 118, 2, 23
Box: 2, 11, 23
Box: 44, 51, 7
Box: 44, 51, 14
Box: 5, 60, 5
Box: 28, 8, 8
Box: 15, 74, 61
Box: 176, 3, 46
Box: 8, 5, 10
Box: 5, 7, 86
Box: 5, 19, 6
Box: 176, 34, 54
Box: 13, 14, 11
Box: 13, 5, 4
Box: 6, 5, 2
Box: 176, 3, 8
Box: 36, 19, 31
Box: 35, 35, 2
Box: 8, 10, 15
Box: 34, 16, 66
Box: 3, 3, 3
Box: 176, 8, 29
Box: 9, 4, 11
Box: 2, 12, 24
Box: 13, 5, 2
Box: 32, 72, 51
Box: 46, 74, 30
Box: 5, 10, 69
Box: 36, 13, 21
Box: 8, 3, 7
Box: 46, 49, 2
Box: 24, 22, 120
Box: 10, 5, 4
Box: 6, 74, 23
Box: 32, 74, 155
Box: 6, 46, 37
Box: 4, 7, 8
Box: 25, 74, 5
Box: 8, 9, 5
Box: 73, 5, 14
Box: 14, 23, 38
Box: 30, 16, 7
Box: 20, 35, 22
Box: 15, 4, 72
Box: 10, 74, 14
Box: 20, 18, 4
Box: 43, 8, 19
Box: 20, 74, 2
Box: 176, 6, 86
Box: 5, 74, 5
Box: 102, 74, 60
Box: 2, 74, 59
Box: 2, 10, 39
Box: 49, 12, 260
Box: 91, 30, 2
Box: 48, 58, 60
Box: 24, 74, 19
Box: 4, 22, 21
Box: 13, 12, 27
Box: 50, 74, 7
Box: 31, 74, 146
Box: 61, 12, 260
Box: 2, 11, 17
Box: 49, 74, 15
Box: 4, 7, 3
Box: 2, 10, 14
Box: 23, 8, 2
Box: 81, 74, 39
Box: 56, 74, 25
Box: 3, 12, 9
Box: 13, 74, 5
Box: 18, 22, 39
Box: 18, 47, 64
Box: 54, 56, 26
Box: 61, 19, 26
Box: 10, 4, 22
Box: 7, 23, 20
Box: 30, 74, 4
Box: 174, 6, 20
Box: 66, 32, 29
Box: 25, 23, 38
Box: 20, 11, 5
Box: 23, 36, 23
Box: 23, 32, 6
Box: 9, 9, 11
Box: 30, 74, 66
Box: 19, 18, 9
Box: 70, 74, 11
Box: 84, 13, 260
Box: 5, 2, 2
Box: 26, 18, 25
Box: 176, 13, 5
Box: 23, 74, 4
Box: 50, 3, 4
Box: 30, 20, 23
Box: 2, 12, 7
Box: 32, 20, 2
Box: 70, 15, 14
Box: 8, 51, 14
Box: 33, 13, 38
Box: 21, 74, 21
Box: 23, 10, 2
Box: 3, 16, 148
Box: 10, 74, 29
Box: 45, 74, 52
Box: 3, 12, 9
Box: 2, 18, 3
Box: 10, 74, 149
Box: 14, 22, 123
Box: 176, 6, 21
Box: 60, 14, 33
Box: 34, 3, 134
Box: 44, 74, 108
Box: 23, 4, 35
Box: 10, 74, 23
Box: 44, 30, 148
Box: 26, 74, 63
Box: 31, 74, 10
Box: 91, 30, 10
Box: 5, 74, 35
Box: 90, 2, 10
Box: 74, 74, 90
Box: 19, 7, 6
Box: 30, 2, 11
Box: 18, 8, 260
Box: 51, 25, 62
Box: 42, 74, 23
Box: 2, 14, 21
Box: 80, 12, 23
Box: 15, 74, 10
Box: 3, 7, 56
Box: 7, 16, 17
Box: 176, 74, 46
Box: 7, 30, 25
Box: 42, 11, 39
Box: 25, 13, 38
Box: 9, 5, 27
Box: 51, 19, 222
Box: 5, 10, 90
Box: 29, 74, 3
Box: 21, 74, 18
Box: 5, 9, 3
Box: 64, 2, 252
Box: 8, 74, 4
Box: 27, 74, 26
Box: 8, 6, 22
Box: 67, 74, 10
Box: 38, 74, 2
Box: 11, 2, 25
Box: 22, 12, 260
Box: 28, 9, 260
Box: 7, 74, 115
Box: 21, 9, 101
Box: 54, 74, 54
Box: 176, 51, 119
Box: 17, 11, 7
Box: 6, 74, 51
Box: 31, 38, 7
Box: 27, 74, 43
Box: 176, 74, 75
Box: 9, 6, 22
Box: 108, 12, 35
Box: 20, 6, 20
Box: 2, 44, 29
Box: 24, 24, 13
Box: 64, 27, 103
Box: 154, 74, 4
Box: 43, 29, 46
Box: 25, 2, 13
Box: 30, 3, 3
Box: 35, 2, 8
Box: 9, 9, 5
Box: 6, 4, 6
Box: 37, 74, 38
Box: 3, 2, 5
Box: 176, 10, 260
Box: 8, 74, 44
Box: 11, 2, 4
Box: 11, 74, 55
Box: 176, 25, 9
Box: 85, 7, 24
Box: 44, 35, 43
Box: 66, 74, 11
Box: 2, 16, 21
Box: 34, 74, 16
Box: 11, 23, 4
Box: 23, 5, 6
Box: 56, 19, 23
Box: 34, 7, 74
Box: 3, 2, 2
Box: 17, 8, 15
Box: 176, 8, 20
Box: 53, 30, 18
Box: 3, 74, 7
Box: 176, 3, 11
Box: 7, 74, 14
Box: 176, 14, 29
Box: 176, 74, 23
Box: 91, 74, 6
Box: 45, 12, 260
Box: 5, 6, 10
Box: 17, 74, 4
Box: 35, 3, 8
Box: 47, 74, 47
Box: 176, 74, 25
Box: 22, 74, 60
Box: 2, 10, 7
Box: 12, 2, 12
Box: 20, 74, 25
Box: 5, 2, 2
Box: 33, 74, 54
Box: 24, 46, 39
Box: 14, 74, 2
Box: 13, 5, 24
Box: 36, 19, 38
Box: 95, 2, 13
Box: 46, 74, 74
Box: 12, 5, 2
Box: 22, 12, 13
Box: 15, 74, 7
Box: 13, 6, 56
Box: 50, 7, 29
Box: 111, 10, 3
Box: 5, 20, 53
Box: 176, 74, 11
Box: 19, 74, 23
Box: 91, 3, 6
Box: 176, 74, 8
Box: 14, 74, 56
Box: 176, 18, 35
Box: 3, 9, 11
Box: 5, 44, 81
Box: 54, 18, 20
Box: 4, 22, 12
Box: 8, 5, 45
Box: 52, 74, 75
Box: 61, 74, 42
Box: 3, 9, 7
Box: 2, 74, 28
Box: 13, 18, 11
Box: 6, 74, 49
Box: 21, 2, 13
Box: 176, 74, 9
Box: 176, 12, 17
Box: 48, 74, 26
Box: 98, 74, 19
Box: 111, 53, 46
Box: 27, 74, 54
Box: 11, 14, 16
Box: 84, 26, 63
Box: 24, 19, 21
Box: 24, 12, 7
Box: 4, 5, 7
Box: 5, 74, 42
Box: 5, 63, 2
Box: 176, 3, 18
Box: 38, 74, 4
Box: 5, 18, 69
Box: 49, 74, 11
Box: 51, 13, 11
Box: 29, 74, 25
Box: 12, 5, 36
Box: 14, 6, 22
Box: 92, 74, 15
Box: 31, 74, 2
Box: 3, 20, 70
Box: 13, 4, 9
Box: 9, 13, 82
Box: 3, 6, 5
Box: 4, 74, 13
Box: 11, 74, 84
Box: 27, 5, 93
Box: 12, 31, 6
Box: 94, 2, 58
Box: 142, 74, 161
Box: 6, 3, 38
Box: 7, 74, 54
Box: 176, 8, 260
Box: 36, 27, 150
Box: 66, 18, 14
Box: 32, 74, 27
Box: 102, 19, 26
Box: 30, 74, 22
Box: 11, 7, 260
Box: 13, 15, 56
Box: 132, 40, 9
Box: 53, 74, 59
Box: 15, 35, 22
Box: 14, 8, 16
Box: 129, 4, 130
Box: 21, 74, 15
Box: 34, 74, 81
Box: 3, 74, 21
Box: 3, 74, 15
Box: 4, 5, 3
Box: 82, 32, 93
Box: 35, 3, 13
Box: 36, 19, 7
Box: 24, 74, 74
Box: 4, 4, 28
Box: 63, 18, 8
Box: 20, 8, 19
Box: 13, 2, 6
Box: 25, 74, 152
Box: 2, 3, 25
Box: 11, 74, 37
Box: 8, 17, 39
Box: 8, 15, 6
Box: 176, 62, 22
Box: 38, 74, 48
Box: 176, 14, 46
Box: 14, 74, 8
Box: 69, 74, 84
Box: 176, 18, 7
Box: 176, 74, 64
Box: 27, 74, 29
Box: 5, 38, 26
Box: 24, 5, 260
Box: 3, 3, 46
Box: 176, 3, 46
Box: 3, 38, 19
Box: 3, 4, 30
Box: 4, 74, 27
Box: 18, 3, 6
Box: 88, 74, 10
Box: 38, 74, 32
Box: 4, 38, 26
Box: 63, 24, 144
Box: 9, 2, 11
Box: 56, 74, 119
Box: 47, 7, 42
Box: 91, 74, 23
Box: 10, 4, 20
Box: 44, 4, 3
Box: 30, 5, 2
Box: 4, 5, 7
Box: 90, 8, 10
Box: 3, 7, 3
Box: 38, 22, 12
Box: 3, 19, 26
Box: 13, 74, 2
Box: 9, 74, 44
Box: 11, 2, 14
Box: 20, 20, 28
Box: 13, 5, 21
Box: 92, 74, 90
Box: 5, 2, 11
Box: 10, 31, 20
Box: 63, 74, 6
Box: 23, 37, 6
Box: 43, 7, 110
Box: 22, 7, 56
Box: 32, 9, 19
Box: 10, 74, 18
Box: 40, 20, 16
Box: 50, 11, 4
Box: 176, 74, 11
Box: 10, 74, 29
Box: 81, 74, 133
Box: 24, 3, 43
Box: 3, 11, 3
Box: 46, 22, 23
Box: 2, 9, 12
Box: 70, 59, 14
Box: 34, 16, 21
Box: 64, 74, 2
Box: 4, 19, 7
Box: 176, 4, 51
Box: 67, 47, 128
Box: 41, 62, 30
Box: 28, 11, 30
Box: 32, 21, 32
Box: 23, 31, 39
Box: 174, 74, 38
Box: 176, 9, 260
Box: 5, 2, 5
Box: 2, 74, 18
Box: 2, 12, 101
Box: 25, 74, 120
Box: 81, 74, 53
Box: 23, 4, 2
Box: 17, 15, 106
Box: 23, 11, 30
Box: 3, 74, 2
Box: 2, 74, 54
Box: 23, 24, 40
Box: 48, 74, 30
Box: 57, 6, 43
Box: 9, 8, 11
Box: 32, 61, 12
Box: 144, 4, 6
Box: 48, 3, 46
Box: 8, 13, 17
Box: 8, 34, 24
Box: 6, 6, 44
Box: 20, 18, 6
Box: 91, 51, 36
Box: 6, 4, 6
Box: 36, 74, 6
Box: 45, 2, 9
Box: 8, 6, 22
Box: 176, 40, 206
Box: 16, 7, 4
Box: 64, 29, 46
Box: 5, 38, 5
Box: 2, 7, 12
Box: 129, 7, 130
Box: 68, 20, 11
Box: 32, 74, 36
Box: 44, 5, 43
Box: 3, 74, 9
Box: 23, 6, 22
Box: 26, 74, 14
Box: 35, 74, 260
Box: 4, 13, 7
Box: 81, 74, 47
Box: 12, 74, 9
Box: 176, 4, 47
Box: 176, 74, 6
Box: 26, 24, 2
Box: 3, 9, 25
Box: 16, 14, 11
Box: 16, 7, 36
Box: 12, 7, 13
Box: 48, 52, 120
Box: 5, 51, 45
Box: 15, 74, 63
Box: 66, 74, 2
Box: 4, 6, 2
Box: 15, 22, 30
Box: 37, 5, 51
Box: 74, 74, 153
Box: 4, 69, 4
Box: 11, 3, 14
Box: 8, 74, 15
Box: 5, 3, 2
Box: 3, 74, 2
Box: 9, 74, 9
Box: 7, 74, 5
Box: 44, 74, 32
Box: 11, 3, 26
Box: 10, 31, 14
Box: 54, 74, 26
Box: 63, 18, 15
Box: 19, 4, 6
Box: 12, 7, 3
Box: 75, 12, 2
Box: 2, 10, 5
Box: 9, 74, 260
Box: 38, 74, 24
Box: 3, 23, 16
Box: 24, 13, 8
Box: 50, 3, 2
Box: 51, 19, 38
Box: 132, 40, 9
Box: 7, 29, 6
Box: 5, 2, 2
Box: 8, 4, 11
Box: 3, 14, 20
Box: 35, 19, 4
Box: 13, 74, 6
Box: 2, 11, 35
Box: 23, 15, 73
Box: 36, 4, 150
Box: 10, 22, 120
Box: 24, 5, 22
Box: 9, 74, 14
Box: 5, 74, 71
Box: 3, 11, 9
Box: 13, 20, 43
Box: 12, 13, 23
Box: 166, 5, 59
Box: 32, 74, 55
Box: 2, 11, 4
Box: 24, 74, 14
Box: 64, 8, 9
Box: 22, 6, 21
Box: 10, 74, 30
Box: 17, 74, 6
Box: 70, 2, 20
Box: 176, 74, 25
Box: 14, 62, 30
Box: 36, 74, 3
Box: 36, 19, 9
Box: 59, 74, 260
Box: 19, 31, 114
Box: 11, 74, 10
Box: 21, 10, 46
Box: 35, 6, 5
Box: 23, 24, 6
Box: 27, 74, 39
Box: 4, 74, 128
Box: 176, 16, 8
Box: 47, 13, 42
Box: 9, 74, 15
Box: 19, 22, 114
Box: 14, 10, 14
Box: 13, 51, 29
Box: 15, 74, 39
Box: 36, 74, 103
Box: 10, 74, 43
Box: 13, 8, 43
Box: 154, 74, 6
Box: 176, 74, 3
Box: 13, 12, 68
Box: 176, 2, 29
Box: 10, 29, 9
Box: 60, 19, 10
Box: 2, 12, 2
Box: 12, 16, 148
Box: 47, 74, 52
Box: 46, 14, 9
Box: 75, 46, 16
Box: 18, 3, 6
Box: 23, 37, 2
Box: 20, 65, 28
Box: 33, 19, 260
Box: 86, 74, 24
Box: 16, 74, 74
Box: 176, 8, 26
Box: 24, 74, 13
Box: 19, 2, 13
Box: 13, 14, 21
Box: 91, 74, 142
Box: 6, 25, 6
Box: 176, 48, 63
Box: 51, 16, 26
Box: 71, 14, 22
Box: 3, 8, 30
Box: 152, 13, 3
Box: 11, 3, 2
Box: 166, 5, 134
Box: 54, 6, 43
Box: 76, 4, 40
Box: 46, 74, 193
Box: 12, 3, 36
Box: 8, 2, 13
Box: 10, 74, 38
Box: 176, 74, 38
Box: 2, 10, 6
Box: 72, 36, 23
Box: 18, 2, 6
Box: 3, 29, 5
Box: 46, 74, 24
Box: 12, 24, 2
Box: 40, 74, 70
Box: 3, 2, 5
Box: 5, 14, 24
Box: 3, 23, 16
Box: 176, 47, 18
Box: 23, 7, 73
Box: 2, 27, 105
Box: 29, 16, 28
Box: 24, 13, 8
Box: 3, 20, 16
Box: 3, 74, 170
Box: 9, 74, 5
Box: 20, 40, 260
Box: 176, 74, 10
Box: 2, 10, 5
Box: 6, 18, 106
Box: 3, 74, 2
Box: 10, 74, 12
Box: 3, 74, 34
Box: 176, 6, 59
Box: 8, 21, 26
Box: 6, 44, 14
Box: 12, 3, 3
Box: 13, 2, 28
Box: 176, 56, 20
Box: 26, 36, 4
Box: 23, 28, 22
Box: 5, 74, 40
Box: 6, 74, 36
Box: 4, 9, 35
Box: 4, 37, 38
Box: 102, 10, 28
Box: 44, 74, 10
Box: 97, 74, 24
Box: 28, 74, 8
Box: 18, 32, 23
Box: 20, 29, 6
Box: 42, 20, 39
Box: 41, 8, 9
Box: 3, 74, 28
Box: 176, 2, 21
Box: 38, 3, 30
Box: 6, 2, 13
Box: 24, 74, 110
Box: 176, 74, 147
Box: 176, 74, 68
Box: 6, 74, 2
Box: 23, 17, 39
Box: 9, 74, 2
Box: 176, 3, 42
Box: 26, 24, 13
Box: 18, 74, 19
Box: 111, 10, 9
Box: 2, 74, 23
Box: 5, 74, 260
Box: 2, 53, 45
Box: 26, 2, 33
Box: 2, 2, 4
Box: 26, 11, 38
Box: 32, 3, 15
Box: 66, 74, 23
Box: 5, 6, 53
Box: 64, 74, 13
Box: 24, 40, 33
Box: 9, 9, 129
Box: 138, 47, 8
Box: 176, 10, 9
Box: 52, 16, 148
Box: 74, 2, 260
Box: 60, 74, 13
Box: 13, 3, 21
Box: 3, 2, 7
Box: 14, 16, 17
Box: 176, 58, 154
Box: 10, 30, 22
Box: 45, 74, 152
Box: 92, 35, 22
Box: 144, 4, 6
Box: 176, 7, 76
Box: 176, 74, 16
Box: 20, 2, 28
Box: 166, 5, 13
Box: 9, 74, 2
Box: 54, 28, 22
Box: 9, 6, 11
Box: 176, 74, 7
Box: 2, 14, 9
Box: 6, 13, 5
Box: 26, 20, 40
Box: 96, 74, 260
Box: 2, 29, 46
Box: 16, 2, 2
Box: 18, 6, 46
Box: 111, 10, 6
Box: 18, 74, 6
Box: 17, 4, 3
Box: 15, 74, 43
Box: 15, 6, 43
Box: 42, 74, 51
Box: 22, 13, 5
Box: 35, 7, 8
Box: 13, 74, 37
Box: 20, 3, 34
Box: 6, 5, 38
Box: 5, 3, 2
Box: 4, 74, 20
Box: 10, 22, 101
Box: 2, 10, 4
Box: 23, 6, 2
Box: 3, 2, 11
Box: 9, 5, 4
Box: 154, 74, 15
Box: 4, 74, 260
Box: 2, 13, 38
Box: 3, 74, 83
Box: 6, 6, 69
Box: 176, 74, 46
Box: 7, 5, 260
Box: 176, 22, 110
Box: 20, 8, 34
Box: 176, 43, 33
Box: 5, 10, 4
Box: 13, 10, 13
Box: 34, 12, 70
Box: 25, 30, 6
Box: 28, 12, 2
Box: 5, 13, 44
Box: 50, 11, 9
Box: 24, 74, 24
Box: 104, 68, 67
Box: 9, 74, 54
Box: 12, 20, 6
Box: 33, 12, 163
Box: 130, 22, 199
Box: 20, 9, 7
Box: 103, 74, 49
Box: 36, 12, 40
Box: 120, 12, 8
Box: 5, 8, 7
Box: 10, 6, 2
Box: 29, 5, 27
Box: 4, 46, 26
Box: 8, 15, 8
Box: 12, 74, 23
Box: 176, 74, 19
Box: 23, 10, 75
Box: 118, 7, 260
Box: 10, 74, 31
Box: 24, 31, 8
Box: 6, 15, 7
Box: 27, 45, 9
Box: 176, 10, 2
Box: 34, 25, 66
Box: 13, 13, 5
Box: 6, 6, 4
Box: 22, 74, 31
Box: 5, 2, 13
Box: 86, 15, 4
Box: 56, 74, 56
Box: 9, 74, 84
Box: 21, 55, 24
Box: 6, 74, 2
Box: 28, 15, 53
Box: 14, 8, 19
Box: 53, 3, 32
Box: 19, 74, 27
Box: 36, 19, 31
Box: 38, 18, 17
Box: 7, 31, 17
Box: 4, 6, 27
Box: 31, 74, 7
Box: 12, 4, 12
Box: 52, 27, 19
Box: 42, 4, 39
Box: 3, 74, 170
Box: 12, 74, 19
Box: 46, 12, 2
Box: 8, 20, 10
Box: 32, 74, 25
Box: 11, 9, 87
Box: 20, 9, 35
Box: 2, 3, 13
Box: 21, 74, 43
Box: 8, 74, 26
Box: 128, 46, 101
Box: 97, 74, 4
Box: 156, 74, 25
Box: 9, 74, 123
Box: 176, 13, 30
Box: 176, 3, 89
Box: 17, 12, 51
Box: 111, 10, 9
Box: 176, 34, 20
Box: 5, 17, 44
Box: 3, 3, 17
Box: 12, 9, 6
Box: 31, 9, 7
Box: 36, 12, 110
Box: 51, 25, 16
Box: 176, 13, 16
Box: 176, 4, 10
Box: 10, 74, 39
Box: 26, 31, 13
Box: 70, 32, 20
Box: 12, 6, 6
Box: 48, 2, 46
Box: 44, 74, 24
Box: 2, 36, 10
Box: 3, 74, 123
Box: 10, 31, 14
Box: 4, 59, 14
Box: 15, 16, 30
Box: 2, 74, 70
Box: 33, 74, 5
Box: 144, 30, 113
Box: 44, 17, 13
Box: 176, 50, 17
Box: 42, 23, 71
Box: 2, 12, 101
Box: 12, 7, 16
Box: 16, 9, 23
Box: 176, 74, 9
Box: 21, 29, 3
Box: 11, 11, 17
Box: 6, 42, 33
Box: 60, 74, 28
Box: 21, 11, 2
Box: 25, 74, 16
Box: 176, 74, 15
Box: 142, 56, 92
Box: 3, 12, 170
Box: 24, 51, 4
Box: 4, 10, 27
Box: 5, 22, 23
Box: 176, 74, 41
Box: 23, 15, 7
Box: 3, 74, 26
Box: 126, 8, 31
Box: 5, 5, 5
Box: 5, 6, 29
Box: 9, 11, 11
Box: 24, 40, 166
Box: 23, 9, 8
Box: 176, 74, 7
Box: 10, 74, 61
Box: 11, 74, 52
Box: 6, 6, 46
Box: 54, 3, 2
Box: 2, 2, 7
Box: 11, 13, 37
Box: 2, 9, 2
Box: 8, 7, 9
Box: 7, 6, 59
Box: 119, 74, 7
Box: 23, 26, 29
Box: 8, 74, 152
Box: 15, 8, 7
Box: 10, 20, 7
Box: 3, 14, 12
Box: 54, 74, 100
Box: 62, 16, 13
Box: 114, 29, 10
Box: 3, 23, 16
Box: 26, 11, 13
Box: 176, 74, 78
Box: 30, 74, 32
Box: 23, 23, 56
Box: 176, 34, 39
Box: 14, 8, 13
Box: 44, 6, 260
Box: 64, 14, 9
Box: 11, 5, 57
Box: 5, 10, 19
Box: 54, 3, 52
Box: 32, 13, 90
Box: 28, 74, 18
Box: 25, 34, 13
Box: 23, 74, 4
Box: 3, 3, 21
Box: 23, 4, 22
Box: 176, 3, 105
Box: 176, 3, 6
Box: 24, 16, 39
Box: 129, 2, 38
Box: 7, 74, 19
Box: 40, 74, 260
Box: 13, 2, 21
Box: 64, 12, 9
Box: 176, 74, 32
Box: 44, 11, 3
Box: 24, 11, 8
Box: 23, 5, 5
Box: 18, 62, 4
Box: 36, 19, 39
Box: 3, 3, 42
Box: 21, 20, 42
Box: 4, 74, 30
Box: 19, 4, 35
Box: 3, 74, 43
Box: 73, 14, 2
Box: 18, 20, 20
Box: 4, 47, 128
Box: 22, 21, 260
Box: 48, 74, 50
Box: 97, 74, 14
Box: 22, 74, 25
Box: 6, 3, 106
Box: 9, 40, 11
Box: 17, 16, 260
Box: 176, 56, 29
Box: 6, 6, 5
Box: 3, 9, 22
Box: 8, 22, 39
Box: 31, 74, 14
Box: 176, 11, 110
Box: 2, 74, 25
Box: 176, 7, 26
Box: 13, 6, 9
Box: 55, 2, 12
Box: 25, 74, 74
Box: 51, 2, 11
Box: 17, 9, 17
Box: 23, 24, 73
Box: 16, 70, 2
Box: 17, 74, 19
Box: 8, 11, 2
Box: 5, 68, 3
Box: 36, 19, 22
Box: 6, 25, 22
Box: 3, 10, 2
Box: 30, 14, 10
Box: 176, 3, 7
Box: 19, 74, 23
Box: 41, 13, 3
Box: 176, 14, 26
Box: 153, 5, 11
Box: 88, 74, 13
Box: 176, 4, 260
Box: 154, 74, 10
Box: 10, 23, 34
Box: 7, 50, 21
Box: 94, 13, 13
Box: 138, 47, 12
Box: 47, 74, 94
Box: 13, 74, 39
Box: 23, 4, 7
Box: 12, 12, 12
Box: 7, 10, 11
Box: 23, 3, 39
Box: 18, 2, 23
Box: 26, 8, 16
Box: 30, 74, 5
Box: 176, 7, 5
Box: 4, 74, 148
Box: 21, 74, 7
Box: 5, 46, 6
Box: 10, 74, 92
Box: 3, 74, 103
Box: 19, 74, 78
Box: 7, 74, 8
Box: 8, 17, 10
Box: 12, 30, 260
Box: 67, 74, 42
Box: 21, 3, 260
Box: 55, 2, 2
Box: 31, 17, 22
Box: 17, 46, 30
Box: 3, 74, 2
Box: 19, 74, 44
Box: 7, 74, 2
Box: 5, 74, 152
Box: 12, 74, 54
Box: 29, 3, 46
Box: 10, 17, 7
Box: 3, 74, 15
Box: 8, 4, 51
Box: 176, 74, 29
Box: 176, 43, 32
Box: 8, 3, 3
Box: 12, 10, 32
Box: 2, 74, 37
Box: 86, 74, 5
Box: 30, 21, 7
Box: 2, 2, 6
Box: 34, 74, 260
Box: 29, 8, 19
Box: 13, 8, 19
Box: 11, 8, 19
Box: 63, 74, 82
Box: 20, 2, 7
Box: 61, 30, 18
Box: 12, 74, 4
Box: 11, 7, 260
Box: 42, 74, 3
Box: 33, 74, 9
Box: 20, 52, 55
Box: 24, 12, 23
Box: 176, 74, 71
Box: 11, 3, 3
Box: 3, 3, 3
Box: 13, 27, 9
Box: 73, 17, 28
Box: 7, 5, 17
Box: 5, 74, 4
Box: 10, 3, 46
Box: 51, 9, 108
Box: 20, 9, 5
Box: 6, 5, 35
Box: 8, 74, 15
Box: 48, 13, 11
Box: 33, 20, 260
Box: 66, 74, 2
Box: 176, 74, 58
Box: 152, 7, 28
Box: 19, 4, 31
Box: 14, 46, 16
Box: 118, 74, 26
Box: 18, 74, 24
Box: 9, 26, 51
Box: 75, 10, 75
Box: 13, 3, 64
Box: 17, 7, 12
Box: 9, 13, 35
Box: 23, 34, 6
Box: 176, 74, 3
Box: 55, 2, 9
Box: 41, 11, 17
Box: 51, 24, 26
Box: 71, 8, 6
Box: 10, 27, 22
Box: 8, 74, 28
Box: 176, 74, 39
Box: 5, 14, 53
Box: 2, 74, 2
Box: 3, 74, 19
Box: 16, 74, 9
Box: 74, 20, 2
Box: 14, 74, 78
Box: 3, 7, 4
Box: 154, 6, 3
Box: 12, 26, 2
Box: 23, 74, 176
Box: 13, 5, 43
Box: 42, 4, 39
Box: 27, 7, 28
Box: 8, 30, 25
Box: 36, 12, 32
Box: 44, 6, 56
Box: 176, 18, 16
Box: 61, 14, 33
Box: 17, 74, 10
Box: 4, 74, 74
Box: 33, 74, 3
Box: 44, 8, 46
Box: 10, 74, 7
Box: 176, 74, 3
Box: 91, 74, 21
Box: 9, 74, 9
Box: 16, 74, 260
Box: 21, 3, 35
Box: 14, 3, 21
Box: 14, 71, 10
Box: 3, 74, 24
Box: 12, 74, 123
Box: 176, 74, 120
Box: 28, 12, 6
Box: 9, 74, 114
Box: 10, 74, 13
Box: 44, 8, 16
Box: 104, 74, 46
Box: 2, 74, 19
Box: 28, 7, 28
Box: 12, 2, 22
Box: 2, 74, 62
Box: 12, 16, 7
Box: 27, 74, 2
Box: 30, 2, 11
Box: 53, 13, 11
Box: 176, 27, 3
Box: 42, 11, 39
Box: 13, 7, 21
Box: 46, 2, 2
Box: 59, 69, 17
Box: 20, 5, 7
Box: 21, 74, 26
Box: 44, 27, 10
Box: 12, 3, 9
Box: 14, 59, 32
Box: 13, 4, 4
Box: 176, 74, 9
Box: 95, 74, 6
Box: 3, 26, 16
Box: 21, 74, 7
Box: 62, 16, 10
Box: 54, 44, 260
Box: 5, 43, 3
Box: 176, 5, 21
Box: 25, 74, 3
Box: 22, 14, 17
Box: 176, 7, 22
Box: 13, 12, 260
Box: 90, 2, 33
Box: 9, 9, 5
Box: 13, 12, 6
Box: 64, 74, 54
Box: 3, 3, 22
Box: 123, 3, 40
Box: 24, 12, 39
Box: 22, 74, 4
Box: 13, 74, 27
Box: 26, 18, 17
Box: 42, 14, 19
Box: 66, 18, 2
Box: 31, 74, 7
Box: 2, 44, 5
Box: 150, 37, 260
Box: 29, 74, 260
Box: 44, 9, 5
Box: 176, 2, 2
Box: 24, 31, 260
Box: 13, 74, 124
Box: 176, 74, 41
Box: 36, 74, 13
Box: 73, 10, 28
Box: 3, 12, 23
Box: 16, 74, 7
Box: 31, 74, 27
Box: 13, 20, 43
Box: 176, 3, 65
Box: 176, 8, 47
Box: 13, 74, 10
Box: 129, 7, 130
Box: 9, 2, 11
Box: 11, 6, 4
Box: 21, 2, 34
Box: 20, 7, 5
Box: 38, 26, 63
Box: 5, 5, 90
Box: 32, 9, 71
Box: 7, 74, 4
Box: 7, 13, 11
Box: 176, 6, 36
Box: 76, 68, 55
Box: 16, 2, 260
Box: 5, 16, 86
Box: 150, 74, 41
Box: 24, 4, 43
Box: 11, 9, 260
Box: 176, 2, 35
Box: 18, 74, 34
Box: 28, 18, 2
Box: 54, 16, 14
Box: 18, 74, 89
Box: 32, 74, 18
Box: 5, 8, 10
Box: 18, 34, 9
Box: 5, 74, 82
Box: 10, 11, 2
Box: 66, 74, 3
Box: 176, 56, 57
Box: 41, 35, 5
Box: 12, 5, 7
Box: 35, 5, 8
Box: 32, 2, 12
Box: 2, 6, 20
Box: 4, 12, 24
Box: 48, 74, 47
Box: 7, 74, 12
Box: 95, 2, 13
Box: 5, 6, 2
Box: 9, 9, 16
Box: 18, 6, 130
Box: 23, 8, 23
Box: 16, 8, 44
Box: 28, 7, 120
Box: 53, 74, 28
Box: 10, 3, 20
Box: 126, 35, 31
Box: 24, 8, 19
Box: 91, 30, 10
Box: 8, 74, 2
Box: 54, 74, 48
Box: 52, 23, 14
Box: 15, 74, 3
Box: 46, 74, 148
Box: 12, 7, 7
Box: 176, 4, 46
Box: 3, 19, 29
Box: 67, 74, 260
Box: 19, 74, 260
Box: 31, 6, 22
Box: 10, 74, 29
Box: 15, 14, 8
Box: 15, 74, 71
Box: 76, 74, 13
Box: 21, 19, 24
Box: 34, 4, 14
Box: 30, 20, 64
Box: 152, 7, 105
Box: 3, 10, 3
Box: 16, 25, 260
Box: 176, 29, 2
Box: 95, 74, 12
Box: 154, 74, 3
Box: 176, 8, 29
Box: 4, 74, 260
Box: 176, 3, 2
Box: 16, 74, 51
Box: 5, 23, 72
Box: 9, 74, 4
Box: 16, 8, 19
Box: 107, 64, 260
Box: 38, 74, 29
Box: 34, 8, 44
Box: 11, 74, 260
Box: 5, 74, 49
Box: 176, 17, 70
Box: 11, 12, 30
Box: 28, 19, 82
Box: 3, 3, 6
Box: 11, 74, 260
Box: 50, 45, 46
Box: 27, 10, 6
Box: 5, 12, 101
Box: 7, 2, 13
Box: 176, 74, 205
Box: 2, 3, 21
Box: 25, 22, 23
Box: 176, 74, 24
Box: 11, 5, 26
Box: 176, 74, 4
Box: 18, 12, 130
Box: 19, 74, 16
Box: 9, 5, 2
Box: 86, 4, 6
Box: 176, 43, 18
Box: 7, 74, 25
Box: 27, 74, 42
Box: 32, 27, 15
Box: 86, 9, 6
Box: 2, 74, 9
Box: 3, 8, 66
Box: 11, 74, 45
Box: 19, 31, 14
Box: 23, 46, 75
Box: 6, 8, 19
Box: 19, 74, 15
Box: 152, 7, 6
Box: 11, 50, 141
Box: 51, 7, 26
Box: 66, 18, 4
Box: 3, 4, 5
Box: 176, 8, 71
Box: 2, 10, 18
Box: 10, 47, 22
Box: 75, 10, 9
Box: 3, 19, 36
Box: 20, 5, 55
Box: 6, 2, 63
Box: 49, 74, 23
Box: 31, 18, 8
Box: 23, 36, 23
Box: 130, 74, 18
Box: 5, 49, 17
Box: 9, 74, 123
Box: 2, 7, 39
Box: 21, 74, 2
Box: 176, 52, 15
Box: 32, 40, 7
Box: 86, 51, 29
Box: 85, 42, 24
Box: 2, 22, 39
Box: 73, 74, 32
Box: 56, 4, 11
Box: 4, 63, 12
Box: 176, 74, 33
Box: 82, 13, 38
Box: 13, 74, 16
Box: 32, 62, 30
Box: 14, 74, 75
Box: 176, 45, 10
Box: 12, 7, 7
Box: 32, 4, 13
Box: 2, 2, 15
Box: 5, 4, 35
Box: 15, 13, 2
Box: 6, 74, 5
Box: 92, 8, 23
Box: 3, 2, 23
Box: 9, 19, 6
Box: 60, 74, 6
Box: 10, 11, 13
Box: 30, 5, 24
Box: 3, 2, 5
Box: 4, 29, 9
Box: 5, 74, 62
Box: 81, 74, 14
Box: 8, 74, 92
Box: 169, 74, 58
Box: 34, 13, 2
Box: 2, 3, 39
Box: 33, 74, 50
Box: 3, 74, 105
Box: 2, 17, 5
Box: 176, 10, 15
Box: 4, 30, 6
Box: 14, 4, 12
Box: 55, 11, 39
Box: 36, 74, 17
Box: 14, 4, 7
Box: 69, 51, 9
Box: 3, 27, 4
Box: 8, 74, 15
Box: 176, 7, 11
Box: 52, 13, 21
Box: 30, 20, 150
Box: 18, 64, 14
Box: 52, 27, 167
Box: 107, 18, 5
Box: 176, 4, 101
Box: 16, 74, 19
Box: 5, 16, 11
Box: 50, 11, 36
Box: 120, 53, 35
Box: 15, 74, 35
Box: 2, 19, 36
Box: 176, 5, 59
Box: 32, 74, 90
Box: 9, 27, 84
Box: 6, 5, 11
Box: 7, 74, 31
Box: 49, 74, 11
Box: 31, 11, 7
Box: 33, 74, 73
Box: 5, 31, 260
Box: 4, 5, 20
Box: 4, 7, 3
Box: 21, 74, 43
Box: 176, 74, 64
Box: 75, 10, 58
Box: 85, 6, 46
Box: 96, 74, 61
Box: 50, 11, 9
Box: 13, 74, 87
Box: 5, 74, 6
Box: 12, 18, 6
Box: 11, 74, 123
Box: 8, 3, 51
Box: 54, 74, 260
Box: 19, 4, 43
Box: 18, 12, 6
Box: 8, 12, 10
Box: 26, 19, 10
Box: 29, 8, 14
Box: 55, 19, 39
Box: 33, 14, 7
Box: 176, 12, 22
Box: 23, 9, 101
Box: 16, 74, 170
Box: 105, 74, 44
Box: 6, 35, 22
Box: 28, 74, 43
Box: 3, 2, 5
Box: 39, 5, 7
Box: 10, 74, 34
Box: 9, 74, 5
Box: 2, 11, 4
Box: 176, 7, 13
Box: 2, 16, 4
Box: 10, 10, 13
Box: 2, 2, 39
Box: 93, 74, 4
Box: 2, 14, 2
Box: 176, 74, 35
Box: 3, 3, 14
Box: 4, 2, 7
Box: 5, 2, 2
Box: 41, 74, 38
Box: 52, 74, 14
Box: 8, 74, 36
Box: 13, 74, 10
Box: 24, 74, 2
Box: 12, 3, 2
Box: 6, 49, 38
Box: 32, 74, 17
Box: 2, 32, 138
Box: 2, 24, 2
Box: 3, 2, 13
Box: 176, 7, 8
Box: 9, 13, 7
Box: 176, 13, 21
Box: 18, 50, 21
Box: 176, 31, 2
Box: 12, 74, 260
Box: 44, 8, 3
Box: 53, 3, 78
Box: 57, 74, 12
Box: 6, 25, 2
Box: 176, 5, 26
Box: 176, 3, 6
Box: 112, 74, 33
Box: 176, 74, 9
Box: 69, 74, 54
Box: 11, 74, 35
Box: 4, 51, 16
Box: 176, 13, 32
Box: 176, 22, 70
Box: 12, 74, 29
Box: 2, 5, 3
Box: 176, 74, 15
Box: 95, 74, 7
Box: 12, 13, 2
Box: 4, 74, 12
Box: 22, 74, 43
Box: 72, 74, 82
Box: 10, 74, 6
Box: 25, 14, 8
Box: 10, 74, 2
Box: 176, 6, 20
Box: 23, 10, 2
Box: 10, 19, 13
Box: 176, 21, 8
Box: 33, 74, 38
Box: 16, 7, 78
Box: 50, 4, 72
Box: 176, 24, 110
Box: 31, 20, 17
Box: 9, 16, 6
Box: 10, 74, 14
Box: 36, 74, 64
Box: 9, 3, 11
Box: 176, 33, 2
Box: 5, 11, 12
Box: 25, 12, 13
Box: 176, 4, 59
Box: 33, 32, 30
Box: 5, 43, 260
Box: 3, 10, 57
Box: 176, 74, 171
Box: 28, 74, 9
Box: 8, 19, 17
Box: 176, 74, 30
Box: 8, 4, 59
Box: 32, 52, 60
Box: 176, 3, 6
Box: 37, 18, 30
Box: 17, 8, 16
Box: 5, 17, 53
Box: 2, 14, 9
Box: 11, 18, 28
Box: 8, 74, 29
Box: 4, 4, 28
Box: 88, 74, 31
Box: 7, 12, 104
Box: 9, 74, 2
Box: 6, 5, 36
Box: 5, 11, 5
Box: 20, 3, 34
Box: 5, 8, 20
Box: 20, 74, 25
Box: 63, 74, 38
Box: 30, 3, 3
Box: 124, 7, 48
Box: 3, 7, 7
Box: 176, 22, 46
Box: 66, 24, 7
Box: 2, 11, 36
Box: 176, 17, 2
Box: 6, 74, 43
Box: 176, 74, 5
Box: 2, 12, 43
Box: 52, 23, 41
Box: 73, 74, 4
Box: 73, 9, 2
Box: 9, 74, 260
Box: 49, 74, 26
Box: 4, 15, 27
Box: 9, 5, 7
Box: 88, 74, 163
Box: 17, 74, 5
Box: 77, 74, 15
Box: 73, 20, 2
Box: 75, 10, 8
Box: 166, 42, 10
Box: 15, 74, 114
Box: 7, 74, 56
Box: 47, 12, 163
Box: 30, 74, 37
Box: 3, 14, 23
Box: 2, 3, 17
Box: 53, 38, 40
Box: 9, 17, 13
Box: 97, 74, 112
Box: 8, 25, 17
Box: 15, 2, 7
Box: 176, 23, 59
Box: 137, 74, 260
Box: 18, 22, 39
Box: 16, 29, 23
Box: 55, 9, 35
Box: 2, 8, 7
Box: 13, 74, 28
Box: 32, 8, 7
Box: 21, 11, 30
Box: 12, 29, 26
Box: 24, 46, 30
Box: 48, 16, 60
Box: 54, 12, 70
Box: 27, 5, 6
Box: 3, 74, 59
Box: 6, 5, 47
Box: 2, 9, 101
Box: 20, 74, 142
Box: 16, 12, 260
Box: 26, 56, 92
Box: 74, 20, 10
Box: 2, 14, 105
Box: 36, 74, 22
Box: 176, 74, 58
Box: 176, 13, 8
Box: 176, 74, 51
Box: 18, 9, 3
Box: 19, 74, 62
Box: 50, 6, 46
Box: 7, 12, 6
Box: 176, 74, 9
Box: 99, 11, 46
Box: 2, 32, 55
Box: 7, 74, 32
Box: 10, 23, 2
Box: 37, 36, 24
Box: 8, 13, 2
Box: 27, 16, 6
Box: 55, 74, 260
Box: 11, 12, 24
Box: 9, 53, 45
Box: 7, 14, 11
Box: 2, 32, 5
Box: 142, 28, 14
Box: 96, 74, 82
Box: 7, 10, 14
Box: 5, 9, 53
Box: 31, 12, 7
Box: 102, 74, 112
Box: 176, 15, 57
Box: 130, 28, 199
Box: 37, 74, 75
Box: 6, 21, 4
Box: 57, 2, 13
Box: 66, 7, 7
Box: 138, 11, 151
Box: 60, 74, 17
Box: 2, 11, 2
Box: 44, 22, 54
Box: 38, 74, 7
Box: 54, 21, 70
Box: 49, 74, 66
Box: 16, 74, 17
Box: 13, 33, 24
Box: 8, 4, 2
Box: 176, 40, 48
Box: 8, 5, 260
Box: 6, 19, 7
Box: 28, 2, 2
Box: 73, 7, 14
Box: 13, 34, 28
Box: 33, 74, 228
Box: 4, 4, 14
Box: 8, 19, 36
Box: 13, 4, 24
Box: 10, 74, 52
Box: 8, 3, 51
Box: 12, 74, 108
Box: 38, 5, 35
Box: 46, 14, 7
Box: 148, 18, 21
Box: 21, 74, 11
Box: 36, 19, 68
Box: 13, 5, 79
Box: 10, 74, 121
Box: 52, 27, 67
Box: 32, 15, 2
Box: 9, 15, 51
Box: 75, 12, 9
Box: 30, 6, 43
Box: 14, 4, 260
Box: 36, 19, 59
Box: 6, 16, 28
Box: 13, 9, 94
Box: 46, 19, 4
Box: 21, 74, 29
Box: 28, 15, 14
Box: 9, 11, 12
Box: 14, 26, 260
Box: 14, 74, 208
Box: 5, 3, 2
Box: 23, 53, 45
Box: 22, 6, 20
Box: 5, 74, 96
Box: 8, 17, 7
Box: 19, 74, 29
Box: 69, 14, 8
Box: 30, 3, 228
Box: 36, 74, 76
Box: 5, 6, 7
Box: 7, 74, 5
Box: 2, 14, 21
Box: 66, 8, 7
Box: 33, 74, 20
Box: 176, 12, 15
Box: 19, 23, 260
Box: 176, 74, 23
Box: 7, 46, 30
Box: 3, 74, 33
Box: 2, 3, 14
Box: 4, 6, 21
Box: 11, 2, 14
Box: 17, 74, 49
Box: 42, 11, 39
Box: 12, 39, 32
Box: 46, 74, 120
Box: 30, 10, 8
Box: 176, 74, 6
Box: 6, 74, 260
Box: 2, 7, 7
Box: 8, 18, 14
Box: 38, 74, 7
Box: 72, 8, 184
Box: 3, 74, 3
Box: 32, 74, 149
Box: 22, 14, 7
Box: 11, 74, 30
Box: 4, 74, 2
Box: 8, 5, 5
Box: 74, 51, 29
Box: 71, 3, 12
Box: 34, 9, 260
Box: 176, 12, 62
Box: 5, 30, 5
Box: 5, 5, 260
Box: 176, 74, 180
Box: 64, 74, 17
Box: 59, 32, 6
Box: 12, 7, 2
Box: 27, 3, 56
Box: 176, 14, 40
Box: 92, 31, 13
Box: 3, 13, 11
Box: 83, 74, 28
Box: 69, 51, 55
Box: 2, 17, 13
Box: 42, 23, 64
Box: 9, 9, 6
Box: 176, 51, 39
Box: 4, 8, 14
Box: 30, 42, 228
Box: 176, 3, 21
Box: 2, 74, 260
Box: 176, 74, 178
Box: 12, 6, 7
Box: 15, 74, 21
Box: 35, 8, 15
Box: 91, 14, 7
Box: 12, 16, 4
Box: 2, 3, 37
Box: 19, 9, 101
Box: 47, 8, 20
Box: 67, 74, 60
Box: 142, 2, 14
Box: 12, 61, 23
Box: 73, 74, 43
Box: 2, 74, 24
Box: 11, 2, 26
Box: 5, 46, 9
Box: 13, 63, 176
Box: 4, 6, 38
Box: 13, 74, 12
Box: 13, 5, 23
Box: 176, 29, 260
Box: 8, 12, 101
Box: 6, 21, 34
Box: 3, 17, 13
Box: 64, 74, 21
Box: 128, 20, 11
Box: 8, 3, 3
Box: 42, 6, 19
Box: 8, 2, 7
Box: 176, 6, 13
Box: 21, 74, 35
Box: 28, 19, 2
Box: 16, 17, 50
Box: 5, 30, 31
Box: 10, 26, 60
Box: 12, 36, 2
Box: 6, 42, 106
Box: 176, 19, 21
Box: 17, 74, 28
Box: 3, 14, 24
Box: 3, 5, 5
Box: 3, 74, 35
Box: 12, 3, 174
Box: 3, 7, 56
Box: 2, 21, 21
Box: 19, 74, 74
Box: 176, 69, 19
Box: 7, 74, 7
Box: 120, 9, 3
Box: 36, 28, 32
Box: 3, 18, 4
Box: 6, 74, 57
Box: 3, 11, 7
Box: 12, 74, 27
Box: 2, 38, 9
Box: 3, 74, 22
Box: 41, 12, 163
Box: 35, 16, 92
Box: 176, 5, 178
Box: 12, 3, 8
Box: 176, 74, 6
Box: 26, 24, 12
Box: 2, 2, 7
Box: 66, 74, 29
Box: 86, 74, 54
Box: 16, 8, 6
Box: 26, 74, 24
Box: 176, 14, 36
Box: 6, 3, 29
Box: 11, 58, 37
Box: 24, 2, 11
Box: 176, 74, 15
Box: 32, 9, 32
Box: 2, 5, 260
Box: 2, 21, 84
Box: 90, 6, 10
Box: 76, 74, 18
Box: 5, 2, 5
Box: 2, 5, 106
Box: 83, 74, 106
Box: 4, 2, 2
Box: 18, 5, 23
Box: 31, 2, 8
Box: 176, 43, 17
Box: 44, 16, 14
Box: 24, 74, 12
Box: 7, 74, 12
Box: 24, 24, 4
Box: 21, 2, 3
Box: 2, 2, 118
Box: 53, 52, 4
Box: 75, 74, 83
Box: 27, 5, 19
Box: 3, 8, 20
Box: 33, 74, 6
Box: 3, 74, 17
Box: 24, 31, 6
Box: 16, 4, 20
Box: 47, 74, 260
Box: 8, 22, 9
Box: 44, 4, 5
Box: 144, 4, 44
Box: 9, 7, 30
Box: 9, 28, 43
Box: 12, 14, 33
Box: 18, 23, 154
Box: 43, 18, 18
Box: 48, 46, 17
Box: 8, 74, 2
Box: 13, 3, 34
Box: 2, 74, 34
Box: 4, 9, 13
Box: 5, 6, 2
Box: 38, 74, 22
Box: 76, 74, 15
Box: 2, 74, 39
Box: 29, 74, 35
Box: 30, 15, 14
Box: 11, 74, 43
Box: 13, 3, 41
Box: 6, 18, 25
Box: 3, 9, 26
Box: 9, 37, 260
Box: 64, 15, 18
Box: 17, 74, 26
Box: 3, 13, 70
Box: 7, 6, 40
Box: 48, 46, 12
Box: 23, 5, 20
Box: 4, 2, 2
Box: 2, 74, 22
Box: 18, 34, 5
Box: 176, 18, 46
Box: 91, 15, 36
Box: 18, 30, 39
Box: 17, 74, 29
Box: 5, 14, 16
Box: 41, 74, 43
Box: 4, 74, 19
Box: 50, 74, 2
Box: 120, 12, 9
Box: 6, 74, 16
Box: 4, 23, 2
Box: 45, 23, 197
Box: 96, 74, 146
Box: 46, 74, 5
Box: 36, 4, 26
Box: 3, 11, 2
Box: 14, 10, 32
Box: 11, 74, 11
Box: 23, 6, 7
Box: 66, 24, 2
Box: 176, 74, 23
Box: 10, 47, 64
Box: 52, 74, 80
Box: 176, 74, 139
Box: 64, 23, 18
Box: 176, 13, 260
Box: 20, 74, 4
Box: 20, 2, 4
Box: 176, 28, 111
Box: 51, 25, 6
Box: 7, 22, 30
Box: 11, 5, 2
Box: 8, 8, 23
Box: 60, 74, 86
Box: 28, 3, 53
Box: 104, 7, 148
Box: 16, 17, 82
Box: 13, 11, 84
Box: 55, 2, 5
Box: 88, 74, 42
Box: 53, 36, 126
Box: 2, 7, 7
Box: 6, 46, 29
Box: 104, 6, 192
Box: 3, 29, 53
Box: 95, 74, 11
Box: 10, 13, 2
Box: 39, 9, 35
Box: 4, 10, 26
Box: 4, 4, 26
Box: 11, 6, 26
Box: 36, 19, 18
Box: 20, 18, 9
Box: 85, 9, 8
Box: 25, 74, 8
Box: 118, 16, 23
Box: 13, 24, 28
Box: 24, 49, 45
Box: 176, 74, 30
Box: 38, 74, 23
Box: 54, 21, 2
Box: 12, 4, 7
Box: 31, 20, 235
Box: 13, 74, 82
Box: 41, 46, 16
Box: 3, 10, 5
Box: 30, 20, 8
Box: 24, 74, 40
Box: 15, 2, 13
Box: 12, 3, 8
Box: 11, 5, 26
Box: 2, 2, 15
Box: 7, 74, 73
Box: 23, 24, 120
Box: 17, 3, 106
Box: 140, 74, 123
Box: 12, 74, 8
Box: 4, 19, 38
Box: 158, 6, 260
Box: 47, 2, 38
Box: 45, 74, 13
Box: 12, 22, 120
Box: 10, 74, 26
Box: 55, 16, 14
Box: 30, 8, 228
Box: 13, 2, 9
Box: 11, 74, 5
Box: 13, 3, 10
Box: 176, 16, 22
Box: 22, 11, 21
Box: 57, 74, 16
Box: 13, 12, 2
Box: 17, 46, 16
Box: 176, 6, 43
Box: 9, 7, 11
Box: 2, 8, 7
Box: 62, 44, 110
Box: 8, 6, 5
Box: 10, 74, 260
Box: 4, 19, 27
Box: 8, 56, 92
Box: 176, 24, 33
Box: 6, 42, 16
Box: 28, 20, 82
Box: 15, 22, 30
Box: 18, 36, 260
Box: 20, 74, 9
Box: 20, 9, 43
Box: 64, 13, 11
Box: 42, 25, 19
Box: 49, 74, 31
Box: 2, 74, 6
Box: 44, 17, 56
Box: 176, 6, 21
Box: 10, 17, 13
Box: 6, 26, 9
Box: 2, 32, 53
Box: 22, 74, 15
Box: 41, 46, 184
Box: 28, 7, 26
Box: 49, 74, 38
Box: 176, 74, 27
Box: 72, 74, 108
Box: 31, 74, 60
Box: 57, 74, 59
Box: 4, 3, 28
Box: 73, 31, 28
Box: 12, 74, 27
Box: 3, 4, 19
Box: 13, 10, 57
Box: 176, 6, 36
Box: 32, 74, 5
Box: 11, 74, 110
Box: 6, 18, 6
Box: 11, 13, 4
Box: 7, 74, 13
Box: 44, 12, 22
Box: 15, 18, 28
Box: 5, 74, 59
Box: 44, 22, 11
Box: 176, 74, 111
Box: 2, 9, 94
Box: 36, 12, 77
Box: 11, 10, 4
Box: 108, 74, 4
Box: 24, 10, 8
Box: 21, 2, 3
Box: 10, 74, 16
Box: 57, 6, 46
Box: 38, 2, 30
Box: 3, 16, 7
Box: 5, 16, 7
Box: 176, 50, 21
Box: 10, 27, 2
Box: 41, 74, 77
Box: 55, 74, 52
Box: 20, 74, 31
Box: 30, 74, 2
Box: 6, 6, 14
Box: 7, 74, 10
Box: 2, 5, 4
Box: 10, 74, 2
Box: 34, 4, 14
Box: 9, 5, 4
Box: 85, 74, 21
Box: 2, 29, 9
Box: 4, 6, 28
Box: 15, 74, 13
Box: 32, 74, 5
Box: 34, 7, 260
Box: 5, 10, 7
Box: 176, 74, 39
Box: 152, 7, 60
Box: 3, 11, 7
Box: 8, 74, 84
Box: 32, 44, 32
Box: 3, 74, 11
Box: 37, 3, 24
Box: 176, 15, 260
Box: 47, 74, 15
Box: 176, 74, 93
Box: 12, 11, 7
Box: 13, 20, 56
Box: 84, 7, 260
Box: 8, 74, 14
Box: 6, 4, 2
Box: 12, 9, 3
Box: 36, 19, 5
Box: 15, 60, 5
Box: 53, 22, 4
Box: 32, 74, 23
Box: 11, 74, 83
Box: 30, 5, 4
Box: 27, 74, 43
Box: 4, 14, 2
Box: 13, 5, 56
Box: 131, 74, 18
Box: 10, 74, 75
Box: 76, 74, 46
Box: 17, 74, 37
Box: 6, 74, 63
Box: 3, 12, 22
Box: 44, 6, 5
Box: 3, 16, 2
Box: 7, 74, 11
Box: 19, 5, 12
Box: 2, 32, 8
Box: 176, 43, 5
Box: 8, 5, 51
Box: 4, 4, 50
Box: 15, 74, 20
Box: 120, 5, 27
Box: 9, 13, 17
Box: 17, 74, 33
Box: 6, 26, 3
Box: 3, 3, 42
Box: 2, 74, 20
Box: 9, 3, 11
Box: 50, 39, 29
Box: 176, 2, 45
Box: 18, 74, 92
Box: 9, 29, 10
Box: 7, 9, 11
Box: 31, 17, 13
Box: 12, 16, 23
Box: 9, 45, 5
Box: 65, 39, 62
Box: 45, 50, 21
Box: 14, 74, 23
Box: 7, 74, 73
Box: 7, 74, 13
Box: 18, 74, 5
Box: 176, 48, 13
Box: 2, 24, 12
Box: 64, 24, 166
Box: 6, 5, 4
Box: 8, 74, 6
Box: 13, 12, 4
Box: 32, 61, 28
Box: 12, 9, 16
Box: 7, 20, 16
Box: 66, 74, 9
Box: 176, 50, 52
Box: 42, 74, 149
Box: 22, 30, 6
Box: 4, 20, 6
Box: 16, 7, 91
Box: 3, 35, 170
Box: 9, 11, 14
Box: 30, 74, 5
Box: 47, 11, 22
Box: 28, 74, 19
Box: 24, 33, 13
Box: 106, 50, 12
Box: 56, 74, 4
Box: 55, 5, 44
Box: 43, 74, 260
Box: 3, 20, 7
Box: 9, 28, 43
Box: 22, 7, 33
Box: 3, 74, 84
Box: 17, 74, 74
Box: 8, 28, 15
Box: 61, 74, 6
Box: 19, 17, 55
Box: 12, 55, 5
Box: 73, 74, 96
Box: 8, 16, 17
Box: 8, 4, 3
Box: 4, 10, 2
Box: 36, 2, 3
Box: 91, 30, 2
Box: 32, 74, 24
Box: 176, 18, 2
Box: 41, 18, 9
Box: 2, 4, 12
Box: 22, 2, 6
Box: 44, 74, 72
Box: 176, 74, 35
Box: 40, 74, 43
Box: 11, 32, 260
Box: 14, 21, 21
Box: 136, 74, 47
Box: 54, 15, 70
Box: 4, 3, 13
Box: 8, 5, 19
Box: 27, 74, 7
Box: 59, 5, 17
Box: 52, 23, 34
Box: 176, 9, 3
Box: 8, 4, 2
Box: 47, 74, 34
Box: 67, 74, 18
Box: 18, 15, 7
Box: 82, 74, 10
Box: 32, 16, 13
Box: 11, 8, 14
Box: 19, 74, 208
Box: 9, 2, 51
Box: 11, 24, 56
Box: 11, 2, 141
Box: 15, 74, 19
Box: 174, 13, 3
Box: 92, 74, 56
Box: 49, 38, 10
Box: 36, 74, 9
Box: 129, 7, 130
Box: 5, 5, 11
Box: 154, 74, 26
Box: 8, 19, 8
Box: 51, 74, 10
Box: 162, 38, 22
Box: 35, 8, 5
Box: 21, 8, 23
Box: 23, 10, 75
Box: 2, 74, 70
Box: 21, 74, 31
Box: 176, 74, 22
Box: 8, 39, 45
Box: 16, 50, 5
Box: 122, 3, 27
Box: 104, 74, 31
Box: 49, 74, 18
Box: 8, 12, 15
Box: 36, 19, 8
Box: 176, 8, 4
Box: 10, 23, 2
Box: 176, 23, 57
Box: 112, 24, 12
Box: 50, 16, 46
Box: 35, 74, 12
Box: 72, 4, 184
Box: 32, 9, 16
Box: 42, 14, 9
Box: 51, 31, 108
Box: 24, 2, 11
Box: 17, 74, 23
Box: 176, 12, 260
Box: 9, 11, 5
Box: 67, 74, 73
Box: 5, 12, 16
Box: 3, 12, 3
Box: 13, 12, 5
Box: 45, 74, 62
Box: 37, 31, 51
Box: 2, 10, 4
Box: 176, 74, 57
Box: 17, 51, 7
Box: 23, 2, 23
Box: 5, 74, 6
Box: 176, 74, 11
Box: 5, 74, 32
Box: 13, 18, 15
Box: 8, 5, 5
Box: 11, 20, 16
Box: 27, 5, 27
Box: 31, 4, 7
Box: 55, 22, 123
Box: 9, 74, 23
Box: 13, 74, 114
Box: 176, 74, 3
Box: 33, 74, 29
Box: 14, 74, 20
Box: 3, 24, 7
Box: 91, 30, 5
Box: 4, 22, 10
Box: 4, 7, 39
Box: 23, 14, 7
Box: 3, 19, 26
Box: 75, 10, 7
Box: 3, 12, 12
Box: 31, 9, 101
Box: 3, 74, 19
Box: 21, 25, 3
Box: 3, 74, 36
Box: 20, 4, 32
Box: 44, 61, 43
Box: 120, 12, 2
Box: 28, 13, 38
Box: 50, 15, 14
Box: 60, 74, 64
Box: 3, 14, 24
Box: 18, 15, 23
Box: 41, 11, 19
Box: 2, 74, 108
Box: 14, 16, 260
Box: 73, 74, 119
Box: 31, 8, 15
Box: 2, 10, 14
Box: 38, 74, 14
Box: 2, 3, 6
Box: 6, 15, 38
Box: 40, 74, 6
Box: 2, 19, 36
Box: 81, 18, 9
Box: 176, 30, 4
Box: 91, 16, 17
Box: 102, 74, 6
Box: 27, 19, 26
Box: 74, 20, 2
Box: 31, 4, 22
Box: 18, 74, 36
Box: 9, 11, 7
Box: 13, 50, 64
Box: 21, 14, 18
Box: 12, 44, 2
Box: 8, 5, 260
Box: 9, 74, 2
Box: 13, 3, 30
Box: 176, 74, 16
Box: 2, 5, 11
Box: 4, 9, 59
Box: 7, 6, 58
Box: 72, 5, 64
Box: 9, 74, 17
Box: 12, 3, 9
Box: 56, 27, 11
Box: 79, 74, 112
Box: 176, 24, 260
Box: 19, 7, 114
Box: 6, 8, 19
Box: 12, 19, 12
Box: 176, 74, 46
Box: 19, 4, 24
Box: 4, 35, 2
Box: 44, 10, 10
Box: 73, 74, 75
Box: 76, 4, 54
Box: 176, 18, 3
Box: 5, 74, 51
Box: 176, 7, 150
Box: 3, 74, 2
Box: 21, 3, 2
Box: 3, 12, 4
Box: 44, 18, 32
Box: 176, 74, 16
Box: 58, 14, 45
Box: 76, 4, 81
Box: 4, 11, 12
Box: 20, 12, 6
Box: 8, 18, 8
Box: 3, 15, 7
Box: 176, 3, 3
Box: 30, 74, 260
Box: 166, 5, 27
Box: 157, 13, 31
Box: 37, 74, 159
Box: 176, 51, 9
Box: 3, 2, 2
Box: 9, 7, 84
Box: 14, 74, 260
Box: 28, 18, 21
Box: 3, 10, 11
Box: 68, 74, 10
Box: 48, 46, 20
Box: 2, 3, 46
Box: 25, 8, 19
Box: 59, 16, 30
Box: 39, 14, 9
Box: 176, 14, 115
Box: 28, 74, 15
Box: 9, 9, 9
Box: 14, 2, 34
Box: 4, 9, 59
Box: 14, 74, 63
Box: 176, 10, 23
Box: 33, 74, 8
Box: 22, 18, 28
Box: 4, 7, 12
Box: 24, 23, 22
Box: 35, 74, 86
Box: 60, 74, 42
Box: 2, 20, 105
Box: 8, 74, 12
Box: 50, 74, 20
Box: 5, 74, 98
Box: 5, 17, 14
Box: 26, 32, 13
Box: 28, 44, 27
Box: 10, 3, 27
Box: 176, 74, 144
Box: 102, 20, 20
Box: 2, 2, 13
Box: 7, 74, 108
Box: 138, 47, 57
Box: 11, 6, 141
Box: 2, 10, 105
Box: 8, 22, 93
Box: 28, 8, 2
Box: 31, 19, 7
Box: 36, 74, 4
Box: 42, 18, 101
Box: 2, 74, 24
Box: 13, 18, 4
Box: 31, 74, 3
Box: 8, 5, 3
Box: 2, 3, 15
Box: 38, 2, 30
Box: 9, 6, 43
Box: 93, 74, 4
Box: 36, 24, 61
Box: 4, 9, 7
Box: 6, 59, 38
Box: 3, 31, 42
Box: 22, 74, 110
Box: 10, 70, 2
Box: 176, 43, 91
Box: 121, 74, 33
Box: 5, 74, 34
Box: 49, 23, 4
Box: 2, 2, 15
Box: 2, 12, 84
Box: 81, 74, 71
Box: 4, 74, 170
Box: 48, 5, 260
Box: 17, 9, 6
Box: 20, 74, 21
Box: 89, 7, 260
Box: 4, 6, 7
Box: 9, 9, 4
Box: 4, 11, 30
Box: 23, 74, 38
Box: 19, 74, 14
Box: 31, 33, 22
Box: 4, 36, 39
Box: 30, 74, 3
Box: 60, 74, 67
Box: 3, 14, 7
Box: 12, 74, 2
Box: 55, 74, 39
Box: 2, 7, 3
Box: 3, 74, 109
Box: 3, 2, 13
Box: 36, 17, 7
Box: 2, 13, 4
Box: 64, 74, 25
Box: 30, 74, 2
Box: 8, 8, 51
Box: 66, 18, 29
Box: 75, 10, 3
Box: 7, 74, 47
Box: 8, 2, 7
Box: 30, 10, 8
Box: 34, 2, 14
Box: 70, 8, 20
Box: 129, 2, 130
Box: 43, 18, 5
Box: 34, 8, 46
Box: 35, 34, 27
Box: 13, 74, 74
Box: 8, 29, 9
Box: 44, 23, 7
Box: 72, 74, 14
Box: 7, 74, 3
Box: 47, 23, 42
Box: 130, 24, 199
Box: 138, 47, 61
Box: 84, 74, 43
Box: 39, 25, 7
Box: 4, 15, 27
Box: 11, 23, 14
Box: 64, 2, 8
Box: 76, 4, 53
Box: 4, 65, 7
Box: 14, 34, 13
Box: 18, 9, 23
Box: 46, 74, 16
Box: 13, 74, 74
Box: 5, 20, 11
Box: 24, 74, 11
Box: 35, 19, 17
Box: 2, 74, 24
Box: 20, 6, 3
Box: 10, 74, 19
Box: 20, 45, 28
Box: 3, 5, 260
Box: 20, 6, 15
Box: 73, 74, 12
Box: 31, 9, 45
Box: 103, 10, 2
Box: 37, 74, 152
Box: 18, 30, 12
Box: 21, 74, 106
Box: 30, 26, 8
Box: 11, 10, 25
Box: 17, 37, 260
Box: 66, 74, 45
Box: 27, 74, 77
Box: 176, 12, 5
Box: 6, 74, 170
Box: 2, 7, 20
Box: 48, 7, 5
Box: 33, 74, 71
Box: 2, 3, 35
Box: 45, 8, 16
Box: 6, 42, 33
Box: 23, 6, 35
Box: 46, 20, 20
Box: 2, 14, 4
Box: 3, 9, 4
Box: 13, 2, 28
Box: 176, 74, 27
Box: 9, 5, 23
Box: 176, 74, 34
Box: 176, 7, 45
Box: 2, 8, 46
Box: 24, 7, 42
Box: 3, 6, 23
Box: 42, 74, 50
Box: 4, 21, 7
Box: 8, 7, 158
Box: 5, 5, 3
Box: 6, 74, 26
Box: 47, 62, 30
Box: 8, 74, 120
Box: 8, 2, 7
Box: 30, 74, 4
Box: 7, 74, 83
Box: 3, 2, 170
Box: 10, 2, 33
Box: 57, 74, 2
Box: 28, 74, 39
Box: 5, 74, 9
Box: 9, 46, 184
Box: 8, 7, 84
Box: 11, 74, 10
Box: 116, 13, 3
Box: 9, 5, 6
Box: 9, 74, 52
Box: 30, 74, 12
Box: 11, 74, 110
Box: 176, 74, 16
Box: 36, 74, 51
Box: 126, 9, 31
Box: 2, 12, 35
Box: 107, 15, 5
Box: 5, 3, 25
Box: 14, 74, 29
Box: 12, 16, 9
Box: 15, 74, 27
Box: 23, 7, 39
Box: 176, 74, 18
Box: 4, 74, 56
Box: 37, 12, 22
Box: 49, 74, 142
Box: 176, 74, 11
Box: 50, 8, 15
Box: 14, 3, 13
Box: 20, 74, 92
Box: 11, 74, 2
Box: 21, 74, 26
Box: 8, 26, 63
Box: 22, 6, 14
Box: 44, 51, 29
Box: 8, 74, 148
Box: 44, 10, 57
Box: 6, 3, 6
Box: 13, 74, 22
Box: 18, 30, 48
Box: 13, 48, 100
Box: 176, 18, 4
Box: 176, 16, 2
Box: 37, 18, 36
Box: 96, 12, 30
Box: 11, 3, 21
Box: 132, 40, 25
Box: 3, 13, 2
Box: 3, 12, 4
Box: 15, 74, 2
Box: 2, 41, 7
Box: 83, 74, 130
Box: 3, 8, 29
Box: 41, 74, 260
Box: 21, 74, 16
Box: 2, 74, 7
Box: 131, 2, 9
Box: 13, 18, 3
Box: 38, 8, 35
Box: 32, 61, 3
Box: 9, 5, 5
Box: 10, 16, 101
Box: 32, 15, 7
Box: 40, 19, 148
Box: 7, 33, 20
Box: 39, 74, 123
Box: 129, 11, 130
Box: 176, 18, 25
Box: 9, 9, 7
Box: 11, 74, 61
Box: 176, 6, 45
Box: 56, 74, 7
Box: 7, 10, 5
Box: 44, 17, 27
Box: 12, 29, 6
Box: 69, 74, 210
Box: 36, 19, 19
Box: 89, 38, 78
Box: 30, 74, 10
Box: 3, 12, 61
Box: 2, 8, 23
Box: 34, 74, 17
Box: 176, 18, 2
Box: 99, 8, 44
Box: 2, 74, 7
Box: 6, 74, 55
Box: 36, 74, 40
Box: 2, 12, 34
Box: 37, 9, 51
Box: 17, 29, 10
Box: 11, 74, 36
Box: 21, 74, 42
Box: 22, 74, 52
Box: 3, 21, 53
Box: 9, 12, 11
Box: 64, 20, 9
Box: 176, 74, 67
Box: 3, 6, 30
Box: 176, 74, 11
Box: 176, 74, 18
Box: 13, 3, 100
Box: 3, 74, 28
Box: 176, 74, 79
Box: 17, 3, 80
Box: 57, 74, 27
Box: 9, 74, 3
Box: 13, 74, 2
Box: 2, 74, 13
Box: 44, 14, 56
Box: 53, 30, 25
Box: 19, 74, 59
Box: 25, 74, 16
Box: 2, 23, 4
Box: 2, 74, 10
Box: 3, 74, 2
Box: 9, 74, 5
Box: 8, 13, 5
Box: 36, 8, 26
Box: 9, 4, 11
Box: 3, 16, 29
Box: 21, 74, 4
Box: 73, 74, 5
Box: 8, 3, 5
Box: 5, 2, 2
Box: 3, 7, 18
Box: 62, 16, 7
Box: 11, 11, 65
Box: 176, 74, 186
Box: 51, 70, 39
Box: 3, 5, 19
Box: 166, 42, 51
Box: 91, 74, 10
Box: 5, 74, 4
Box: 22, 74, 35
Box: 37, 4, 22
Box: 12, 74, 26
Box: 176, 19, 71
Box: 15, 74, 23
Box: 30, 3, 7
Box: 34, 8, 260
Box: 3, 3, 20
Box: 4, 50, 14
Box: 21, 3, 21
Box: 41, 13, 11
Box: 8, 74, 11
Box: 35, 7, 8
Box: 6, 5, 24
Box: 3, 10, 4
Box: 4, 2, 3
Box: 64, 74, 100
Box: 52, 7, 260
Box: 64, 8, 9
Box: 24, 4, 7
Box: 7, 74, 108
Box: 21, 21, 42
Box: 44, 12, 23
Box: 28, 74, 3
Box: 30, 67, 23
Box: 24, 24, 149
Box: 6, 74, 2
Box: 11, 23, 4
Box: 72, 74, 31
Box: 41, 4, 9
Box: 4, 2, 6
Box: 3, 18, 70
Box: 13, 7, 28
Box: 5, 24, 19
Box: 35, 74, 42
Box: 176, 5, 19
Box: 5, 9, 69
Box: 102, 74, 93
Box: 44, 17, 57
Box: 13, 29, 6
Box: 17, 74, 92
Box: 176, 6, 111
Box: 2, 38, 26
Box: 8, 74, 26
Box: 10, 74, 51
Box: 14, 7, 13
Box: 9, 3, 46
Box: 50, 11, 2
Box: 23, 4, 39
Box: 44, 17, 18
Box: 4, 4, 59
Box: 176, 21, 9
Box: 117, 74, 17
Box: 5, 21, 6
Box: 10, 5, 14
Box: 36, 19, 3
Box: 10, 17, 10
Box: 14, 8, 46
Box: 13, 10, 24
Box: 10, 74, 7
Box: 9, 3, 23
Box: 5, 13, 3
Box: 76, 4, 32
Box: 12, 9, 44
Box: 37, 4, 24
Box: 3, 21, 18
Box: 44, 17, 23
Box: 19, 5, 3
Box: 8, 34, 6
Box: 10, 74, 159
Box: 23, 9, 8
Box: 3, 74, 19
Box: 54, 8, 16
Box: 3, 43, 5
Box: 10, 3, 13
Box: 38, 74, 179
Box: 39, 3, 30
Box: 19, 11, 22
Box: 7, 11, 17
Box: 176, 10, 70
Box: 8, 7, 11
Box: 42, 74, 7
Box: 5, 3, 2
Box: 11, 74, 2
Box: 166, 19, 131
Box: 176, 74, 3
Box: 71, 74, 10
Box: 77, 42, 136
Box: 27, 74, 152
Box: 36, 74, 40
Box: 176, 56, 29
Box: 4, 74, 4
Box: 83, 74, 31
Box: 100, 74, 29
Box: 6, 9, 35
Box: 3, 14, 4
Box: 24, 74, 4
Box: 3, 3, 4
Box: 18, 9, 6
Box: 26, 74, 90
Box: 37, 74, 66
Box: 10, 5, 22
Box: 5, 5, 2
Box: 176, 18, 2
Box: 2, 3, 21
Box: 72, 17, 88
Box: 63, 74, 82
Box: 21, 10, 3
Box: 13, 2, 6
Box: 124, 74, 3
Box: 176, 50, 61
Box: 75, 8, 20
Box: 14, 74, 26
Box: 28, 74, 31
Box: 5, 11, 14
Box: 33, 74, 11
Box: 118, 2, 23
Box: 32, 6, 7
Box: 29, 30, 35
Box: 176, 74, 77
Box: 19, 14, 33
Box: 2, 10, 28
Box: 28, 13, 53
Box: 22, 41, 13
Box: 21, 72, 43
Box: 36, 12, 7
Box: 55, 2, 9
Box: 15, 47, 64
Box: 176, 74, 2
Box: 176, 12, 23
Box: 9, 3, 23
Box: 12, 34, 108
Box: 46, 74, 2
Box: 176, 18, 8
Box: 56, 6, 7
Box: 12, 9, 12
Box: 13, 5, 15
Box: 7, 23, 4
Box: 12, 42, 23
Box: 2, 12, 12
Box: 6, 74, 2
Box: 15, 13, 2
Box: 4, 38, 38
Box: 60, 74, 76
Box: 176, 27, 2
Box: 3, 17, 13
Box: 136, 24, 61
Box: 10, 13, 11
Box: 36, 9, 7
Box: 176, 3, 46
Box: 28, 12, 82
Box: 16, 9, 23
Box: 72, 4, 184
Box: 5, 2, 11
Box: 9, 9, 4
Box: 176, 74, 82
Box: 7, 10, 33
Box: 13, 74, 208
Box: 4, 22, 4
Box: 9, 5, 2
Box: 3, 5, 7
Box: 152, 7, 8
Box: 176, 19, 18
Box: 9, 3, 15
Box: 5, 29, 46
Box: 13, 74, 43
Box: 176, 47, 26
Box: 176, 10, 107
Box: 32, 74, 50
Box: 11, 11, 20
Box: 176, 74, 19
Box: 176, 47, 86
Box: 25, 2, 13
Box: 39, 74, 34
Box: 16, 13, 260
Box: 41, 74, 13
Box: 56, 10, 11
Box: 28, 2, 82
Box: 18, 30, 75
Box: 17, 74, 228
Box: 38, 10, 57
Box: 7, 6, 103
Box: 12, 14, 21
Box: 11, 74, 6
Box: 4, 5, 6
Box: 26, 24, 2
Box: 102, 74, 17
Box: 33, 12, 260
Box: 49, 74, 2
Box: 24, 18, 101
Box: 66, 9, 260
Box: 23, 14, 21
Box: 176, 74, 8
Box: 12, 2, 25
Box: 176, 30, 65
Box: 33, 11, 36
Box: 23, 11, 73
Box: 31, 8, 23
Box: 12, 74, 260
Box: 23, 24, 2
Box: 44, 22, 7
Box: 2, 3, 5
Box: 5, 74, 6
Box: 13, 74, 7
Box: 38, 15, 107
Box: 13, 4, 100
Box: 33, 14, 22
Box: 3, 3, 2
Box: 20, 2, 55
Box: 60, 22, 23
Box: 3, 23, 16
Box: 71, 74, 19
Box: 2, 16, 15
Box: 4, 23, 38
Box: 2, 3, 9
Box: 21, 74, 16
Box: 5, 38, 26
Box: 34, 74, 45
Box: 52, 27, 7
Box: 12, 9, 16
Box: 176, 74, 12
Box: 20, 9, 28
Box: 176, 7, 45
Box: 9, 19, 6
Box: 2, 13, 3
Box: 10, 11, 36
Box: 8, 32, 51
Box: 27, 14, 6
Box: 66, 74, 113
Box: 54, 18, 25
Box: 9, 9, 10
Box: 2, 74, 6
Box: 8, 74, 28
Box: 18, 74, 15
Box: 44, 27, 56
Box: 11, 74, 3
Box: 176, 74, 17
Box: 53, 2, 11
Box: 3, 6, 26
Box: 176, 31, 91
Box: 3, 5, 23
Box: 21, 45, 3
Box: 34, 74, 260
Box: 5, 74, 14
Box: 20, 2, 7
Box: 176, 74, 133
Box: 5, 13, 4
Box: 104, 68, 31
Box: 5, 8, 3
Box: 4, 10, 46
Box: 56, 16, 18
Box: 95, 74, 39
Box: 176, 12, 7
Box: 25, 74, 11
Box: 12, 11, 174
Box: 20, 18, 4
Box: 4, 5, 27
Box: 4, 4, 6
Box: 87, 74, 31
Box: 36, 9, 4
Box: 16, 2, 4
Box: 32, 74, 13
Box: 16, 17, 115
Box: 176, 7, 46
Box: 176, 21, 260
Box: 146, 74, 10
Box: 38, 11, 45
Box: 64, 12, 9
Box: 3, 74, 75
Box: 8, 4, 4
Box: 23, 74, 14
Box: 29, 54, 14
Box: 20, 74, 29
Box: 176, 15, 59
Box: 22, 7, 50
Box: 76, 19, 6
Box: 44, 22, 140
Box: 11, 74, 55
Box: 18, 40, 9
Box: 38, 74, 8
Box: 5, 6, 3
Box: 18, 74, 16
Box: 4, 21, 21
Box: 29, 74, 39
Box: 45, 23, 63
Box: 10, 74, 17
Box: 5, 9, 14
Box: 5, 74, 17
Box: 20, 41, 5
Box: 21, 74, 4
Box: 5, 74, 60
Box: 38, 22, 7
Box: 56, 74, 5
Box: 96, 74, 5
Box: 6, 11, 44
Box: 16, 5, 61
Box: 22, 4, 3
Box: 41, 18, 94
Box: 18, 12, 4
Box: 4, 74, 170
Box: 30, 74, 44
Box: 55, 2, 2
Box: 5, 74, 62
Box: 2, 74, 260
Box: 27, 74, 28
Box: 18, 34, 125
Box: 89, 74, 52
Box: 150, 74, 17
Box: 23, 8, 75
Box: 53, 74, 149
Box: 40, 12, 163
Box: 18, 30, 2
Box: 33, 28, 30
Box: 176, 3, 3
Box: 102, 74, 109
Box: 12, 74, 28
Box: 16, 12, 23
Box: 103, 8, 39
Box: 12, 74, 49
Box: 59, 51, 64
Box: 176, 12, 15
Box: 10, 6, 46
Box: 42, 2, 34
Box: 3, 13, 5
Box: 28, 5, 2
Box: 74, 74, 27
Box: 33, 74, 3
Box: 5, 13, 3
Box: 11, 14, 9
Box: 38, 74, 2
Box: 54, 3, 21
Box: 3, 26, 7
Box: 12, 74, 66
Box: 4, 4, 14
Box: 9, 3, 4
Box: 2, 2, 5
Box: 31, 74, 3
Box: 176, 43, 5
Box: 30, 19, 7
Box: 24, 74, 8
Box: 50, 3, 3
Box: 23, 5, 8
Box: 10, 74, 6
Box: 42, 29, 46
Box: 24, 6, 26
Box: 5, 21, 2
Box: 10, 74, 13
Box: 66, 74, 49
Box: 95, 74, 7
Box: 10, 4, 17
Box: 46, 53, 4
Box: 19, 74, 7
Box: 55, 9, 260
Box: 25, 28, 22
Box: 145, 74, 29
Box: 7, 41, 20
Box: 28, 2, 82
Box: 72, 5, 64
Box: 3, 3, 29
Box: 5, 8, 53
Box: 23, 8, 73
Box: 8, 6, 6
Box: 176, 74, 10
Box: 91, 10, 7
Box: 5, 74, 59
Box: 176, 3, 11
Box: 5, 74, 9
Box: 24, 2, 33
Box: 13, 4, 21
Box: 37, 74, 2
Box: 61, 74, 84
Box: 176, 19, 124
Box: 2, 4, 55
Box: 16, 74, 28
Box: 95, 2, 13
Box: 13, 2, 6
Box: 3, 15, 14
Box: 4, 8, 21
Box: 5, 74, 51
Box: 90, 30, 6
Box: 29, 74, 15
Box: 129, 17, 130
Box: 176, 74, 36
Box: 74, 40, 11
Box: 176, 2, 12
Box: 17, 12, 3
Box: 176, 28, 110
Box: 176, 12, 69
Box: 3, 31, 5
Box: 4, 74, 96
Box: 38, 22, 4
Box: 16, 18, 5
Box: 176, 74, 208
Box: 2, 14, 16
Box: 154, 74, 22
Box: 10, 16, 101
Box: 10, 74, 18
Box: 4, 74, 42
Box: 37, 4, 15
Box: 2, 23, 7
Box: 7, 10, 53
Box: 18, 9, 10
Box: 56, 74, 61
Box: 2, 5, 3
Box: 28, 74, 17
Box: 7, 13, 29
Box: 12, 13, 13
Box: 12, 2, 9
Box: 12, 74, 260
Box: 3, 3, 11
Box: 66, 56, 260
Box: 5, 8, 69
Box: 7, 61, 25
Box: 43, 42, 136
Box: 132, 40, 165
Box: 11, 23, 29
Box: 4, 74, 33
Box: 34, 11, 260
Box: 113, 13, 5
Box: 176, 74, 18
Box: 2, 74, 6
Box: 8, 2, 33
Box: 7, 23, 20
Box: 76, 68, 260
Box: 16, 32, 8
Box: 176, 2, 2
Box: 3, 38, 38
Box: 4, 74, 38
Box: 31, 74, 51
Box: 13, 32, 260
Box: 39, 65, 4
Box: 31, 8, 20
Box: 56, 32, 260
Box: 60, 13, 3
Box: 176, 74, 14
Box: 10, 74, 6
Box: 13, 13, 84
Box: 17, 9, 71
Box: 74, 74, 119
Box: 18, 8, 44
Box: 12, 74, 21
Box: 5, 7, 7
Box: 2, 3, 46
Box: 27, 5, 82
Box: 101, 74, 26
Box: 17, 28, 106
Box: 24, 74, 10
Box: 3, 3, 8
Box: 152, 7, 3
Box: 3, 74, 18
Box: 3, 74, 9
Box: 32, 74, 18
Box: 3, 5, 7
Box: 22, 14, 9
Box: 19, 74, 45
Box: 8, 9, 19
Box: 3, 74, 32
Box: 3, 74, 22
Box: 7, 4, 19
Box: 41, 35, 3
Box: 28, 3, 82
Box: 18, 14, 16
Box: 176, 13, 5
Box: 9, 15, 11
Box: 19, 28, 22
Box: 23, 74, 15
Box: 4, 8, 38
Box: 101, 74, 24
Box: 9, 7, 84
Box: 12, 11, 13
Box: 13, 3, 22
Box: 35, 2, 8
Box: 25, 13, 6
Box: 9, 5, 6
Box: 49, 74, 31
Box: 176, 74, 24
Box: 20, 3, 13
Box: 73, 74, 10
Box: 74, 5, 27
Box: 34, 74, 152
Box: 38, 74, 11
Box: 51, 10, 26
Box: 4, 10, 13
Box: 16, 2, 260
Box: 144, 4, 36
Box: 18, 23, 106
Box: 11, 74, 3
Box: 2, 3, 13
Box: 23, 15, 22
Box: 4, 74, 12
Box: 176, 40, 23
Box: 103, 10, 17
Box: 2, 74, 38
Box: 6, 13, 38
Box: 5, 16, 3
Box: 73, 3, 28
Box: 2, 31, 28
Box: 4, 24, 59
Box: 3, 3, 14
Box: 4, 74, 13
Box: 6, 3, 30
Box: 47, 15, 2
Box: 4, 5, 49
Box: 4, 6, 43
Box: 5, 33, 15
Box: 22, 14, 7
Box: 23, 6, 7
Box: 176, 56, 29
Box: 21, 13, 2
Box: 176, 3, 29
Box: 12, 2, 6
Box: 176, 19, 6
Box: 30, 74, 24
Box: 17, 74, 14
Box: 44, 74, 9
Box: 176, 74, 5
Box: 176, 4, 260
Box: 4, 2, 4
Box: 176, 74, 91
Box: 44, 51, 14
Box: 176, 74, 166
Box: 26, 12, 38
Box: 56, 13, 21
Box: 10, 74, 19
Box: 3, 74, 18
Box: 176, 15, 44
Box: 102, 74, 22
Box: 176, 74, 12
Box: 6, 18, 4
Box: 176, 10, 70
Box: 3, 14, 17
Box: 10, 5, 4
Box: 8, 74, 260
Box: 44, 3, 5
Box: 176, 10, 64
Box: 13, 65, 3
Box: 3, 30, 6
Box: 4, 69, 8
Box: 56, 74, 17
Box: 176, 74, 225
Box: 107, 11, 5
Box: 9, 13, 38
Box: 26, 24, 92
Box: 8, 36, 35
Box: 60, 12, 45
Box: 9, 2, 11
Box: 176, 34, 31
Box: 23, 74, 51
Box: 68, 18, 32
Box: 25, 12, 82
Box: 25, 24, 13
Box: 47, 3, 42
Box: 10, 74, 88
Box: 7, 15, 29
Box: 27, 30, 18
Box: 20, 16, 34
Box: 176, 3, 21
Box: 31, 74, 13
Box: 48, 46, 184
Box: 8, 74, 6
Box: 118, 74, 24
Box: 176, 15, 52
Box: 176, 8, 260
Box: 22, 6, 3
Box: 38, 74, 62
Box: 8, 74, 26
Box: 50, 3, 2
Box: 16, 74, 149
Box: 95, 74, 2
Box: 176, 74, 62
Box: 101, 4, 72
Box: 23, 2, 33
Box: 6, 2, 4
Box: 24, 74, 260
Box: 24, 74, 2
Box: 176, 3, 125
Box: 20, 74, 42
Box: 39, 74, 5
Box: 28, 74, 38
Box: 21, 13, 3
Box: 87, 2, 34
Box: 32, 12, 2
Box: 154, 74, 2
Box: 4, 74, 123
Box: 64, 27, 42
Box: 35, 14, 8
Box: 74, 12, 2
Box: 81, 13, 11
Box: 13, 5, 38
Box: 10, 30, 25
Box: 120, 12, 5
Box: 6, 2, 2
Box: 16, 24, 23
Box: 19, 49, 55
Box: 176, 41, 71
Box: 176, 2, 20
Box: 56, 30, 13
Box: 28, 2, 82
Box: 176, 74, 3
Box: 12, 74, 17
Box: 4, 69, 19
Box: 13, 12, 28
Box: 4, 11, 28
Box: 16, 74, 21
Box: 13, 3, 88
Box: 2, 16, 5
Box: 24, 74, 4
Box: 5, 3, 23
Box: 71, 16, 7
Box: 99, 74, 260
Box: 176, 8, 21
Box: 7, 74, 5
Box: 19, 74, 27
Box: 107, 10, 5
Box: 16, 4, 111
Box: 32, 61, 20
Box: 32, 2, 51
Box: 55, 15, 39
Box: 3, 11, 19
Box: 81, 38, 11
Box: 72, 74, 57
Box: 24, 13, 7
Box: 74, 74, 82
Box: 105, 47, 128
Box: 14, 5, 27
Box: 28, 74, 260
Box: 64, 74, 260
Box: 18, 74, 24
Box: 6, 3, 4
Box: 10, 74, 46
Box: 3, 9, 28
Box: 55, 5, 216
Box: 2, 14, 20
Box: 8, 11, 39
Box: 4, 12, 6
Box: 8, 5, 15
Box: 14, 5, 13
Box: 64, 74, 142
Box: 9, 5, 21
Box: 20, 74, 14
Box: 176, 74, 14
Box: 6, 5, 4
Box: 33, 74, 78
Box: 11, 9, 54
Box: 18, 10, 14
Box: 24, 74, 3
Box: 16, 11, 5
Box: 41, 11, 23
Box: 49, 74, 25
Box: 9, 9, 2
Box: 8, 74, 2
####################
#Expected Output: 115
#Number of Bins: 115.
