Bin: 60, 265, 245
Box: 60, 17, 9
Box: 5, 4, 61
Box: 60, 4, 27
Box: 3, 51, 9
Box: 60, 45, 55
Box: 10, 9, 74
Box: 51, 11, 5
Box: 5, 12, 5
Box: 6, 265, 10
Box: 13, 4, 16
Box: 60, 265, 31
Box: 23, 130, 16
Box: 60, 42, 82
Box: 22, 46, 43
Box: 7, 71, 116
Box: 29, 39, 57
Box: 60, 96, 12
Box: 60, 17, 31
Box: 7, 26, 9
Box: 60, 3, 178
Box: 26, 16, 8
Box: 9, 159, 69
Box: 60, 36, 8
Box: 54, 31, 245
Box: 3, 5, 74
Box: 6, 26, 10
Box: 5, 87, 5
Box: 5, 9, 16
Box: 33, 30, 30
Box: 2, 26, 72
Box: 60, 68, 59
Box: 29, 32, 5
Box: 3, 8, 7
Box: 60, 45, 83
Box: 60, 64, 63
Box: 60, 73, 6
Box: 60, 3, 27
Box: 9, 106, 69
Box: 60, 81, 116
Box: 60, 19, 20
Box: 5, 10, 2
Box: 7, 18, 3
Box: 26, 21, 34
Box: 60, 6, 135
Box: 60, 4, 245
Box: 48, 11, 4
Box: 60, 4, 12
Box: 8, 42, 8
Box: 18, 265, 72
Box: 44, 8, 4
Box: 60, 37, 44
Box: 29, 88, 22
Box: 6, 16, 3
Box: 2, 10, 13
Box: 15, 13, 16
Box: 60, 265, 7
Box: 17, 3, 8
Box: 60, 61, 16
Box: 42, 79, 7
Box: 60, 4, 72
Box: 7, 68, 7
Box: 60, 52, 6
Box: 13, 4, 5
Box: 37, 9, 66
Box: 15, 13, 36
Box: 60, 8, 19
Box: 19, 13, 72
Box: 60, 52, 25
Box: 60, 54, 23
Box: 60, 36, 8
Box: 60, 71, 31
Box: 60, 89, 27
Box: 9, 25, 7
Box: 15, 3, 8
Box: 60, 31, 114
Box: 60, 27, 22
Box: 60, 22, 4
Box: 60, 11, 21
Box: 14, 77, 21
Box: 6, 34, 3
Box: 2, 32, 4
Box: 60, 10, 6
Box: 7, 14, 123
Box: 60, 7, 40
Box: 5, 5, 25
Box: 60, 112, 4
Box: 60, 87, 9
Box: 11, 3, 6
Box: 60, 45, 19
Box: 3, 25, 10
Box: 5, 183, 100
Box: 7, 24, 7
Box: 60, 8, 2
Box: 10, 5, 6
Box: 60, 265, 85
Box: 20, 6, 31
Box: 60, 265, 2
Box: 7, 7, 24
Box: 37, 2, 4
Box: 19, 123, 17
Box: 11, 11, 9
Box: 60, 136, 5
Box: 13, 265, 11
Box: 60, 18, 68
Box: 55, 48, 53
Box: 60, 265, 62
Box: 60, 10, 3
Box: 60, 7, 25
Box: 9, 5, 9
Box: 60, 4, 3
Box: 6, 55, 25
Box: 60, 40, 11
Box: 3, 22, 38
Box: 5, 23, 9
Box: 14, 33, 15
Box: 7, 4, 3
Box: 60, 41, 11
Box: 5, 25, 2
Box: 9, 61, 58
Box: 55, 9, 77
Box: 4, 4, 18
Box: 60, 10, 50
Box: 60, 17, 16
Box: 4, 21, 13
Box: 6, 6, 160
Box: 22, 7, 95
Box: 60, 29, 71
Box: 11, 11, 13
Box: 10, 19, 89
Box: 28, 19, 12
Box: 18, 2, 4
Box: 60, 20, 16
Box: 3, 16, 10
Box: 25, 265, 4
Box: 60, 46, 37
Box: 3, 7, 3
Box: 3, 9, 10
Box: 60, 130, 5
Box: 10, 11, 15
Box: 2, 49, 44
Box: 60, 48, 7
Box: 5, 5, 35
Box: 60, 4, 66
Box: 6, 32, 4
Box: 6, 21, 245
Box: 60, 53, 6
Box: 38, 130, 8
Box: 2, 9, 2
Box: 10, 265, 44
Box: 20, 15, 14
Box: 60, 54, 8
Box: 60, 47, 13
Box: 7, 4, 8
Box: 60, 125, 61
Box: 60, 3, 245
Box: 17, 26, 21
Box: 5, 14, 100
Box: 12, 72, 32
Box: 23, 53, 13
Box: 60, 8, 35
Box: 13, 25, 68
Box: 60, 9, 6
Box: 3, 70, 11
Box: 7, 3, 2
Box: 60, 50, 8
Box: 5, 27, 3
Box: 12, 4, 21
Box: 5, 6, 16
Box: 5, 8, 4
Box: 29, 127, 44
Box: 5, 108, 5
Box: 60, 36, 2
Box: 60, 23, 71
Box: 15, 60, 34
Box: 31, 26, 20
Box: 60, 4, 7
Box: 7, 9, 66
Box: 3, 101, 10
Box: 60, 46, 108
Box: 16, 63, 9
Box: 2, 29, 27
Box: 8, 29, 16
Box: 8, 19, 38
Box: 60, 13, 3
Box: 60, 265, 7
Box: 6, 195, 21
Box: 60, 254, 29
Box: 25, 265, 11
Box: 9, 29, 16
Box: 5, 265, 2
Box: 8, 4, 8
Box: 3, 9, 10
Box: 13, 11, 21
Box: 60, 11, 32
Box: 60, 58, 245
Box: 60, 123, 46
Box: 5, 14, 245
Box: 7, 24, 2
Box: 9, 19, 30
Box: 60, 13, 18
Box: 60, 5, 7
Box: 5, 38, 100
Box: 23, 7, 13
Box: 2, 265, 21
Box: 60, 57, 31
Box: 10, 4, 91
Box: 60, 265, 6
Box: 6, 16, 20
Box: 10, 5, 65
Box: 60, 42, 2
Box: 5, 23, 24
Box: 60, 265, 27
Box: 9, 3, 8
Box: 60, 31, 60
Box: 60, 42, 245
Box: 60, 59, 5
Box: 60, 46, 54
Box: 3, 2, 48
Box: 60, 27, 44
Box: 60, 29, 77
Box: 60, 23, 52
Box: 9, 10, 4
Box: 16, 49, 2
Box: 60, 46, 36
Box: 60, 102, 33
Box: 60, 10, 10
Box: 6, 12, 21
Box: 60, 87, 115
Box: 3, 6, 5
Box: 12, 9, 30
Box: 60, 23, 6
Box: 5, 265, 27
Box: 5, 19, 28
Box: 22, 134, 84
Box: 60, 47, 245
Box: 60, 74, 128
Box: 6, 41, 12
Box: 60, 18, 245
Box: 11, 19, 52
Box: 53, 23, 62
Box: 5, 265, 5
Box: 9, 16, 2
Box: 60, 73, 48
Box: 60, 44, 44
Box: 5, 6, 2
Box: 22, 49, 44
Box: 5, 121, 6
Box: 60, 2, 107
Box: 60, 108, 47
Box: 60, 73, 8
Box: 3, 7, 10
Box: 3, 2, 38
Box: 23, 130, 4
Box: 60, 265, 168
Box: 13, 11, 5
Box: 15, 52, 58
Box: 16, 265, 11
Box: 60, 52, 4
Box: 11, 106, 26
Box: 26, 19, 67
Box: 60, 110, 6
Box: 2, 17, 14
Box: 2, 26, 72
Box: 60, 27, 54
Box: 60, 44, 3
Box: 2, 7, 5
Box: 5, 8, 11
Box: 60, 3, 58
Box: 60, 20, 32
Box: 19, 42, 90
Box: 2, 35, 72
Box: 20, 77, 245
Box: 10, 9, 74
Box: 60, 32, 160
Box: 60, 24, 5
Box: 8, 34, 98
Box: 60, 4, 13
Box: 60, 265, 11
Box: 60, 26, 41
Box: 2, 10, 4
Box: 7, 141, 8
Box: 60, 23, 11
Box: 60, 58, 44
Box: 60, 4, 122
Box: 6, 4, 21
Box: 60, 51, 102
Box: 60, 16, 26
Box: 60, 21, 172
Box: 6, 20, 12
Box: 60, 265, 11
Box: 60, 66, 77
Box: 60, 48, 74
Box: 26, 24, 57
Box: 60, 2, 7
Box: 60, 265, 47
Box: 60, 45, 167
Box: 17, 26, 40
Box: 24, 11, 3
Box: 60, 16, 7
Box: 60, 6, 2
Box: 3, 98, 2
Box: 43, 7, 16
Box: 16, 63, 58
Box: 60, 15, 60
Box: 18, 30, 82
Box: 9, 47, 19
Box: 60, 22, 102
Box: 15, 13, 105
Box: 60, 8, 13
Box: 5, 16, 38
Box: 45, 26, 19
Box: 60, 9, 5
Box: 7, 252, 18
Box: 8, 10, 4
Box: 60, 65, 245
Box: 60, 17, 2
Box: 60, 3, 12
Box: 60, 30, 140
Box: 10, 7, 8
Box: 15, 52, 4
Box: 8, 19, 15
Box: 13, 41, 12
Box: 2, 4, 61
Box: 60, 49, 57
Box: 6, 10, 25
Box: 3, 60, 11
Box: 60, 246, 28
Box: 7, 9, 12
Box: 3, 7, 38
Box: 29, 34, 57
Box: 20, 265, 21
Box: 12, 58, 53
Box: 11, 38, 13
Box: 25, 19, 52
Box: 32, 265, 86
Box: 2, 39, 72
Box: 60, 6, 6
Box: 29, 88, 148
Box: 60, 10, 47
Box: 60, 8, 14
Box: 9, 14, 5
Box: 9, 6, 14
Box: 60, 108, 4
Box: 29, 12, 13
Box: 6, 3, 2
Box: 5, 16, 8
Box: 29, 127, 58
Box: 60, 2, 7
Box: 3, 2, 7
Box: 60, 15, 13
Box: 60, 191, 126
Box: 60, 36, 46
Box: 5, 36, 78
Box: 60, 69, 17
Box: 8, 35, 25
Box: 3, 265, 25
Box: 3, 23, 15
Box: 60, 88, 45
Box: 19, 6, 30
Box: 11, 7, 2
Box: 60, 110, 19
Box: 26, 58, 2
Box: 5, 5, 5
Box: 60, 17, 24
Box: 60, 21, 7
Box: 60, 12, 46
Box: 60, 147, 119
Box: 60, 88, 24
Box: 8, 4, 5
Box: 3, 3, 5
Box: 27, 5, 8
Box: 21, 33, 5
Box: 60, 5, 21
Box: 60, 140, 77
Box: 60, 265, 27
Box: 60, 4, 5
Box: 60, 19, 14
Box: 60, 53, 114
Box: 60, 3, 43
Box: 5, 25, 7
Box: 8, 202, 20
Box: 6, 5, 55
Box: 4, 265, 12
Box: 22, 16, 2
Box: 60, 72, 53
Box: 60, 2, 56
Box: 16, 16, 2
Box: 4, 23, 7
Box: 60, 8, 14
Box: 9, 17, 6
Box: 60, 265, 6
Box: 60, 71, 24
Box: 7, 13, 8
Box: 60, 25, 12
Box: 11, 4, 36
Box: 55, 31, 53
Box: 10, 25, 21
Box: 9, 16, 2
Box: 60, 8, 3
Box: 9, 12, 9
Box: 2, 29, 18
Box: 60, 3, 41
Box: 8, 20, 245
Box: 9, 12, 9
Box: 60, 13, 27
Box: 60, 26, 88
Box: 7, 17, 14
Box: 60, 4, 7
Box: 60, 26, 7
Box: 60, 31, 18
Box: 26, 19, 39
Box: 60, 38, 63
Box: 60, 13, 183
Box: 60, 60, 13
Box: 5, 27, 2
Box: 11, 45, 13
Box: 60, 95, 12
Box: 8, 4, 13
Box: 60, 3, 57
Box: 60, 265, 47
Box: 6, 31, 25
Box: 60, 11, 24
Box: 18, 20, 12
Box: 60, 19, 52
Box: 13, 3, 9
Box: 16, 69, 10
Box: 60, 32, 113
Box: 10, 71, 245
Box: 42, 265, 15
Box: 60, 45, 15
Box: 60, 13, 200
Box: 7, 120, 24
Box: 5, 14, 75
Box: 11, 11, 17
Box: 39, 2, 21
Box: 60, 60, 31
Box: 7, 38, 25
Box: 9, 16, 58
Box: 60, 47, 62
Box: 27, 10, 4
Box: 60, 24, 96
Box: 22, 7, 112
Box: 8, 11, 5
Box: 60, 2, 21
Box: 60, 102, 34
Box: 2, 23, 15
Box: 11, 101, 23
Box: 14, 32, 152
Box: 12, 7, 14
Box: 60, 265, 14
Box: 11, 265, 245
Box: 60, 4, 11
Box: 26, 15, 24
Box: 10, 14, 7
Box: 60, 104, 22
Box: 5, 15, 78
Box: 60, 14, 5
Box: 60, 104, 44
Box: 60, 16, 32
Box: 45, 70, 11
Box: 8, 265, 66
Box: 40, 33, 5
Box: 12, 11, 7
Box: 15, 25, 41
Box: 3, 14, 12
Box: 12, 11, 7
Box: 60, 62, 47
Box: 5, 8, 25
Box: 32, 17, 27
Box: 11, 216, 23
Box: 6, 29, 21
Box: 8, 5, 10
Box: 3, 5, 7
Box: 60, 48, 19
Box: 32, 59, 48
Box: 11, 11, 23
Box: 60, 4, 69
Box: 60, 8, 72
Box: 60, 2, 4
Box: 60, 121, 74
Box: 26, 3, 45
Box: 60, 23, 12
Box: 16, 10, 4
Box: 7, 18, 4
Box: 60, 2, 2
Box: 8, 3, 45
Box: 5, 23, 7
Box: 6, 2, 21
Box: 5, 265, 4
Box: 2, 11, 7
Box: 60, 121, 171
Box: 27, 77, 245
Box: 8, 4, 6
Box: 60, 9, 3
Box: 10, 4, 51
Box: 5, 55, 6
Box: 12, 265, 245
Box: 4, 34, 9
Box: 9, 32, 234
Box: 9, 50, 5
Box: 60, 265, 5
Box: 60, 20, 12
Box: 60, 93, 37
Box: 60, 11, 6
Box: 17, 123, 69
Box: 10, 11, 32
Box: 60, 15, 3
Box: 60, 98, 164
Box: 6, 5, 5
Box: 10, 8, 24
Box: 55, 3, 53
Box: 15, 38, 245
Box: 60, 24, 17
Box: 3, 11, 106
Box: 36, 265, 11
Box: 39, 55, 245
Box: 60, 34, 2
Box: 60, 12, 23
Box: 60, 102, 85
Box: 60, 14, 19
Box: 14, 4, 13
Box: 10, 2, 21
Box: 29, 6, 4
Box: 60, 3, 8
Box: 13, 121, 6
Box: 60, 25, 6
Box: 60, 5, 31
Box: 60, 33, 245
Box: 9, 17, 5
Box: 12, 3, 5
Box: 60, 3, 35
Box: 60, 3, 11
Box: 10, 74, 7
Box: 60, 4, 31
Box: 60, 77, 29
Box: 16, 21, 245
Box: 60, 5, 20
Box: 2, 19, 3
Box: 6, 6, 2
Box: 8, 167, 72
Box: 60, 5, 72
Box: 29, 127, 48
Box: 12, 32, 83
Box: 60, 26, 5
Box: 60, 82, 7
Box: 2, 6, 2
Box: 60, 5, 36
Box: 60, 11, 66
Box: 60, 6, 3
Box: 22, 21, 2
Box: 60, 4, 30
Box: 42, 49, 2
Box: 60, 36, 15
Box: 18, 2, 139
Box: 23, 16, 13
Box: 60, 27, 25
Box: 60, 33, 10
Box: 60, 49, 46
Box: 28, 4, 6
Box: 17, 15, 4
Box: 2, 158, 6
Box: 22, 46, 60
Box: 18, 5, 22
Box: 60, 6, 5
Box: 19, 77, 15
Box: 60, 124, 8
Box: 60, 14, 6
Box: 22, 7, 14
Box: 3, 265, 2
Box: 49, 64, 37
Box: 60, 25, 102
Box: 3, 4, 3
Box: 6, 15, 21
Box: 60, 12, 209
Box: 5, 14, 60
Box: 4, 15, 14
Box: 3, 15, 14
Box: 12, 2, 9
Box: 60, 15, 66
Box: 60, 71, 10
Box: 6, 16, 41
Box: 60, 58, 12
Box: 60, 11, 2
Box: 25, 3, 5
Box: 13, 32, 21
Box: 60, 4, 28
Box: 5, 103, 10
Box: 5, 25, 8
Box: 6, 24, 27
Box: 60, 5, 77
Box: 2, 22, 5
Box: 12, 12, 14
Box: 60, 24, 123
Box: 18, 51, 139
Box: 5, 11, 19
Box: 60, 41, 21
Box: 60, 2, 5
Box: 60, 19, 95
Box: 5, 52, 100
Box: 14, 29, 46
Box: 60, 11, 5
Box: 60, 44, 23
Box: 60, 4, 12
Box: 2, 19, 245
Box: 60, 51, 13
Box: 7, 19, 21
Box: 5, 112, 19
Box: 7, 5, 2
Box: 60, 20, 113
Box: 10, 4, 12
Box: 60, 41, 66
Box: 7, 19, 77
Box: 60, 11, 102
Box: 21, 30, 21
Box: 10, 75, 10
Box: 13, 9, 24
Box: 60, 16, 4
Box: 5, 55, 3
Box: 7, 12, 6
Box: 12, 42, 38
Box: 45, 24, 245
Box: 60, 60, 14
Box: 16, 4, 7
Box: 60, 3, 9
Box: 60, 8, 8
Box: 60, 125, 21
Box: 60, 8, 12
Box: 57, 7, 83
Box: 26, 7, 91
Box: 12, 58, 8
Box: 17, 265, 2
Box: 5, 43, 53
Box: 8, 94, 34
Box: 60, 173, 2
Box: 32, 265, 13
Box: 60, 62, 11
Box: 60, 142, 17
Box: 11, 2, 9
Box: 7, 15, 4
Box: 60, 7, 82
Box: 7, 2, 9
Box: 60, 44, 2
Box: 60, 265, 187
Box: 60, 8, 15
Box: 60, 205, 31
Box: 11, 101, 135
Box: 2, 81, 13
Box: 29, 31, 7
Box: 9, 87, 133
Box: 60, 16, 13
Box: 60, 2, 7
Box: 7, 19, 7
Box: 60, 21, 11
Box: 60, 7, 4
Box: 10, 5, 12
Box: 7, 13, 2
Box: 14, 15, 14
Box: 13, 2, 4
Box: 7, 2, 9
Box: 6, 44, 12
Box: 32, 17, 2
Box: 60, 265, 70
Box: 8, 30, 21
Box: 6, 27, 2
Box: 60, 88, 56
Box: 60, 84, 5
Box: 4, 17, 14
Box: 60, 8, 50
Box: 60, 78, 158
Box: 3, 5, 66
Box: 60, 2, 116
Box: 60, 52, 16
Box: 60, 19, 128
Box: 3, 41, 86
Box: 60, 20, 11
Box: 60, 265, 11
Box: 5, 29, 4
Box: 60, 37, 7
Box: 10, 7, 24
Box: 2, 2, 87
Box: 10, 3, 12
Box: 10, 10, 18
Box: 60, 4, 5
Box: 60, 21, 90
Box: 13, 3, 24
Box: 30, 82, 13
Box: 11, 121, 6
Box: 60, 7, 36
Box: 4, 10, 13
Box: 5, 3, 5
Box: 6, 16, 58
Box: 60, 14, 11
Box: 60, 34, 83
Box: 60, 3, 209
Box: 13, 4, 2
Box: 4, 265, 78
Box: 7, 14, 2
Box: 22, 61, 187
Box: 60, 9, 11
Box: 12, 2, 48
Box: 8, 3, 9
Box: 41, 42, 90
Box: 53, 31, 5
Box: 19, 3, 30
Box: 60, 50, 5
Box: 3, 2, 2
Box: 54, 38, 245
Box: 60, 9, 37
Box: 35, 252, 9
Box: 18, 265, 86
Box: 60, 6, 50
Box: 60, 57, 11
Box: 12, 62, 43
Box: 60, 140, 25
Box: 60, 25, 6
Box: 17, 10, 40
Box: 60, 77, 53
Box: 60, 44, 2
Box: 60, 19, 105
Box: 60, 25, 9
Box: 60, 31, 9
Box: 60, 25, 37
Box: 4, 12, 245
Box: 17, 99, 3
Box: 60, 265, 7
Box: 60, 4, 24
Box: 29, 58, 8
Box: 60, 12, 2
Box: 60, 54, 33
Box: 60, 15, 64
Box: 12, 14, 12
Box: 7, 7, 9
Box: 44, 36, 78
Box: 60, 9, 4
Box: 60, 19, 12
Box: 6, 3, 5
Box: 16, 82, 13
Box: 60, 15, 6
Box: 10, 11, 4
Box: 3, 55, 86
Box: 4, 71, 116
Box: 19, 71, 245
Box: 5, 106, 245
Box: 60, 265, 4
Box: 60, 6, 116
Box: 13, 8, 4
Box: 9, 51, 18
Box: 22, 134, 26
Box: 3, 9, 38
Box: 6, 14, 16
Box: 60, 125, 34
Box: 2, 52, 4
Box: 60, 15, 36
Box: 28, 120, 38
Box: 60, 240, 4
Box: 15, 25, 34
Box: 60, 25, 245
Box: 60, 17, 189
Box: 60, 35, 27
Box: 60, 6, 15
Box: 60, 6, 46
Box: 18, 5, 2
Box: 60, 4, 4
Box: 6, 106, 32
Box: 7, 19, 18
Box: 2, 73, 12
Box: 5, 5, 16
Box: 60, 3, 245
Box: 60, 16, 8
Box: 25, 187, 37
Box: 60, 265, 50
Box: 9, 6, 160
Box: 60, 37, 12
Box: 28, 4, 32
Box: 60, 95, 48
Box: 60, 89, 18
Box: 60, 34, 57
Box: 17, 4, 11
Box: 5, 213, 44
Box: 60, 59, 4
Box: 7, 31, 5
Box: 11, 5, 245
Box: 26, 73, 12
Box: 60, 16, 13
Box: 5, 265, 16
Box: 17, 3, 11
Box: 51, 11, 12
Box: 60, 30, 13
Box: 60, 16, 6
Box: 60, 9, 26
Box: 7, 18, 2
Box: 32, 8, 24
Box: 60, 6, 63
Box: 60, 11, 5
Box: 60, 10, 123
Box: 60, 5, 5
Box: 60, 265, 35
Box: 60, 62, 17
Box: 60, 3, 35
Box: 6, 49, 139
Box: 60, 46, 7
Box: 41, 2, 48
Box: 23, 52, 4
Box: 60, 7, 245
Box: 11, 7, 3
Box: 60, 9, 3
Box: 60, 7, 51
Box: 60, 54, 52
Box: 4, 15, 86
Box: 60, 36, 4
Box: 22, 7, 16
Box: 60, 38, 75
Box: 7, 6, 9
Box: 14, 14, 31
Box: 60, 44, 3
Box: 4, 26, 24
Box: 6, 6, 21
Box: 60, 3, 31
Box: 2, 33, 40
Box: 57, 9, 13
Box: 7, 23, 24
Box: 22, 46, 70
Box: 60, 122, 115
Box: 6, 2, 27
Box: 60, 92, 77
Box: 22, 46, 7
Box: 60, 6, 31
Box: 2, 265, 11
Box: 2, 141, 2
Box: 60, 36, 10
Box: 60, 82, 7
Box: 3, 37, 5
Box: 15, 81, 12
Box: 60, 4, 90
Box: 60, 54, 22
Box: 8, 50, 45
Box: 4, 73, 12
Box: 60, 10, 8
Box: 9, 4, 13
Box: 60, 9, 6
Box: 14, 30, 8
Box: 60, 44, 2
Box: 60, 8, 18
Box: 6, 16, 19
Box: 29, 42, 8
Box: 60, 16, 245
Box: 24, 14, 12
Box: 60, 15, 13
Box: 11, 37, 2
Box: 5, 103, 4
Box: 17, 29, 18
Box: 60, 44, 2
Box: 5, 15, 36
Box: 26, 21, 15
Box: 7, 17, 40
Box: 60, 45, 46
Box: 2, 34, 10
Box: 60, 265, 23
Box: 60, 119, 29
Box: 54, 29, 21
Box: 60, 71, 15
Box: 15, 3, 5
Box: 60, 84, 245
Box: 3, 7, 91
Box: 24, 7, 24
Box: 6, 8, 21
Box: 8, 16, 20
Box: 20, 18, 2
Box: 6, 64, 195
Box: 2, 55, 44
Box: 6, 26, 72
Box: 18, 19, 3
Box: 8, 2, 4
Box: 16, 3, 9
Box: 2, 13, 173
Box: 12, 2, 6
Box: 26, 58, 8
Box: 60, 37, 21
Box: 60, 77, 68
Box: 2, 5, 65
Box: 12, 81, 77
Box: 60, 8, 17
Box: 60, 21, 50
Box: 60, 44, 19
Box: 4, 34, 245
Box: 8, 21, 20
Box: 37, 55, 44
Box: 60, 44, 17
Box: 6, 11, 21
Box: 23, 11, 3
Box: 60, 6, 83
Box: 29, 32, 9
Box: 60, 265, 48
Box: 6, 8, 2
Box: 6, 131, 10
Box: 15, 22, 245
Box: 60, 40, 164
Box: 60, 15, 28
Box: 60, 10, 8
Box: 60, 246, 79
Box: 15, 121, 6
Box: 60, 50, 5
Box: 3, 32, 152
Box: 26, 5, 9
Box: 60, 59, 6
Box: 22, 134, 81
Box: 6, 19, 7
Box: 12, 265, 68
Box: 3, 2, 7
Box: 47, 9, 24
Box: 60, 103, 8
Box: 8, 94, 56
Box: 60, 101, 11
Box: 51, 121, 4
Box: 37, 102, 96
Box: 60, 176, 73
Box: 2, 4, 108
Box: 2, 10, 10
Box: 7, 9, 10
Box: 60, 14, 38
Box: 25, 26, 245
Box: 7, 29, 18
Box: 6, 33, 5
Box: 2, 15, 24
Box: 24, 81, 11
Box: 60, 16, 73
Box: 42, 133, 173
Box: 60, 27, 116
Box: 60, 2, 32
Box: 10, 265, 139
Box: 60, 265, 29
Box: 10, 99, 3
Box: 60, 170, 58
Box: 10, 46, 18
Box: 11, 38, 23
Box: 8, 9, 15
Box: 5, 2, 9
Box: 9, 81, 58
Box: 5, 15, 5
Box: 17, 58, 8
Box: 60, 29, 50
Box: 6, 4, 25
Box: 60, 52, 46
Box: 60, 2, 15
Box: 60, 170, 39
Box: 21, 17, 14
Box: 60, 7, 6
Box: 5, 53, 17
Box: 24, 11, 7
Box: 60, 265, 7
Box: 60, 227, 91
Box: 8, 94, 39
Box: 2, 30, 2
Box: 17, 3, 11
Box: 3, 4, 7
Box: 5, 6, 6
Box: 60, 5, 7
Box: 60, 64, 2
Box: 2, 7, 8
Box: 3, 14, 7
Box: 51, 12, 72
Box: 5, 30, 25
Box: 22, 17, 245
Box: 60, 22, 58
Box: 40, 76, 11
Box: 60, 265, 72
Box: 60, 96, 33
Box: 4, 11, 26
Box: 35, 14, 29
Box: 6, 72, 139
Box: 37, 43, 96
Box: 60, 8, 3
Box: 60, 19, 25
Box: 60, 12, 5
Box: 5, 11, 36
Box: 60, 52, 6
Box: 60, 265, 2
Box: 10, 252, 9
Box: 60, 61, 29
Box: 60, 32, 13
Box: 60, 6, 108
Box: 60, 12, 39
Box: 60, 52, 41
Box: 60, 29, 60
Box: 3, 98, 8
Box: 5, 15, 36
Box: 4, 130, 69
Box: 2, 34, 4
Box: 19, 62, 43
Box: 60, 147, 9
Box: 26, 265, 84
Box: 15, 30, 82
Box: 14, 77, 32
Box: 60, 49, 54
Box: 60, 4, 6
Box: 30, 23, 24
Box: 3, 101, 32
Box: 60, 5, 35
Box: 10, 7, 18
Box: 60, 110, 9
Box: 5, 265, 34
Box: 60, 3, 3
Box: 60, 4, 44
Box: 60, 159, 113
Box: 60, 100, 7
Box: 5, 4, 7
Box: 60, 30, 91
Box: 9, 7, 11
Box: 3, 8, 7
Box: 60, 54, 3
Box: 10, 2, 12
Box: 60, 60, 16
Box: 50, 24, 9
Box: 8, 4, 61
Box: 60, 265, 77
Box: 60, 44, 8
Box: 10, 11, 24
Box: 5, 6, 32
Box: 37, 34, 98
Box: 60, 4, 245
Box: 60, 60, 31
Box: 60, 54, 124
Box: 4, 33, 72
Box: 60, 14, 245
Box: 60, 26, 13
Box: 12, 32, 8
Box: 60, 7, 245
Box: 60, 28, 31
Box: 11, 4, 6
Box: 60, 3, 245
Box: 33, 101, 32
Box: 60, 8, 31
Box: 60, 11, 68
Box: 60, 18, 6
Box: 60, 36, 34
Box: 60, 265, 38
Box: 13, 25, 170
Box: 3, 7, 30
Box: 60, 24, 27
Box: 3, 29, 27
Box: 19, 85, 25
Box: 2, 265, 10
Box: 25, 33, 5
Box: 42, 119, 173
Box: 11, 4, 108
Box: 60, 7, 26
Box: 21, 2, 4
Box: 11, 13, 173
Box: 9, 19, 42
Box: 60, 121, 68
Box: 60, 42, 12
Box: 9, 6, 160
Box: 3, 224, 245
Box: 60, 96, 42
Box: 14, 26, 50
Box: 60, 19, 45
Box: 6, 48, 22
Box: 60, 11, 22
Box: 60, 11, 89
Box: 60, 15, 49
Box: 19, 47, 58
Box: 5, 265, 62
Box: 5, 44, 53
Box: 8, 33, 15
Box: 19, 13, 9
Box: 60, 15, 8
Box: 60, 4, 38
Box: 60, 119, 25
Box: 60, 58, 63
Box: 60, 11, 7
Box: 9, 3, 5
Box: 6, 47, 139
Box: 15, 17, 37
Box: 60, 44, 5
Box: 5, 29, 42
Box: 2, 147, 30
Box: 60, 54, 28
Box: 5, 16, 4
Box: 28, 16, 6
Box: 60, 7, 19
Box: 3, 2, 16
Box: 60, 7, 35
Box: 60, 5, 90
Box: 3, 10, 30
Box: 5, 55, 39
Box: 12, 265, 34
Box: 5, 5, 4
Box: 25, 27, 2
Box: 11, 7, 91
Box: 60, 42, 39
Box: 60, 108, 16
Box: 9, 2, 5
Box: 2, 83, 16
Box: 60, 47, 74
Box: 37, 64, 96
Box: 19, 28, 15
Box: 14, 4, 16
Box: 60, 7, 93
Box: 60, 5, 5
Box: 38, 120, 8
Box: 4, 26, 116
Box: 10, 24, 66
Box: 60, 6, 11
Box: 60, 9, 15
Box: 3, 19, 38
Box: 60, 8, 83
Box: 51, 11, 8
Box: 60, 170, 34
Box: 13, 4, 24
Box: 47, 48, 22
Box: 14, 29, 46
Box: 14, 34, 9
Box: 14, 77, 192
Box: 23, 130, 10
Box: 60, 32, 66
Box: 9, 17, 4
Box: 6, 42, 38
Box: 24, 24, 2
Box: 37, 21, 7
Box: 60, 4, 60
Box: 60, 265, 19
Box: 12, 11, 46
Box: 60, 59, 11
Box: 10, 11, 211
Box: 60, 30, 2
Box: 5, 16, 19
Box: 60, 14, 77
Box: 5, 81, 12
Box: 4, 4, 108
Box: 29, 36, 57
Box: 60, 2, 96
Box: 60, 3, 35
Box: 60, 5, 112
Box: 60, 265, 6
Box: 9, 8, 32
Box: 60, 16, 83
Box: 5, 2, 27
Box: 3, 2, 7
Box: 18, 28, 68
Box: 42, 265, 54
Box: 60, 26, 11
Box: 12, 15, 7
Box: 9, 31, 7
Box: 12, 265, 23
Box: 3, 9, 13
Box: 60, 265, 7
Box: 6, 5, 25
Box: 33, 14, 38
Box: 60, 99, 24
Box: 58, 33, 13
Box: 8, 92, 245
Box: 45, 126, 17
Box: 60, 265, 5
Box: 60, 248, 33
Box: 7, 4, 21
Box: 60, 5, 245
Box: 60, 37, 123
Box: 60, 70, 2
Box: 60, 11, 44
Box: 2, 142, 6
Box: 18, 5, 80
Box: 5, 130, 69
Box: 60, 11, 163
Box: 60, 27, 12
Box: 60, 4, 4
Box: 3, 2, 16
Box: 6, 21, 21
Box: 7, 161, 2
Box: 60, 18, 48
Box: 17, 24, 11
Box: 9, 130, 69
Box: 8, 12, 32
Box: 5, 55, 12
Box: 5, 23, 18
Box: 33, 27, 8
Box: 32, 70, 17
Box: 60, 8, 245
Box: 17, 34, 40
Box: 11, 64, 37
Box: 5, 4, 53
Box: 60, 28, 245
Box: 60, 73, 100
Box: 60, 4, 3
Box: 60, 12, 12
Box: 12, 261, 18
Box: 60, 52, 52
Box: 2, 265, 62
Box: 6, 5, 16
Box: 60, 19, 58
Box: 26, 21, 8
Box: 28, 4, 13
Box: 16, 3, 45
Box: 6, 3, 10
Box: 8, 265, 33
Box: 60, 35, 4
Box: 60, 265, 45
Box: 15, 2, 9
Box: 60, 99, 105
Box: 60, 63, 16
Box: 60, 3, 87
Box: 60, 4, 66
Box: 60, 52, 37
Box: 60, 22, 3
Box: 60, 12, 37
Box: 3, 4, 5
Box: 8, 10, 13
Box: 8, 36, 16
Box: 60, 23, 31
Box: 60, 58, 58
Box: 60, 41, 39
Box: 5, 21, 55
Box: 2, 70, 11
Box: 7, 2, 3
Box: 60, 31, 5
Box: 60, 96, 69
Box: 35, 33, 20
Box: 11, 36, 13
Box: 10, 11, 11
Box: 19, 12, 25
Box: 2, 265, 66
Box: 60, 6, 245
Box: 60, 42, 40
Box: 60, 5, 9
Box: 8, 213, 44
Box: 12, 6, 31
Box: 60, 5, 18
Box: 22, 130, 8
Box: 60, 41, 42
Box: 10, 53, 30
Box: 60, 40, 113
Box: 7, 12, 72
Box: 9, 4, 32
Box: 3, 19, 7
Box: 5, 11, 19
Box: 23, 2, 9
Box: 27, 3, 9
Box: 60, 7, 21
Box: 60, 4, 22
Box: 60, 34, 29
Box: 60, 265, 53
Box: 60, 61, 33
Box: 14, 30, 32
Box: 60, 123, 245
Box: 15, 4, 21
Box: 19, 12, 18
Box: 5, 14, 18
Box: 60, 103, 245
Box: 60, 11, 24
Box: 8, 174, 16
Box: 60, 58, 14
Box: 22, 32, 234
Box: 19, 12, 6
Box: 23, 130, 10
Box: 3, 58, 53
Box: 60, 2, 116
Box: 60, 8, 5
Box: 60, 265, 51
Box: 6, 26, 6
Box: 60, 58, 2
Box: 10, 2, 51
Box: 9, 11, 32
Box: 10, 11, 25
Box: 13, 4, 26
Box: 27, 5, 12
Box: 11, 265, 2
Box: 55, 2, 53
Box: 60, 5, 21
Box: 60, 265, 16
Box: 60, 149, 55
Box: 60, 75, 245
Box: 60, 54, 67
Box: 60, 42, 28
Box: 16, 120, 8
Box: 60, 79, 7
Box: 15, 29, 29
Box: 60, 32, 7
Box: 60, 6, 132
Box: 8, 5, 13
Box: 12, 8, 7
Box: 28, 17, 13
Box: 37, 6, 51
Box: 9, 32, 7
Box: 60, 6, 9
Box: 22, 19, 12
Box: 3, 34, 3
Box: 7, 13, 15
Box: 60, 121, 23
Box: 60, 9, 4
Box: 6, 9, 74
Box: 3, 4, 10
Box: 60, 46, 45
Box: 54, 32, 245
Box: 13, 15, 78
Box: 9, 17, 14
Box: 13, 17, 21
Box: 11, 34, 9
Box: 25, 14, 29
Box: 5, 8, 7
Box: 60, 4, 40
Box: 60, 7, 21
Box: 60, 9, 19
Box: 60, 4, 15
Box: 37, 4, 96
Box: 7, 265, 10
Box: 60, 121, 71
Box: 31, 26, 4
Box: 60, 93, 4
Box: 5, 16, 32
Box: 60, 141, 245
Box: 9, 64, 15
Box: 19, 26, 67
Box: 38, 5, 30
Box: 60, 265, 16
Box: 60, 3, 13
Box: 60, 40, 24
Box: 14, 265, 66
Box: 26, 225, 195
Box: 60, 58, 85
Box: 54, 45, 245
Box: 60, 265, 40
Box: 60, 31, 3
Box: 14, 117, 23
Box: 17, 2, 9
Box: 60, 9, 87
Box: 8, 8, 7
Box: 60, 42, 52
Box: 60, 18, 38
Box: 2, 20, 12
Box: 7, 15, 2
Box: 9, 25, 14
Box: 5, 9, 14
Box: 7, 26, 21
Box: 9, 6, 5
Box: 60, 38, 29
Box: 12, 15, 4
Box: 60, 8, 245
Box: 60, 42, 25
Box: 60, 142, 245
Box: 23, 33, 20
Box: 60, 185, 22
Box: 5, 11, 43
Box: 60, 46, 17
Box: 19, 12, 15
Box: 60, 19, 13
Box: 10, 26, 10
Box: 3, 15, 14
Box: 10, 5, 6
Box: 13, 29, 46
Box: 60, 99, 11
Box: 3, 28, 86
Box: 3, 12, 5
Box: 2, 8, 7
Box: 13, 12, 21
Box: 42, 147, 7
Box: 60, 9, 3
Box: 60, 4, 6
Box: 60, 155, 7
Box: 60, 225, 2
Box: 54, 4, 10
Box: 9, 19, 62
Box: 60, 131, 207
Box: 2, 9, 4
Box: 60, 12, 245
Box: 60, 21, 37
Box: 26, 21, 4
Box: 18, 213, 44
Box: 39, 9, 5
Box: 13, 3, 4
Box: 13, 58, 72
Box: 28, 27, 13
Box: 5, 55, 13
Box: 60, 11, 19
Box: 12, 15, 9
Box: 8, 21, 48
Box: 7, 24, 41
Box: 60, 30, 130
Box: 60, 4, 84
Box: 3, 25, 245
Box: 60, 6, 24
Box: 28, 6, 13
Box: 34, 3, 8
Box: 39, 81, 13
Box: 21, 16, 3
Box: 6, 26, 19
Box: 5, 11, 25
Box: 18, 73, 12
Box: 60, 8, 31
Box: 22, 70, 2
Box: 60, 15, 41
Box: 60, 76, 245
Box: 4, 3, 12
Box: 16, 42, 5
Box: 60, 5, 245
Box: 8, 4, 21
Box: 60, 93, 87
Box: 60, 5, 32
Box: 60, 8, 5
Box: 11, 141, 8
Box: 60, 82, 2
Box: 60, 10, 245
Box: 60, 4, 9
Box: 6, 5, 4
Box: 60, 15, 16
Box: 60, 116, 4
Box: 9, 265, 25
Box: 60, 26, 2
Box: 60, 2, 12
Box: 60, 64, 7
Box: 60, 142, 4
Box: 60, 34, 48
Box: 5, 4, 13
Box: 14, 12, 21
Box: 60, 8, 3
Box: 60, 2, 5
Box: 60, 9, 31
Box: 5, 4, 32
Box: 11, 4, 2
Box: 20, 16, 2
Box: 11, 38, 57
Box: 4, 2, 9
Box: 5, 50, 69
Box: 11, 18, 2
Box: 60, 13, 31
Box: 2, 102, 72
Box: 60, 12, 18
Box: 3, 11, 25
Box: 60, 73, 245
Box: 60, 21, 2
Box: 60, 101, 64
Box: 60, 3, 21
Box: 3, 66, 59
Box: 6, 3, 3
Box: 6, 265, 23
Box: 10, 70, 11
Box: 60, 6, 23
Box: 3, 9, 9
Box: 8, 12, 245
Box: 5, 26, 72
Box: 23, 53, 4
Box: 60, 10, 160
Box: 18, 142, 58
Box: 7, 2, 18
Box: 60, 44, 3
Box: 10, 11, 13
Box: 26, 90, 2
Box: 26, 58, 4
Box: 60, 44, 6
Box: 15, 44, 43
Box: 60, 34, 13
Box: 60, 14, 10
Box: 5, 55, 15
Box: 6, 106, 104
Box: 13, 22, 21
Box: 3, 6, 30
Box: 32, 70, 142
Box: 5, 76, 89
Box: 32, 59, 176
Box: 60, 7, 29
Box: 60, 9, 9
Box: 11, 11, 3
Box: 60, 4, 7
Box: 60, 79, 2
Box: 4, 16, 2
Box: 5, 46, 19
Box: 60, 5, 22
Box: 60, 60, 43
Box: 6, 3, 25
Box: 9, 28, 24
Box: 15, 11, 21
Box: 60, 72, 43
Box: 29, 8, 57
Box: 13, 22, 24
Box: 16, 21, 10
Box: 5, 27, 19
Box: 60, 32, 38
Box: 9, 21, 13
Box: 18, 19, 22
Box: 2, 52, 2
Box: 12, 25, 108
Box: 60, 213, 71
Box: 18, 23, 9
Box: 42, 9, 38
Box: 60, 265, 9
Box: 60, 4, 103
Box: 42, 20, 7
Box: 60, 4, 119
Box: 6, 25, 36
Box: 60, 3, 3
Box: 60, 44, 37
Box: 8, 4, 2
Box: 5, 10, 5
Box: 37, 3, 96
Box: 13, 16, 2
Box: 60, 83, 7
Box: 43, 177, 18
Box: 55, 33, 53
Box: 13, 25, 3
Box: 17, 24, 24
Box: 8, 2, 9
Box: 23, 3, 8
Box: 2, 34, 9
Box: 7, 101, 2
Box: 60, 88, 3
Box: 2, 99, 3
Box: 26, 21, 80
Box: 60, 13, 108
Box: 60, 6, 12
Box: 60, 26, 3
Box: 6, 25, 89
Box: 60, 47, 24
Box: 11, 101, 15
Box: 60, 31, 80
Box: 28, 11, 5
Box: 60, 12, 41
Box: 2, 19, 3
Box: 60, 104, 13
Box: 60, 9, 58
Box: 60, 126, 245
Box: 14, 4, 21
Box: 2, 13, 25
Box: 29, 265, 84
Box: 60, 14, 5
Box: 60, 36, 4
Box: 22, 8, 2
Box: 5, 7, 8
Box: 2, 38, 2
Box: 60, 8, 3
Box: 42, 28, 68
Box: 12, 42, 154
Box: 11, 5, 74
Box: 23, 6, 13
Box: 23, 53, 2
Box: 18, 64, 15
Box: 60, 23, 193
Box: 9, 19, 5
Box: 60, 34, 16
Box: 60, 72, 19
Box: 32, 2, 9
Box: 7, 4, 61
Box: 17, 14, 29
Box: 39, 42, 4
Box: 6, 162, 195
Box: 60, 140, 70
Box: 60, 9, 113
Box: 8, 5, 24
Box: 3, 92, 66
Box: 5, 23, 5
Box: 60, 73, 4
Box: 22, 7, 8
Box: 6, 3, 3
Box: 60, 7, 4
Box: 60, 265, 113
Box: 11, 15, 36
Box: 8, 265, 44
Box: 60, 44, 6
Box: 36, 265, 12
Box: 22, 4, 3
Box: 2, 30, 72
Box: 11, 11, 2
Box: 42, 265, 29
Box: 11, 11, 6
Box: 60, 170, 55
Box: 60, 27, 24
Box: 34, 71, 116
Box: 3, 25, 245
Box: 3, 98, 18
Box: 55, 26, 5
Box: 60, 61, 23
Box: 11, 4, 8
Box: 55, 6, 53
Box: 6, 16, 58
Box: 60, 46, 39
Box: 5, 4, 53
Box: 60, 44, 63
Box: 60, 82, 12
Box: 60, 9, 245
Box: 60, 14, 9
Box: 5, 68, 49
Box: 60, 88, 19
Box: 60, 61, 73
Box: 60, 31, 116
Box: 3, 18, 4
Box: 21, 22, 43
Box: 60, 12, 3
Box: 6, 11, 25
Box: 5, 4, 16
Box: 6, 72, 32
Box: 60, 44, 11
Box: 60, 6, 63
Box: 60, 43, 3
Box: 60, 29, 15
Box: 60, 34, 20
Box: 3, 10, 13
Box: 2, 34, 2
Box: 10, 30, 21
Box: 60, 10, 4
Box: 6, 16, 25
Box: 3, 32, 4
Box: 60, 23, 245
Box: 60, 40, 2
Box: 3, 36, 9
Box: 12, 32, 6
Box: 60, 265, 6
Box: 26, 21, 30
Box: 23, 8, 7
Box: 60, 7, 35
Box: 60, 5, 35
Box: 16, 4, 13
Box: 53, 68, 7
Box: 60, 102, 61
Box: 10, 7, 18
Box: 60, 163, 89
Box: 7, 14, 17
Box: 60, 104, 32
Box: 11, 11, 34
Box: 11, 11, 2
Box: 60, 8, 14
Box: 60, 3, 5
Box: 60, 15, 38
Box: 60, 67, 11
Box: 4, 101, 32
Box: 60, 16, 8
Box: 60, 108, 12
Box: 60, 46, 245
Box: 22, 13, 5
Box: 60, 63, 178
Box: 60, 9, 3
Box: 5, 5, 16
Box: 8, 265, 2
Box: 60, 30, 10
Box: 5, 16, 39
Box: 60, 159, 31
Box: 60, 68, 57
Box: 60, 46, 12
Box: 5, 11, 14
Box: 60, 4, 245
Box: 60, 8, 33
Box: 5, 12, 16
Box: 5, 142, 58
Box: 4, 34, 9
Box: 11, 22, 2
Box: 60, 34, 44
Box: 2, 76, 16
Box: 60, 56, 2
Box: 20, 34, 3
Box: 60, 7, 4
Box: 60, 142, 43
Box: 4, 3, 45
Box: 60, 7, 2
Box: 13, 9, 21
Box: 60, 152, 5
Box: 3, 98, 6
Box: 6, 32, 6
Box: 60, 5, 245
Box: 60, 45, 88
Box: 32, 59, 21
Box: 2, 6, 5
Box: 22, 20, 2
Box: 60, 22, 77
Box: 43, 4, 18
Box: 60, 10, 234
Box: 2, 9, 66
Box: 2, 6, 31
Box: 4, 19, 3
Box: 23, 265, 245
Box: 60, 4, 24
Box: 60, 20, 50
Box: 15, 47, 19
Box: 16, 21, 13
Box: 60, 11, 24
Box: 32, 17, 175
Box: 60, 265, 18
Box: 60, 89, 75
Box: 23, 5, 7
Box: 17, 52, 11
Box: 25, 18, 4
Box: 60, 121, 7
Box: 5, 11, 9
Box: 60, 19, 4
Box: 8, 11, 7
Box: 57, 43, 83
Box: 50, 16, 56
Box: 5, 2, 76
Box: 60, 7, 6
Box: 31, 50, 5
Box: 11, 106, 49
Box: 60, 13, 102
Box: 21, 33, 72
Box: 60, 5, 64
Box: 10, 2, 6
Box: 60, 36, 11
Box: 46, 25, 30
Box: 6, 4, 3
Box: 16, 39, 10
Box: 60, 8, 172
Box: 60, 47, 96
Box: 6, 19, 28
Box: 60, 2, 14
Box: 10, 5, 18
Box: 60, 10, 245
Box: 60, 26, 156
Box: 60, 20, 35
Box: 18, 66, 139
Box: 60, 6, 4
Box: 22, 18, 2
Box: 11, 44, 43
Box: 60, 54, 26
Box: 60, 24, 179
Box: 60, 21, 29
Box: 60, 15, 5
Box: 25, 60, 59
Box: 12, 261, 15
Box: 60, 19, 128
Box: 6, 5, 2
Box: 60, 18, 26
Box: 3, 4, 16
Box: 60, 51, 164
Box: 17, 71, 107
Box: 47, 6, 7
Box: 60, 17, 15
Box: 60, 12, 39
Box: 60, 118, 245
Box: 8, 148, 25
Box: 18, 33, 5
Box: 60, 3, 18
Box: 5, 7, 32
Box: 10, 265, 66
Box: 6, 39, 195
Box: 19, 265, 16
Box: 60, 254, 122
Box: 30, 2, 76
Box: 32, 70, 20
Box: 60, 99, 44
Box: 6, 265, 54
Box: 60, 10, 36
Box: 6, 16, 40
Box: 32, 7, 7
Box: 15, 29, 108
Box: 19, 26, 151
Box: 60, 10, 36
Box: 60, 50, 23
Box: 33, 30, 9
Box: 60, 65, 21
Box: 60, 265, 95
Box: 60, 6, 245
Box: 6, 46, 12
Box: 16, 27, 2
Box: 60, 118, 31
Box: 60, 11, 5
Box: 3, 2, 10
Box: 60, 265, 79
Box: 60, 36, 25
Box: 5, 103, 4
Box: 21, 25, 21
Box: 25, 4, 7
Box: 23, 73, 13
Box: 6, 8, 7
Box: 13, 53, 72
Box: 60, 10, 8
Box: 9, 26, 19
Box: 60, 4, 38
Box: 8, 94, 8
Box: 60, 10, 91
Box: 60, 123, 38
Box: 60, 62, 16
Box: 60, 41, 143
Box: 60, 9, 245
Box: 3, 49, 44
Box: 26, 32, 4
Box: 10, 11, 12
Box: 60, 15, 3
Box: 5, 265, 84
Box: 12, 21, 14
Box: 60, 108, 32
Box: 19, 11, 30
Box: 60, 15, 6
Box: 60, 5, 56
Box: 60, 53, 25
Box: 8, 4, 61
Box: 3, 2, 2
Box: 60, 9, 5
Box: 19, 58, 53
Box: 7, 265, 44
Box: 60, 254, 54
Box: 17, 7, 16
Box: 3, 55, 86
Box: 48, 50, 53
Box: 7, 49, 8
Box: 5, 3, 5
Box: 32, 17, 41
Box: 60, 124, 245
Box: 60, 265, 63
Box: 5, 87, 48
Box: 12, 4, 108
Box: 35, 33, 5
Box: 60, 7, 5
Box: 60, 97, 31
Box: 48, 11, 7
Box: 5, 16, 44
Box: 60, 5, 7
Box: 60, 64, 217
Box: 60, 62, 198
Box: 8, 13, 16
Box: 60, 32, 20
Box: 39, 42, 14
Box: 10, 10, 12
Box: 54, 4, 11
Box: 53, 37, 35
Box: 60, 44, 8
Box: 5, 11, 21
Box: 39, 42, 4
Box: 33, 14, 6
Box: 29, 32, 20
Box: 3, 2, 3
Box: 15, 71, 116
Box: 5, 16, 24
Box: 13, 29, 16
Box: 60, 34, 4
Box: 5, 21, 40
Box: 60, 22, 13
Box: 60, 254, 40
Box: 60, 94, 245
Box: 60, 88, 31
Box: 60, 52, 15
Box: 60, 3, 123
Box: 13, 19, 22
Box: 6, 42, 5
Box: 60, 265, 17
Box: 60, 32, 3
Box: 25, 265, 35
Box: 60, 19, 24
Box: 60, 7, 38
Box: 5, 14, 36
Box: 6, 2, 6
Box: 60, 7, 17
Box: 21, 15, 36
Box: 60, 58, 13
Box: 60, 26, 17
Box: 60, 93, 29
Box: 6, 28, 25
Box: 60, 135, 31
Box: 14, 18, 23
Box: 27, 5, 15
Box: 6, 26, 5
Box: 60, 93, 85
Box: 60, 45, 24
Box: 60, 2, 14
Box: 28, 2, 27
Box: 7, 76, 9
Box: 24, 25, 245
Box: 20, 16, 6
Box: 60, 29, 58
Box: 60, 8, 32
Box: 23, 4, 7
Box: 3, 6, 30
Box: 5, 5, 65
Box: 15, 25, 80
Box: 32, 44, 245
Box: 17, 14, 11
Box: 60, 16, 50
Box: 60, 10, 77
Box: 15, 252, 9
Box: 60, 4, 3
Box: 60, 52, 2
Box: 60, 50, 135
Box: 6, 7, 8
Box: 2, 265, 10
Box: 58, 33, 3
Box: 60, 11, 26
Box: 60, 10, 21
Box: 60, 108, 2
Box: 60, 29, 95
Box: 60, 62, 149
Box: 60, 33, 66
Box: 20, 99, 2
Box: 60, 25, 17
Box: 60, 93, 11
Box: 23, 53, 2
Box: 60, 265, 15
Box: 60, 88, 118
Box: 60, 265, 8
Box: 17, 24, 101
Box: 25, 16, 245
Box: 5, 59, 77
Box: 7, 65, 9
Box: 22, 58, 2
Box: 10, 138, 10
Box: 60, 2, 57
Box: 60, 42, 5
Box: 22, 25, 21
Box: 33, 4, 8
Box: 60, 59, 6
Box: 60, 46, 11
Box: 60, 37, 245
Box: 60, 57, 60
Box: 60, 76, 164
Box: 57, 25, 83
Box: 9, 16, 32
Box: 8, 29, 18
Box: 60, 18, 7
Box: 60, 125, 14
Box: 15, 17, 7
Box: 60, 77, 25
Box: 60, 27, 5
Box: 60, 27, 7
Box: 6, 6, 21
Box: 6, 265, 15
Box: 14, 30, 6
Box: 30, 4, 61
Box: 7, 2, 76
Box: 60, 66, 63
Box: 10, 76, 89
Box: 60, 48, 11
Box: 9, 118, 7
Box: 27, 19, 22
Box: 17, 14, 3
Box: 6, 13, 25
Box: 60, 89, 108
Box: 60, 16, 7
Box: 60, 42, 126
Box: 17, 14, 2
Box: 14, 30, 10
Box: 60, 32, 68
Box: 2, 8, 5
Box: 53, 53, 62
Box: 17, 24, 103
Box: 23, 17, 14
Box: 3, 23, 7
Box: 24, 11, 139
Box: 60, 14, 245
Box: 6, 134, 12
Box: 60, 83, 245
Box: 12, 6, 14
Box: 7, 24, 26
Box: 26, 19, 7
Box: 60, 7, 245
Box: 15, 13, 5
Box: 17, 10, 2
Box: 5, 11, 106
Box: 12, 23, 7
Box: 2, 49, 2
Box: 60, 58, 48
Box: 4, 30, 21
Box: 6, 32, 6
Box: 11, 2, 6
Box: 60, 19, 59
Box: 35, 5, 65
Box: 12, 34, 3
Box: 60, 3, 7
Box: 17, 14, 4
Box: 60, 90, 2
Box: 60, 34, 223
Box: 4, 3, 9
Box: 60, 99, 2
Box: 60, 26, 17
Box: 39, 9, 14
Box: 7, 13, 2
Box: 6, 17, 40
Box: 60, 9, 245
Box: 12, 32, 14
Box: 17, 9, 69
Box: 60, 84, 5
Box: 60, 9, 108
Box: 60, 16, 3
Box: 60, 50, 48
Box: 60, 32, 8
Box: 60, 7, 53
Box: 12, 25, 14
Box: 60, 9, 40
Box: 2, 63, 82
Box: 10, 5, 9
Box: 5, 265, 139
Box: 60, 9, 245
Box: 60, 15, 73
Box: 8, 5, 5
Box: 60, 29, 27
Box: 60, 6, 23
Box: 13, 5, 4
Box: 5, 21, 55
Box: 3, 2, 7
Box: 10, 3, 5
Box: 3, 47, 66
Box: 29, 88, 16
Box: 60, 18, 8
Box: 60, 33, 245
Box: 60, 6, 12
Box: 60, 10, 35
Box: 60, 86, 33
Box: 60, 157, 85
Box: 60, 34, 160
Box: 5, 21, 10
Box: 60, 4, 24
Box: 5, 38, 5
Box: 15, 19, 38
Box: 60, 15, 63
Box: 34, 9, 74
Box: 51, 2, 13
Box: 9, 178, 245
Box: 3, 83, 86
Box: 2, 16, 123
Box: 29, 18, 245
Box: 29, 265, 58
Box: 3, 23, 9
Box: 60, 87, 29
Box: 2, 10, 2
Box: 60, 8, 62
Box: 60, 32, 69
Box: 60, 3, 57
Box: 29, 88, 30
Box: 60, 44, 112
Box: 5, 21, 69
Box: 60, 72, 111
Box: 17, 71, 15
Box: 15, 22, 8
Box: 60, 16, 53
Box: 60, 35, 30
Box: 6, 158, 6
Box: 60, 3, 27
Box: 19, 14, 12
Box: 10, 21, 13
Box: 60, 3, 35
Box: 5, 6, 11
Box: 14, 9, 66
Box: 60, 27, 8
Box: 6, 5, 10
Box: 10, 5, 5
Box: 2, 16, 8
Box: 5, 30, 100
Box: 7, 25, 21
Box: 60, 265, 100
Box: 60, 4, 90
Box: 17, 6, 40
Box: 60, 8, 213
Box: 7, 142, 58
Box: 4, 15, 8
Box: 18, 74, 7
Box: 9, 25, 18
Box: 60, 7, 3
Box: 60, 58, 8
Box: 5, 32, 7
Box: 9, 5, 4
Box: 60, 11, 2
Box: 18, 23, 24
Box: 60, 70, 245
Box: 60, 121, 22
Box: 60, 58, 34
Box: 12, 12, 9
Box: 60, 8, 35
Box: 47, 13, 7
Box: 60, 12, 18
Box: 60, 8, 3
Box: 8, 16, 8
Box: 2, 34, 7
Box: 4, 5, 4
Box: 60, 26, 33
Box: 48, 11, 7
Box: 16, 63, 15
Box: 5, 90, 65
Box: 5, 34, 245
Box: 42, 265, 34
Box: 3, 121, 4
Box: 25, 5, 245
Box: 60, 6, 5
Box: 4, 11, 13
Box: 60, 3, 9
Box: 11, 101, 2
Box: 9, 36, 18
Box: 3, 2, 13
Box: 60, 30, 32
Box: 2, 45, 2
Box: 60, 7, 6
Box: 60, 265, 30
Box: 60, 10, 5
Box: 60, 80, 64
Box: 60, 3, 35
Box: 60, 265, 17
Box: 60, 9, 3
Box: 60, 42, 4
Box: 12, 265, 16
Box: 4, 2, 27
Box: 60, 265, 97
Box: 60, 6, 5
Box: 60, 10, 12
Box: 8, 50, 5
Box: 60, 44, 34
Box: 60, 12, 5
Box: 60, 265, 31
Box: 7, 26, 21
Box: 3, 23, 9
Box: 8, 11, 3
Box: 60, 4, 21
Box: 60, 26, 121
Box: 7, 11, 18
Box: 60, 42, 39
Box: 60, 13, 11
Box: 60, 265, 118
Box: 8, 29, 15
Box: 60, 7, 32
Box: 60, 9, 7
Box: 15, 25, 73
Box: 14, 24, 23
Box: 60, 8, 3
Box: 9, 265, 100
Box: 2, 49, 44
Box: 3, 28, 66
Box: 5, 16, 5
Box: 19, 46, 10
Box: 60, 70, 85
Box: 60, 75, 245
Box: 19, 6, 160
Box: 5, 33, 5
Box: 27, 50, 5
Box: 5, 11, 4
Box: 60, 60, 28
Box: 60, 60, 15
Box: 6, 23, 7
Box: 60, 8, 89
Box: 46, 5, 30
Box: 15, 81, 12
Box: 13, 16, 72
Box: 60, 114, 160
Box: 38, 132, 69
Box: 5, 64, 25
Box: 60, 8, 31
Box: 60, 6, 3
Box: 29, 21, 4
Box: 60, 3, 89
Box: 60, 15, 2
Box: 60, 3, 9
Box: 5, 63, 32
Box: 12, 265, 35
Box: 60, 2, 50
Box: 3, 265, 12
Box: 60, 11, 13
Box: 6, 63, 24
Box: 21, 77, 245
Box: 2, 11, 4
Box: 60, 35, 105
Box: 60, 34, 5
Box: 10, 14, 11
Box: 19, 7, 15
Box: 60, 29, 4
Box: 60, 17, 35
Box: 22, 107, 2
Box: 60, 3, 101
Box: 6, 34, 3
Box: 4, 13, 173
Box: 60, 16, 46
Box: 2, 13, 16
Box: 7, 37, 35
Box: 60, 2, 46
Box: 18, 23, 139
Box: 60, 62, 3
Box: 60, 88, 43
Box: 14, 47, 23
Box: 60, 34, 21
Box: 60, 14, 66
Box: 5, 14, 5
Box: 60, 7, 70
Box: 60, 24, 21
Box: 60, 34, 2
Box: 22, 134, 38
Box: 13, 6, 12
Box: 60, 195, 245
Box: 17, 71, 40
Box: 15, 106, 58
Box: 60, 34, 56
Box: 25, 64, 15
Box: 60, 10, 67
Box: 60, 102, 14
Box: 29, 88, 29
Box: 20, 101, 32
Box: 60, 22, 70
Box: 60, 52, 11
Box: 7, 58, 9
Box: 60, 52, 32
Box: 3, 29, 46
Box: 23, 9, 12
Box: 9, 11, 5
Box: 5, 16, 2
Box: 10, 106, 245
Box: 55, 29, 53
Box: 3, 63, 24
Box: 5, 2, 16
Box: 60, 29, 70
Box: 19, 68, 25
Box: 5, 15, 4
Box: 60, 234, 17
Box: 60, 43, 13
Box: 60, 49, 19
Box: 25, 21, 245
Box: 60, 94, 99
Box: 8, 101, 2
Box: 32, 66, 79
Box: 9, 25, 47
Box: 15, 20, 8
Box: 60, 38, 4
Box: 2, 63, 24
Box: 11, 101, 13
Box: 6, 30, 8
Box: 60, 176, 59
Box: 10, 5, 2
Box: 5, 16, 33
Box: 5, 8, 7
Box: 5, 265, 50
Box: 39, 42, 16
Box: 60, 40, 69
Box: 29, 127, 18
Box: 20, 23, 15
Box: 4, 21, 9
Box: 60, 2, 82
Box: 60, 6, 31
Box: 22, 2, 9
Box: 6, 2, 13
Box: 32, 9, 28
Box: 5, 23, 10
Box: 7, 7, 91
Box: 8, 79, 100
Box: 19, 130, 69
Box: 5, 9, 2
Box: 60, 24, 3
Box: 60, 38, 16
Box: 60, 2, 3
Box: 60, 19, 31
Box: 60, 234, 22
Box: 24, 23, 15
Box: 2, 33, 15
Box: 17, 4, 245
Box: 9, 22, 32
Box: 60, 66, 5
Box: 4, 93, 5
Box: 11, 2, 21
Box: 12, 8, 7
Box: 60, 27, 15
Box: 60, 22, 20
Box: 5, 19, 5
Box: 60, 104, 5
Box: 2, 29, 27
Box: 60, 33, 6
Box: 60, 20, 29
Box: 8, 265, 6
Box: 12, 12, 6
Box: 8, 3, 245
Box: 60, 2, 11
Box: 60, 42, 128
Box: 14, 23, 7
Box: 60, 29, 42
Box: 3, 10, 7
Box: 22, 16, 58
Box: 58, 33, 4
Box: 60, 33, 245
Box: 13, 76, 72
Box: 17, 14, 2
Box: 5, 3, 16
Box: 15, 81, 13
Box: 60, 171, 84
Box: 60, 32, 19
Box: 60, 87, 85
Box: 60, 11, 3
Box: 18, 3, 9
Box: 2, 265, 2
Box: 3, 71, 245
Box: 9, 55, 44
Box: 60, 63, 42
Box: 11, 18, 13
Box: 12, 2, 4
Box: 60, 3, 6
Box: 60, 69, 63
Box: 10, 7, 18
Box: 60, 2, 245
Box: 60, 77, 48
Box: 60, 71, 4
Box: 60, 4, 6
Box: 60, 27, 23
Box: 8, 60, 34
Box: 60, 20, 41
Box: 19, 21, 9
Box: 60, 28, 54
Box: 6, 51, 7
Box: 12, 6, 14
Box: 60, 8, 5
Box: 60, 140, 245
Box: 60, 26, 7
Box: 8, 94, 12
Box: 60, 27, 16
Box: 60, 8, 5
Box: 60, 15, 7
Box: 60, 265, 43
Box: 60, 112, 12
Box: 60, 152, 66
Box: 60, 61, 19
Box: 4, 40, 43
Box: 13, 10, 3
Box: 13, 4, 7
Box: 8, 40, 25
Box: 22, 99, 2
Box: 60, 73, 22
Box: 18, 33, 5
Box: 60, 45, 45
Box: 10, 3, 91
Box: 2, 58, 8
Box: 9, 10, 13
Box: 60, 31, 2
Box: 60, 23, 21
Box: 24, 57, 2
Box: 17, 6, 245
Box: 60, 11, 9
Box: 8, 50, 8
Box: 7, 16, 123
Box: 17, 6, 40
Box: 6, 18, 4
Box: 23, 120, 24
Box: 60, 31, 28
Box: 60, 4, 113
Box: 3, 3, 8
Box: 14, 18, 4
Box: 26, 10, 13
Box: 60, 52, 14
Box: 7, 41, 2
Box: 19, 26, 27
Box: 46, 11, 106
Box: 60, 34, 66
Box: 3, 53, 30
Box: 5, 85, 25
Box: 10, 16, 56
Box: 60, 44, 3
Box: 19, 12, 10
Box: 60, 44, 4
Box: 60, 265, 35
Box: 60, 10, 27
Box: 16, 18, 4
Box: 5, 65, 19
Box: 60, 58, 7
Box: 60, 10, 29
Box: 60, 17, 8
Box: 11, 11, 16
Box: 60, 52, 40
Box: 60, 16, 57
Box: 9, 4, 7
Box: 48, 12, 245
Box: 23, 32, 4
Box: 25, 2, 9
Box: 60, 29, 174
Box: 25, 187, 208
Box: 9, 12, 6
Box: 60, 104, 9
Box: 5, 3, 9
Box: 2, 63, 82
Box: 60, 2, 13
Box: 60, 51, 5
Box: 2, 12, 2
Box: 13, 2, 4
Box: 25, 265, 53
Box: 43, 42, 18
Box: 60, 55, 31
Box: 8, 94, 57
Box: 37, 265, 37
Box: 6, 6, 139
Box: 60, 48, 13
Box: 19, 123, 11
Box: 60, 140, 63
Box: 16, 81, 12
Box: 60, 265, 14
Box: 29, 32, 35
Box: 8, 50, 72
Box: 60, 34, 158
Box: 23, 28, 13
Box: 47, 92, 21
Box: 60, 15, 6
Box: 15, 4, 16
Box: 13, 5, 4
Box: 11, 11, 11
Box: 60, 6, 22
Box: 33, 14, 7
Box: 60, 5, 45
Box: 60, 7, 12
Box: 60, 4, 89
Box: 8, 48, 72
Box: 7, 48, 22
Box: 9, 4, 5
Box: 60, 5, 90
Box: 60, 22, 40
Box: 6, 106, 10
Box: 12, 17, 14
Box: 25, 60, 34
Box: 4, 50, 53
Box: 11, 4, 72
Box: 5, 23, 24
Box: 11, 29, 18
Box: 60, 16, 19
Box: 60, 10, 9
Box: 4, 34, 245
Box: 5, 42, 69
Box: 17, 24, 17
Box: 13, 158, 6
Box: 46, 27, 30
Box: 60, 18, 66
Box: 23, 130, 16
Box: 4, 29, 27
Box: 10, 13, 173
Box: 7, 13, 9
Box: 5, 55, 62
Box: 60, 50, 95
Box: 60, 34, 11
Box: 10, 13, 12
Box: 60, 265, 22
Box: 11, 29, 46
Box: 60, 265, 15
Box: 10, 101, 2
Box: 60, 31, 10
Box: 4, 5, 18
Box: 60, 171, 99
Box: 60, 24, 40
Box: 60, 12, 121
Box: 60, 73, 46
Box: 4, 26, 87
Box: 3, 73, 38
Box: 60, 6, 6
Box: 60, 4, 4
Box: 60, 5, 3
Box: 60, 28, 245
Box: 60, 2, 178
Box: 60, 265, 41
Box: 4, 6, 18
Box: 6, 142, 21
Box: 4, 33, 5
Box: 60, 11, 4
Box: 9, 9, 16
Box: 19, 123, 16
Box: 60, 265, 45
Box: 5, 9, 3
Box: 60, 92, 31
Box: 60, 27, 7
Box: 15, 29, 18
Box: 3, 60, 10
Box: 60, 4, 21
Box: 60, 52, 42
Box: 60, 170, 13
Box: 19, 12, 4
Box: 11, 50, 5
Box: 2, 14, 2
Box: 53, 62, 62
Box: 18, 16, 8
Box: 9, 60, 34
Box: 24, 265, 245
Box: 60, 11, 10
Box: 42, 3, 7
Box: 60, 11, 35
Box: 60, 32, 102
Box: 5, 11, 2
Box: 60, 133, 91
Box: 11, 2, 4
Box: 19, 4, 108
Box: 8, 63, 82
Box: 60, 2, 21
Box: 60, 10, 59
Box: 60, 265, 46
Box: 60, 102, 234
Box: 9, 5, 9
Box: 7, 265, 2
Box: 5, 27, 21
Box: 60, 4, 9
Box: 13, 127, 12
Box: 3, 3, 45
Box: 32, 9, 16
Box: 17, 2, 27
Box: 60, 61, 15
Box: 6, 26, 26
Box: 60, 2, 57
Box: 4, 265, 167
Box: 60, 4, 7
Box: 60, 48, 71
Box: 2, 142, 7
Box: 48, 42, 50
Box: 19, 100, 25
Box: 6, 25, 12
Box: 40, 26, 50
Box: 5, 13, 32
Box: 6, 6, 2
Box: 11, 63, 57
Box: 40, 76, 5
Box: 14, 30, 26
Box: 60, 32, 17
Box: 22, 61, 56
Box: 60, 6, 24
Box: 13, 2, 24
Box: 9, 5, 5
Box: 28, 265, 13
Box: 18, 5, 10
Box: 60, 89, 73
Box: 14, 265, 100
Box: 14, 13, 5
Box: 60, 8, 21
Box: 29, 62, 43
Box: 31, 26, 67
Box: 60, 138, 22
Box: 60, 188, 66
Box: 21, 55, 245
Box: 60, 17, 26
Box: 31, 26, 63
Box: 12, 261, 30
Box: 32, 63, 82
Box: 60, 50, 11
Box: 60, 4, 4
Box: 9, 4, 3
Box: 60, 60, 19
Box: 60, 3, 11
Box: 24, 11, 15
Box: 6, 124, 38
Box: 60, 22, 33
Box: 60, 99, 6
Box: 29, 127, 20
Box: 15, 24, 245
Box: 10, 121, 6
Box: 11, 265, 11
Box: 60, 144, 150
Box: 8, 10, 16
Box: 10, 15, 78
Box: 12, 15, 14
Box: 2, 9, 12
Box: 60, 28, 36
Box: 10, 2, 18
Box: 16, 15, 36
Box: 60, 42, 52
Box: 60, 3, 8
Box: 60, 19, 8
Box: 3, 11, 38
Box: 60, 26, 21
Box: 17, 81, 77
Box: 10, 143, 18
Box: 60, 4, 30
Box: 19, 12, 10
Box: 60, 265, 21
Box: 60, 7, 50
Box: 6, 18, 25
Box: 60, 37, 69
Box: 60, 17, 27
Box: 17, 6, 160
Box: 13, 44, 43
Box: 60, 11, 102
Box: 21, 8, 7
Box: 8, 14, 31
Box: 60, 110, 28
Box: 9, 13, 5
Box: 60, 6, 7
Box: 60, 11, 4
Box: 60, 60, 245
Box: 6, 3, 2
Box: 21, 16, 3
Box: 2, 2, 2
Box: 13, 15, 78
Box: 53, 127, 62
Box: 60, 77, 245
Box: 36, 32, 6
Box: 17, 14, 31
Box: 60, 8, 21
Box: 10, 30, 12
Box: 60, 20, 50
Box: 3, 11, 7
Box: 5, 50, 5
Box: 60, 73, 21
Box: 60, 4, 8
Box: 22, 27, 21
Box: 11, 31, 2
Box: 60, 14, 7
Box: 60, 71, 17
Box: 3, 38, 10
Box: 25, 31, 245
Box: 60, 147, 32
Box: 60, 16, 19
Box: 60, 108, 76
Box: 3, 5, 10
Box: 60, 184, 156
Box: 26, 67, 2
Box: 55, 55, 53
Box: 29, 10, 57
Box: 5, 12, 6
Box: 11, 11, 12
Box: 60, 15, 36
Box: 60, 57, 5
Box: 10, 5, 4
Box: 60, 22, 4
Box: 9, 24, 7
Box: 11, 141, 8
Box: 60, 41, 91
Box: 2, 14, 12
Box: 2, 265, 2
Box: 11, 47, 19
Box: 60, 19, 7
Box: 60, 4, 6
Box: 6, 50, 5
Box: 6, 32, 160
Box: 3, 19, 54
Box: 60, 34, 245
Box: 2, 32, 7
Box: 60, 225, 51
Box: 9, 87, 40
Box: 6, 29, 25
Box: 15, 34, 98
Box: 60, 29, 25
Box: 60, 5, 21
Box: 2, 63, 24
Box: 60, 5, 6
Box: 60, 73, 108
Box: 60, 68, 22
Box: 29, 18, 13
Box: 60, 35, 18
Box: 60, 19, 32
Box: 60, 104, 161
Box: 60, 14, 48
Box: 60, 32, 4
Box: 2, 12, 72
Box: 39, 9, 5
Box: 11, 11, 5
Box: 15, 117, 245
Box: 60, 33, 12
Box: 60, 108, 3
Box: 60, 30, 178
Box: 8, 12, 6
Box: 5, 8, 21
Box: 7, 4, 2
Box: 54, 62, 245
Box: 33, 27, 13
Box: 18, 33, 15
Box: 6, 13, 139
Box: 60, 10, 72
Box: 5, 4, 21
Box: 57, 224, 245
Box: 60, 18, 160
Box: 60, 23, 32
Box: 60, 265, 65
Box: 60, 9, 35
Box: 9, 81, 12
Box: 3, 74, 7
Box: 19, 24, 57
Box: 5, 6, 21
Box: 60, 94, 18
Box: 16, 265, 58
Box: 5, 31, 19
Box: 8, 11, 7
Box: 60, 265, 113
Box: 60, 21, 2
Box: 60, 7, 33
Box: 60, 9, 20
Box: 60, 5, 5
Box: 5, 23, 7
Box: 19, 33, 30
Box: 60, 44, 21
Box: 60, 44, 25
Box: 60, 265, 3
Box: 29, 11, 7
Box: 5, 26, 5
Box: 60, 34, 4
Box: 60, 87, 2
Box: 10, 14, 245
Box: 60, 39, 124
Box: 60, 27, 7
Box: 13, 34, 3
Box: 3, 30, 82
Box: 60, 171, 92
Box: 8, 21, 102
Box: 6, 26, 192
Box: 60, 8, 3
Box: 15, 33, 5
Box: 57, 23, 83
Box: 60, 7, 3
Box: 49, 49, 8
Box: 23, 74, 7
Box: 6, 16, 2
Box: 18, 16, 3
Box: 60, 26, 123
Box: 7, 5, 74
Box: 3, 29, 16
Box: 60, 2, 5
Box: 4, 4, 7
Box: 10, 10, 18
Box: 3, 98, 19
Box: 60, 36, 245
Box: 48, 42, 21
Box: 25, 10, 33
Box: 60, 82, 46
Box: 60, 8, 126
Box: 60, 31, 91
Box: 60, 40, 37
Box: 60, 18, 66
Box: 2, 6, 31
Box: 9, 265, 53
Box: 60, 265, 120
Box: 60, 60, 52
Box: 60, 33, 32
Box: 60, 34, 14
Box: 60, 5, 8
Box: 60, 21, 23
Box: 60, 82, 21
Box: 18, 5, 13
Box: 60, 3, 31
Box: 2, 80, 45
Box: 2, 3, 9
Box: 24, 19, 28
Box: 26, 58, 9
Box: 15, 29, 14
Box: 2, 8, 7
Box: 60, 37, 30
Box: 2, 34, 9
Box: 60, 71, 54
Box: 3, 42, 38
Box: 60, 53, 79
Box: 6, 16, 8
Box: 10, 42, 5
Box: 10, 5, 18
Box: 4, 19, 89
Box: 60, 9, 37
Box: 25, 265, 8
Box: 60, 168, 3
Box: 7, 19, 4
Box: 8, 34, 245
Box: 23, 265, 66
Box: 4, 29, 27
Box: 60, 30, 35
Box: 60, 265, 6
Box: 7, 2, 21
Box: 5, 18, 4
Box: 6, 36, 78
Box: 52, 12, 32
Box: 60, 265, 22
Box: 3, 265, 2
Box: 60, 61, 60
Box: 60, 49, 56
Box: 26, 21, 9
Box: 2, 83, 2
Box: 60, 27, 4
Box: 60, 31, 66
Box: 60, 71, 2
Box: 60, 5, 2
Box: 60, 265, 7
Box: 60, 8, 22
Box: 39, 9, 6
Box: 8, 8, 245
Box: 60, 3, 23
Box: 20, 15, 14
Box: 9, 28, 8
Box: 19, 123, 13
Box: 2, 15, 36
Box: 6, 32, 7
Box: 60, 44, 17
Box: 40, 76, 73
Box: 11, 106, 11
Box: 60, 10, 7
Box: 12, 15, 4
Box: 2, 49, 2
Box: 15, 107, 58
Box: 18, 99, 2
Box: 11, 11, 77
Box: 17, 23, 245
Box: 24, 11, 88
Box: 60, 42, 55
Box: 60, 15, 25
Box: 60, 15, 59
Box: 37, 49, 96
Box: 19, 11, 12
Box: 4, 6, 51
Box: 60, 4, 83
Box: 60, 49, 40
Box: 28, 9, 13
Box: 33, 14, 54
Box: 15, 7, 7
Box: 7, 19, 28
Box: 7, 8, 21
Box: 32, 66, 166
Box: 42, 6, 7
Box: 60, 60, 11
Box: 5, 106, 5
Box: 60, 63, 18
Box: 3, 33, 72
Box: 3, 12, 12
Box: 60, 77, 5
Box: 60, 26, 128
Box: 60, 62, 14
Box: 60, 147, 27
Box: 7, 77, 25
Box: 8, 21, 56
Box: 48, 93, 5
Box: 5, 55, 17
Box: 6, 52, 4
Box: 60, 164, 44
Box: 3, 165, 9
Box: 4, 265, 44
Box: 60, 71, 9
Box: 17, 16, 11
Box: 17, 71, 83
Box: 6, 3, 12
Box: 22, 46, 20
Box: 60, 23, 5
Box: 60, 64, 6
Box: 7, 4, 2
Box: 33, 14, 60
Box: 60, 19, 79
Box: 60, 26, 15
Box: 11, 2, 6
Box: 60, 26, 21
Box: 60, 77, 99
Box: 60, 84, 245
Box: 20, 25, 108
Box: 14, 3, 5
Box: 16, 6, 10
Box: 8, 49, 44
Box: 60, 2, 41
Box: 13, 2, 24
Box: 4, 4, 7
Box: 2, 72, 32
Box: 60, 25, 14
Box: 26, 50, 2
Box: 41, 19, 245
Box: 3, 265, 2
Box: 2, 18, 4
Box: 5, 265, 23
Box: 55, 68, 49
Box: 46, 72, 30
Box: 60, 12, 3
Box: 4, 11, 106
Box: 60, 6, 21
Box: 6, 37, 8
Box: 60, 20, 53
Box: 2, 36, 78
Box: 16, 7, 24
Box: 60, 5, 160
Box: 26, 21, 15
Box: 18, 11, 3
Box: 3, 2, 14
Box: 60, 30, 68
Box: 60, 171, 69
Box: 16, 12, 21
Box: 60, 80, 37
Box: 9, 3, 14
Box: 20, 3, 5
Box: 15, 12, 21
Box: 21, 46, 10
Box: 9, 92, 24
Box: 60, 18, 18
Box: 6, 121, 6
Box: 60, 8, 11
Box: 12, 16, 6
Box: 60, 3, 51
Box: 22, 31, 7
Box: 8, 3, 8
Box: 60, 147, 58
Box: 10, 30, 82
Box: 5, 19, 5
Box: 5, 6, 2
Box: 60, 31, 3
Box: 10, 4, 18
Box: 9, 12, 21
Box: 60, 22, 2
Box: 5, 15, 78
Box: 8, 21, 19
Box: 12, 2, 6
Box: 9, 87, 54
Box: 3, 87, 5
Box: 5, 11, 118
Box: 5, 21, 16
Box: 60, 96, 4
Box: 60, 42, 65
Box: 60, 240, 111
Box: 58, 2, 87
Box: 18, 118, 139
Box: 60, 26, 13
Box: 11, 106, 60
Box: 31, 26, 53
Box: 60, 66, 111
Box: 6, 26, 4
Box: 60, 78, 5
Box: 9, 265, 70
Box: 3, 17, 66
Box: 60, 72, 19
Box: 3, 13, 5
Box: 32, 70, 66
Box: 5, 19, 65
Box: 3, 47, 13
Box: 60, 14, 96
Box: 3, 17, 14
Box: 26, 19, 41
Box: 60, 4, 146
Box: 60, 265, 140
Box: 3, 12, 4
Box: 5, 25, 50
Box: 60, 128, 245
Box: 13, 4, 10
Box: 2, 10, 2
Box: 18, 265, 245
Box: 4, 7, 3
Box: 19, 77, 245
Box: 4, 81, 13
Box: 12, 265, 21
Box: 60, 149, 13
Box: 60, 6, 27
Box: 31, 141, 8
Box: 33, 5, 74
Box: 15, 126, 17
Box: 4, 8, 7
Box: 3, 12, 7
Box: 60, 36, 63
Box: 33, 10, 33
Box: 60, 13, 11
Box: 8, 120, 24
Box: 39, 34, 245
Box: 2, 25, 72
Box: 60, 123, 47
Box: 4, 17, 40
Box: 60, 265, 15
Box: 60, 2, 21
Box: 6, 10, 16
Box: 35, 60, 59
Box: 60, 30, 20
Box: 60, 42, 5
Box: 4, 10, 108
Box: 60, 31, 245
Box: 60, 149, 46
Box: 22, 5, 30
Box: 60, 6, 3
Box: 60, 8, 9
Box: 60, 11, 245
Box: 18, 5, 47
Box: 6, 71, 245
Box: 16, 2, 6
Box: 60, 265, 52
Box: 60, 5, 11
Box: 9, 25, 22
Box: 60, 6, 46
Box: 11, 106, 99
Box: 27, 30, 63
Box: 33, 14, 80
Box: 60, 88, 245
Box: 14, 4, 7
Box: 8, 7, 15
Box: 32, 265, 21
Box: 60, 76, 52
Box: 14, 15, 78
Box: 12, 52, 4
Box: 60, 7, 5
Box: 54, 32, 160
Box: 60, 2, 209
Box: 60, 7, 43
Box: 60, 33, 8
Box: 22, 23, 7
Box: 24, 81, 66
Box: 60, 25, 66
Box: 60, 50, 150
Box: 60, 16, 91
Box: 5, 9, 16
Box: 60, 147, 13
Box: 8, 3, 16
Box: 33, 30, 24
Box: 13, 4, 24
Box: 2, 10, 6
Box: 60, 3, 245
Box: 60, 17, 6
Box: 7, 14, 21
Box: 60, 68, 8
Box: 60, 23, 16
Box: 60, 6, 7
Box: 31, 19, 89
Box: 60, 265, 38
Box: 31, 23, 9
Box: 9, 17, 7
Box: 32, 9, 189
Box: 13, 4, 25
Box: 60, 44, 5
Box: 60, 9, 32
Box: 25, 33, 72
Box: 60, 2, 72
Box: 60, 46, 102
Box: 9, 17, 8
Box: 60, 35, 44
Box: 60, 20, 18
Box: 3, 22, 13
Box: 60, 38, 245
Box: 60, 88, 69
Box: 3, 7, 24
Box: 7, 7, 77
Box: 60, 147, 41
Box: 11, 23, 15
Box: 5, 32, 7
Box: 28, 158, 6
Box: 60, 35, 6
Box: 60, 7, 20
Box: 60, 44, 12
Box: 10, 11, 13
Box: 60, 265, 4
Box: 60, 88, 12
Box: 5, 83, 47
Box: 60, 73, 245
Box: 60, 26, 63
Box: 8, 19, 89
Box: 60, 17, 8
Box: 60, 82, 16
Box: 6, 53, 139
Box: 5, 26, 5
Box: 60, 5, 21
Box: 60, 42, 37
Box: 60, 44, 6
Box: 5, 6, 27
Box: 60, 36, 89
Box: 17, 114, 11
Box: 60, 31, 245
Box: 60, 29, 31
Box: 60, 4, 72
Box: 9, 19, 8
Box: 60, 15, 2
Box: 42, 265, 47
Box: 7, 11, 26
Box: 7, 265, 86
Box: 60, 28, 245
Box: 6, 106, 86
Box: 60, 35, 140
Box: 60, 16, 3
Box: 12, 32, 47
Box: 7, 14, 16
Box: 60, 10, 2
Box: 60, 11, 65
Box: 60, 43, 156
Box: 24, 8, 2
Box: 60, 72, 89
Box: 60, 114, 193
Box: 26, 58, 32
Box: 19, 95, 58
Box: 6, 6, 25
Box: 56, 40, 43
Box: 6, 77, 245
Box: 6, 59, 21
Box: 9, 5, 7
Box: 21, 22, 43
Box: 24, 6, 31
Box: 60, 71, 64
Box: 60, 142, 36
Box: 12, 55, 44
Box: 11, 29, 16
Box: 13, 36, 12
Box: 2, 11, 106
Box: 60, 122, 6
Box: 15, 9, 38
Box: 60, 10, 70
Box: 2, 25, 245
Box: 3, 7, 91
Box: 60, 3, 20
Box: 60, 23, 90
Box: 60, 26, 50
Box: 36, 17, 44
Box: 6, 26, 4
Box: 16, 11, 21
Box: 15, 2, 76
Box: 2, 44, 2
Box: 60, 7, 36
Box: 60, 58, 25
Box: 60, 87, 34
Box: 21, 21, 13
Box: 51, 7, 11
Box: 16, 130, 10
Box: 7, 14, 47
Box: 60, 96, 21
Box: 60, 29, 63
Box: 60, 78, 48
Box: 19, 42, 5
Box: 60, 265, 160
Box: 4, 2, 6
Box: 5, 14, 4
Box: 5, 265, 13
Box: 60, 4, 158
Box: 60, 170, 8
Box: 60, 7, 47
Box: 17, 16, 58
Box: 60, 28, 91
Box: 60, 44, 24
Box: 9, 19, 98
Box: 3, 3, 86
Box: 13, 2, 24
Box: 60, 17, 42
Box: 3, 5, 38
Box: 60, 23, 29
Box: 9, 86, 7
Box: 6, 2, 8
Box: 3, 3, 45
Box: 60, 90, 8
Box: 60, 4, 11
Box: 26, 99, 3
Box: 30, 12, 9
Box: 60, 14, 15
Box: 24, 12, 2
Box: 39, 60, 31
Box: 10, 11, 7
Box: 3, 19, 153
Box: 8, 46, 245
Box: 60, 123, 149
Box: 60, 34, 9
Box: 60, 101, 2
Box: 11, 32, 7
Box: 60, 60, 13
Box: 60, 14, 4
Box: 60, 28, 29
Box: 17, 3, 8
Box: 60, 44, 3
Box: 55, 7, 53
Box: 12, 152, 14
Box: 60, 29, 71
Box: 5, 14, 74
Box: 6, 4, 8
Box: 60, 31, 5
Box: 60, 34, 34
Box: 20, 15, 24
Box: 5, 3, 4
Box: 15, 25, 17
Box: 9, 11, 32
Box: 7, 6, 9
Box: 60, 15, 128
Box: 60, 18, 26
Box: 60, 23, 33
Box: 60, 147, 31
Box: 60, 44, 4
Box: 60, 78, 49
Box: 60, 27, 31
Box: 16, 14, 31
Box: 31, 52, 44
Box: 7, 119, 25
Box: 5, 91, 100
Box: 7, 11, 25
Box: 10, 11, 7
Box: 8, 42, 8
Box: 2, 265, 100
Box: 60, 63, 47
Box: 3, 5, 4
Box: 9, 6, 51
Box: 3, 158, 6
Box: 7, 4, 7
Box: 60, 99, 5
Box: 60, 87, 5
Box: 60, 61, 245
Box: 10, 6, 5
Box: 3, 72, 32
Box: 5, 9, 56
Box: 5, 90, 3
Box: 10, 11, 51
Box: 6, 35, 25
Box: 60, 110, 5
Box: 5, 9, 5
Box: 15, 13, 16
Box: 5, 5, 5
Box: 55, 5, 53
Box: 60, 6, 128
Box: 7, 33, 72
Box: 2, 5, 2
Box: 60, 32, 5
Box: 15, 33, 5
Box: 60, 81, 200
Box: 60, 34, 5
Box: 3, 30, 21
Box: 18, 29, 16
Box: 5, 25, 41
Box: 10, 19, 28
Box: 5, 103, 50
Box: 55, 10, 53
Box: 37, 265, 6
Box: 5, 53, 10
Box: 15, 29, 8
Box: 60, 4, 43
Box: 14, 30, 21
Box: 6, 2, 9
Box: 15, 16, 245
Box: 3, 10, 66
Box: 43, 42, 18
Box: 29, 2, 13
Box: 60, 16, 42
Box: 17, 49, 245
Box: 60, 46, 65
Box: 48, 11, 15
Box: 2, 265, 21
Box: 60, 265, 36
Box: 60, 109, 41
Box: 48, 11, 4
Box: 11, 8, 13
Box: 54, 57, 245
Box: 6, 87, 10
Box: 60, 4, 12
Box: 60, 59, 29
Box: 60, 146, 245
Box: 7, 46, 10
Box: 60, 4, 13
Box: 5, 23, 5
Box: 60, 16, 4
Box: 60, 125, 52
Box: 21, 63, 13
Box: 7, 31, 77
Box: 25, 47, 19
Box: 4, 11, 18
Box: 2, 3, 8
Box: 11, 11, 10
Box: 5, 125, 65
Box: 60, 3, 41
Box: 60, 15, 86
Box: 17, 265, 23
Box: 60, 10, 14
Box: 60, 61, 3
Box: 60, 19, 17
Box: 60, 61, 14
Box: 8, 33, 15
Box: 60, 30, 7
Box: 60, 52, 18
Box: 2, 62, 45
Box: 60, 5, 27
Box: 2, 29, 16
Box: 60, 4, 21
Box: 3, 67, 30
Box: 6, 2, 27
Box: 23, 124, 38
Box: 60, 19, 25
Box: 13, 7, 7
Box: 3, 16, 8
Box: 2, 19, 22
Box: 12, 261, 22
Box: 8, 29, 25
Box: 17, 8, 40
Box: 13, 10, 10
Box: 60, 149, 2
Box: 23, 4, 3
Box: 42, 7, 3
Box: 7, 7, 25
Box: 60, 17, 21
Box: 5, 2, 32
Box: 60, 5, 9
Box: 60, 8, 2
Box: 5, 19, 100
Box: 60, 20, 245
Box: 2, 3, 16
Box: 6, 106, 13
Box: 60, 9, 25
Box: 2, 11, 13
Box: 34, 20, 12
Box: 10, 33, 15
Box: 28, 265, 195
Box: 60, 45, 147
Box: 60, 146, 7
Box: 3, 60, 23
Box: 48, 11, 9
Box: 31, 26, 17
Box: 60, 15, 9
Box: 60, 5, 27
Box: 2, 61, 16
Box: 60, 35, 7
Box: 44, 18, 4
Box: 2, 34, 23
Box: 18, 8, 24
Box: 5, 71, 245
Box: 60, 10, 19
Box: 60, 35, 35
Box: 60, 33, 10
Box: 4, 265, 12
Box: 60, 3, 25
Box: 60, 32, 91
Box: 60, 35, 7
Box: 19, 91, 72
Box: 60, 14, 245
Box: 60, 265, 19
Box: 5, 24, 57
Box: 43, 121, 40
Box: 60, 4, 32
Box: 60, 112, 245
Box: 31, 15, 4
Box: 60, 32, 11
Box: 2, 7, 5
Box: 7, 19, 44
Box: 6, 5, 9
Box: 60, 170, 7
Box: 60, 44, 15
Box: 23, 53, 9
Box: 60, 149, 61
Box: 5, 76, 89
Box: 6, 41, 10
Box: 60, 3, 68
Box: 5, 27, 3
Box: 60, 265, 16
Box: 35, 16, 123
Box: 60, 5, 7
Box: 13, 46, 10
Box: 60, 72, 40
Box: 19, 12, 15
Box: 10, 11, 56
Box: 60, 17, 22
Box: 42, 10, 7
Box: 60, 3, 25
Box: 60, 7, 193
Box: 60, 44, 18
Box: 60, 9, 3
Box: 6, 8, 4
Box: 10, 25, 108
Box: 60, 64, 9
Box: 60, 19, 7
Box: 6, 79, 21
Box: 5, 55, 10
Box: 60, 42, 13
Box: 22, 134, 16
Box: 60, 26, 74
Box: 13, 14, 24
Box: 8, 5, 13
Box: 60, 64, 128
Box: 55, 36, 53
Box: 6, 6, 10
Box: 60, 7, 6
Box: 60, 84, 245
Box: 60, 16, 51
Box: 60, 17, 70
Box: 60, 44, 16
Box: 60, 14, 7
Box: 3, 18, 38
Box: 60, 13, 31
Box: 28, 4, 16
Box: 60, 99, 200
Box: 19, 11, 3
Box: 4, 2, 48
Box: 60, 14, 160
Box: 3, 2, 18
Box: 60, 101, 189
Box: 11, 11, 21
Box: 4, 4, 9
Box: 8, 265, 10
Box: 60, 108, 44
Box: 10, 3, 12
Box: 60, 4, 12
Box: 60, 265, 55
Box: 60, 16, 15
Box: 60, 23, 18
Box: 60, 35, 5
Box: 3, 16, 8
Box: 60, 93, 93
Box: 60, 16, 20
Box: 4, 19, 12
Box: 7, 3, 9
Box: 3, 5, 38
Box: 60, 50, 102
Box: 6, 4, 21
Box: 4, 26, 72
Box: 60, 2, 2
Box: 15, 29, 59
Box: 14, 59, 23
Box: 13, 40, 12
Box: 13, 8, 24
Box: 60, 34, 7
Box: 40, 265, 21
Box: 60, 16, 31
Box: 60, 10, 3
Box: 46, 18, 30
Box: 6, 11, 25
Box: 60, 33, 213
Box: 10, 11, 4
Box: 15, 43, 245
Box: 8, 79, 145
Box: 60, 9, 32
Box: 22, 11, 7
Box: 26, 3, 9
Box: 28, 72, 32
Box: 3, 3, 13
Box: 6, 11, 12
Box: 60, 7, 44
Box: 8, 47, 20
Box: 24, 19, 52
Box: 6, 121, 4
Box: 2, 31, 9
Box: 60, 38, 77
Box: 60, 40, 9
Box: 60, 22, 6
Box: 29, 32, 234
Box: 3, 2, 4
Box: 22, 46, 45
Box: 60, 22, 90
Box: 60, 19, 58
Box: 6, 19, 12
Box: 5, 14, 5
Box: 4, 6, 9
Box: 5, 35, 25
Box: 21, 60, 31
Box: 60, 124, 46
Box: 60, 9, 15
Box: 11, 11, 4
Box: 60, 46, 84
Box: 60, 19, 64
Box: 13, 7, 4
Box: 60, 32, 38
Box: 60, 71, 16
Box: 4, 49, 8
Box: 18, 50, 5
Box: 8, 27, 2
Box: 60, 11, 12
Box: 5, 11, 69
Box: 60, 29, 126
Box: 60, 11, 46
Box: 55, 55, 193
Box: 48, 42, 83
Box: 60, 9, 14
Box: 8, 265, 80
Box: 60, 14, 2
Box: 2, 34, 17
Box: 3, 12, 21
Box: 60, 2, 245
Box: 2, 4, 4
Box: 12, 147, 30
Box: 60, 25, 9
Box: 5, 14, 4
Box: 10, 5, 35
Box: 10, 17, 10
Box: 60, 265, 5
Box: 60, 14, 27
Box: 5, 19, 240
Box: 3, 36, 78
Box: 5, 31, 65
Box: 60, 44, 8
Box: 5, 53, 3
Box: 60, 14, 178
Box: 60, 2, 27
Box: 17, 35, 11
Box: 60, 130, 124
Box: 60, 265, 20
Box: 14, 265, 16
Box: 38, 33, 5
Box: 2, 3, 5
Box: 60, 3, 89
Box: 29, 7, 8
Box: 60, 79, 4
Box: 60, 26, 12
Box: 60, 7, 17
Box: 60, 23, 245
Box: 60, 27, 4
Box: 5, 83, 6
Box: 60, 3, 24
Box: 8, 158, 6
Box: 60, 146, 55
Box: 5, 77, 245
Box: 55, 59, 77
Box: 60, 220, 88
Box: 60, 38, 9
Box: 8, 19, 28
Box: 9, 265, 21
Box: 13, 15, 12
Box: 60, 15, 76
Box: 60, 2, 11
Box: 60, 11, 33
Box: 60, 265, 17
Box: 60, 71, 5
Box: 51, 28, 8
Box: 2, 261, 9
Box: 13, 62, 72
Box: 23, 49, 44
Box: 8, 94, 39
Box: 6, 35, 8
####################
#Expected Output: 83
#Number of Bins: 83.
