Bin: 187, 300, 97
Box: 187, 149, 17
Box: 2, 12, 17
Box: 21, 7, 2
Box: 187, 46, 97
Box: 32, 34, 22
Box: 20, 2, 4
Box: 2, 34, 2
Box: 2, 2, 6
Box: 58, 249, 97
Box: 3, 10, 97
Box: 151, 58, 97
Box: 3, 3, 80
Box: 7, 7, 50
Box: 37, 43, 2
Box: 2, 54, 13
Box: 21, 58, 2
Box: 5, 9, 17
Box: 8, 24, 8
Box: 134, 300, 97
Box: 4, 95, 97
Box: 26, 12, 48
Box: 2, 34, 9
Box: 13, 4, 10
Box: 9, 2, 17
Box: 5, 16, 10
Box: 187, 2, 97
Box: 21, 16, 9
Box: 45, 34, 70
Box: 2, 5, 10
Box: 2, 19, 8
Box: 3, 11, 66
Box: 13, 24, 4
Box: 7, 4, 17
Box: 61, 17, 97
Box: 2, 6, 8
Box: 61, 300, 97
Box: 187, 34, 4
Box: 8, 13, 7
Box: 36, 44, 97
Box: 12, 7, 97
Box: 10, 7, 3
Box: 25, 34, 22
Box: 30, 20, 97
Box: 29, 8, 26
Box: 13, 10, 32
Box: 3, 14, 21
Box: 187, 15, 40
Box: 9, 20, 97
Box: 187, 2, 97
Box: 21, 3, 2
Box: 45, 39, 97
Box: 11, 5, 22
Box: 2, 20, 2
Box: 2, 109, 97
Box: 13, 24, 10
Box: 83, 91, 97
Box: 115, 34, 14
Box: 2, 31, 97
Box: 2, 54, 4
Box: 83, 13, 97
Box: 21, 7, 14
Box: 52, 14, 97
Box: 2, 16, 3
Box: 187, 5, 20
Box: 2, 68, 49
Box: 108, 65, 97
Box: 187, 6, 97
Box: 18, 12, 3
Box: 187, 8, 4
Box: 21, 82, 5
Box: 2, 16, 39
Box: 13, 24, 3
Box: 8, 6, 45
Box: 21, 28, 2
Box: 74, 111, 97
Box: 13, 8, 10
Box: 2, 54, 4
Box: 187, 90, 15
Box: 15, 51, 15
Box: 38, 34, 4
Box: 3, 5, 12
Box: 27, 34, 70
Box: 13, 122, 18
Box: 26, 233, 97
Box: 13, 42, 16
Box: 8, 6, 22
Box: 18, 12, 3
Box: 21, 114, 4
Box: 34, 15, 9
Box: 3, 7, 97
Box: 187, 124, 16
Box: 6, 17, 97
Box: 3, 39, 93
Box: 3, 5, 85
Box: 13, 6, 21
Box: 41, 95, 97
Box: 3, 3, 13
Box: 2, 35, 19
Box: 187, 22, 97
Box: 187, 3, 97
Box: 72, 25, 16
Box: 3, 15, 38
Box: 20, 5, 97
Box: 19, 17, 6
Box: 55, 114, 97
Box: 12, 39, 97
Box: 2, 35, 14
Box: 7, 15, 7
Box: 17, 4, 17
Box: 52, 25, 20
Box: 74, 5, 13
Box: 122, 41, 97
Box: 77, 156, 7
Box: 2, 5, 14
Box: 5, 12, 38
Box: 36, 21, 14
Box: 15, 153, 4
Box: 151, 77, 17
Box: 21, 3, 14
Box: 5, 16, 8
Box: 29, 5, 21
Box: 52, 111, 83
Box: 7, 58, 73
Box: 7, 14, 50
Box: 3, 14, 7
Box: 15, 17, 97
Box: 149, 4, 97
Box: 24, 17, 13
Box: 21, 11, 66
Box: 22, 34, 34
Box: 31, 58, 97
Box: 18, 51, 3
Box: 187, 35, 17
Box: 2, 25, 16
Box: 38, 3, 20
Box: 21, 15, 38
Box: 2, 4, 17
Box: 187, 143, 97
Box: 15, 11, 15
Box: 18, 28, 4
Box: 21, 24, 2
Box: 2, 3, 10
Box: 12, 65, 97
Box: 65, 48, 97
Box: 2, 54, 7
Box: 26, 2, 76
Box: 3, 2, 3
Box: 8, 8, 22
Box: 45, 300, 4
Box: 21, 300, 97
Box: 6, 233, 97
Box: 34, 2, 97
Box: 8, 13, 29
Box: 18, 6, 3
Box: 11, 39, 5
Box: 187, 8, 4
Box: 2, 3, 6
Box: 8, 39, 40
Box: 21, 44, 10
Box: 103, 55, 17
Box: 21, 16, 2
Box: 61, 17, 6
Box: 8, 9, 17
Box: 187, 88, 97
Box: 15, 11, 37
Box: 13, 25, 16
Box: 18, 57, 3
Box: 13, 3, 10
Box: 82, 124, 97
Box: 21, 31, 14
Box: 10, 3, 2
Box: 13, 35, 27
Box: 24, 17, 34
Box: 5, 35, 97
Box: 23, 41, 97
Box: 72, 20, 17
Box: 5, 16, 7
Box: 34, 2, 97
Box: 187, 2, 97
Box: 83, 93, 97
Box: 2, 3, 3
Box: 2, 3, 20
Box: 15, 11, 18
Box: 11, 5, 10
Box: 19, 24, 97
Box: 20, 3, 4
Box: 2, 5, 2
Box: 16, 17, 6
Box: 2, 5, 26
Box: 134, 42, 2
Box: 12, 17, 97
Box: 9, 103, 3
Box: 3, 51, 97
Box: 62, 5, 21
Box: 23, 3, 20
Box: 5, 42, 3
Box: 23, 23, 97
Box: 13, 68, 8
Box: 187, 79, 97
Box: 7, 24, 12
Box: 2, 2, 9
Box: 187, 13, 17
Box: 148, 300, 97
Box: 129, 16, 97
Box: 108, 6, 97
Box: 3, 35, 97
Box: 10, 5, 97
Box: 21, 12, 10
Box: 2, 20, 31
Box: 36, 50, 97
Box: 36, 2, 97
Box: 20, 11, 23
Box: 2, 35, 10
Box: 8, 5, 45
Box: 82, 24, 6
Box: 6, 19, 40
Box: 29, 272, 97
Box: 12, 27, 97
Box: 187, 8, 3
Box: 4, 34, 4
Box: 2, 68, 49
Box: 8, 20, 97
Box: 8, 24, 8
Box: 13, 6, 21
Box: 2, 67, 97
Box: 122, 68, 97
Box: 60, 32, 97
Box: 87, 70, 97
Box: 24, 101, 16
Box: 119, 5, 4
Box: 49, 17, 97
Box: 8, 24, 4
Box: 64, 5, 15
Box: 74, 6, 97
Box: 11, 5, 19
Box: 108, 15, 97
Box: 6, 101, 16
Box: 13, 68, 8
Box: 83, 6, 97
Box: 2, 16, 5
Box: 9, 10, 2
Box: 77, 59, 7
Box: 187, 21, 97
Box: 47, 25, 97
Box: 13, 165, 22
Box: 52, 29, 97
Box: 187, 48, 16
Box: 67, 34, 4
Box: 151, 77, 24
Box: 129, 34, 84
Box: 23, 108, 97
Box: 14, 300, 50
Box: 87, 11, 13
Box: 18, 19, 7
Box: 2, 5, 50
Box: 9, 275, 66
Box: 13, 44, 16
Box: 5, 42, 49
Box: 177, 51, 16
Box: 48, 5, 33
Box: 7, 15, 23
Box: 72, 3, 97
Box: 187, 72, 97
Box: 29, 28, 3
Box: 5, 16, 2
Box: 21, 11, 2
Box: 187, 15, 47
Box: 187, 5, 8
Box: 55, 249, 97
Box: 19, 15, 38
Box: 66, 53, 97
Box: 84, 13, 17
Box: 2, 300, 2
Box: 40, 19, 40
Box: 18, 20, 4
Box: 52, 7, 97
Box: 187, 68, 97
Box: 15, 153, 2
Box: 82, 9, 97
Box: 2, 39, 97
Box: 52, 25, 25
Box: 84, 16, 17
Box: 2, 14, 10
Box: 187, 19, 50
Box: 7, 2, 97
Box: 11, 39, 6
Box: 31, 2, 2
Box: 36, 21, 34
Box: 23, 245, 97
Box: 108, 25, 97
Box: 187, 101, 8
Box: 7, 58, 6
Box: 21, 19, 5
Box: 9, 34, 97
Box: 22, 5, 97
Box: 31, 300, 4
Box: 20, 2, 4
Box: 13, 5, 8
Box: 2, 5, 16
Box: 187, 8, 9
Box: 13, 24, 19
Box: 2, 35, 35
Box: 187, 8, 2
Box: 13, 44, 26
Box: 108, 5, 97
Box: 7, 2, 17
Box: 13, 165, 19
Box: 2, 5, 9
Box: 9, 46, 3
Box: 82, 52, 14
Box: 83, 11, 97
Box: 74, 130, 8
Box: 34, 34, 84
Box: 13, 122, 8
Box: 83, 33, 97
Box: 98, 2, 17
Box: 36, 25, 16
Box: 13, 300, 7
Box: 180, 15, 97
Box: 12, 165, 97
Box: 12, 52, 10
Box: 23, 34, 4
Box: 187, 17, 13
Box: 45, 5, 97
Box: 13, 24, 22
Box: 2, 108, 97
Box: 8, 39, 57
Box: 20, 2, 4
Box: 36, 70, 97
Box: 39, 43, 2
Box: 187, 300, 2
Box: 10, 26, 16
Box: 13, 122, 4
Box: 65, 68, 7
Box: 9, 24, 17
Box: 2, 37, 97
Box: 2, 12, 97
Box: 65, 14, 97
Box: 52, 25, 4
Box: 4, 35, 97
Box: 12, 8, 7
Box: 187, 8, 37
Box: 149, 37, 97
Box: 11, 101, 16
Box: 3, 14, 3
Box: 83, 13, 97
Box: 2, 54, 97
Box: 58, 16, 9
Box: 8, 17, 97
Box: 6, 15, 38
Box: 10, 8, 2
Box: 36, 21, 13
Box: 7, 39, 97
Box: 21, 300, 27
Box: 21, 114, 21
Box: 2, 34, 71
Box: 5, 5, 11
Box: 23, 30, 97
Box: 52, 6, 97
Box: 13, 24, 12
Box: 187, 17, 42
Box: 20, 11, 6
Box: 29, 2, 32
Box: 7, 15, 8
Box: 5, 9, 17
Box: 13, 165, 9
Box: 82, 10, 6
Box: 9, 55, 17
Box: 61, 12, 97
Box: 7, 14, 50
Box: 11, 53, 97
Box: 10, 3, 6
Box: 7, 24, 20
Box: 2, 39, 97
Box: 26, 2, 4
Box: 58, 16, 2
Box: 134, 42, 33
Box: 10, 9, 2
Box: 74, 6, 97
Box: 18, 2, 17
Box: 83, 15, 97
Box: 187, 5, 14
Box: 18, 4, 3
Box: 3, 3, 4
Box: 51, 4, 97
Box: 23, 10, 97
Box: 14, 39, 9
Box: 24, 17, 25
Box: 60, 102, 97
Box: 9, 198, 11
Box: 15, 40, 15
Box: 60, 19, 40
Box: 83, 12, 97
Box: 3, 94, 97
Box: 3, 233, 97
Box: 18, 237, 7
Box: 87, 20, 97
Box: 2, 16, 8
Box: 7, 24, 52
Box: 26, 12, 49
Box: 18, 5, 4
Box: 14, 98, 97
Box: 10, 3, 2
Box: 18, 7, 3
Box: 13, 165, 10
Box: 15, 36, 37
Box: 62, 34, 34
Box: 58, 16, 4
Box: 74, 10, 97
Box: 187, 78, 97
Box: 65, 27, 97
Box: 23, 11, 97
Box: 142, 19, 7
Box: 2, 15, 9
Box: 187, 34, 97
Box: 150, 43, 45
Box: 2, 12, 21
Box: 4, 53, 97
Box: 3, 300, 2
Box: 7, 24, 24
Box: 13, 24, 4
Box: 14, 11, 97
Box: 18, 300, 87
Box: 11, 203, 97
Box: 10, 3, 16
Box: 13, 8, 2
Box: 12, 300, 97
Box: 37, 16, 8
Box: 52, 300, 97
Box: 14, 114, 42
Box: 187, 34, 23
Box: 30, 233, 97
Box: 18, 14, 3
Box: 9, 9, 17
Box: 5, 2, 3
Box: 15, 5, 15
Box: 9, 21, 3
Box: 3, 24, 97
Box: 53, 34, 34
Box: 8, 24, 8
Box: 2, 300, 2
Box: 10, 300, 87
Box: 92, 4, 17
Box: 187, 23, 15
Box: 52, 15, 97
Box: 4, 2, 3
Box: 40, 300, 7
Box: 11, 11, 66
Box: 18, 8, 3
Box: 11, 39, 21
Box: 47, 11, 18
Box: 8, 24, 16
Box: 52, 25, 33
Box: 7, 58, 5
Box: 87, 300, 4
Box: 82, 3, 6
Box: 14, 32, 97
Box: 29, 28, 7
Box: 42, 20, 97
Box: 7, 39, 97
Box: 15, 11, 2
Box: 8, 34, 97
Box: 9, 8, 17
Box: 8, 13, 7
Box: 13, 101, 16
Box: 187, 17, 6
Box: 187, 13, 97
Box: 28, 249, 97
Box: 24, 17, 22
Box: 18, 30, 3
Box: 23, 5, 97
Box: 2, 35, 10
Box: 50, 34, 34
Box: 26, 2, 11
Box: 77, 46, 7
Box: 31, 2, 5
Box: 3, 11, 18
Box: 3, 17, 35
Box: 27, 19, 7
Box: 82, 52, 53
Box: 13, 5, 16
Box: 40, 300, 97
Box: 15, 49, 37
Box: 36, 21, 32
Box: 187, 34, 37
Box: 2, 19, 97
Box: 51, 2, 17
Box: 7, 58, 13
Box: 10, 51, 13
Box: 2, 5, 5
Box: 13, 122, 11
Box: 15, 9, 15
Box: 13, 8, 21
Box: 5, 68, 8
Box: 21, 3, 20
Box: 5, 5, 97
Box: 53, 16, 34
Box: 46, 20, 17
Box: 3, 39, 4
Box: 2, 125, 97
Box: 2, 16, 10
Box: 82, 300, 97
Box: 97, 114, 97
Box: 35, 5, 97
Box: 2, 20, 13
Box: 49, 43, 2
Box: 23, 94, 97
Box: 2, 16, 29
Box: 42, 5, 97
Box: 3, 14, 7
Box: 8, 13, 2
Box: 18, 24, 3
Box: 15, 153, 5
Box: 36, 78, 97
Box: 8, 24, 16
Box: 8, 300, 7
Box: 86, 25, 97
Box: 5, 16, 7
Box: 8, 10, 32
Box: 11, 39, 4
Box: 65, 68, 14
Box: 187, 17, 3
Box: 64, 5, 35
Box: 10, 19, 2
Box: 13, 21, 16
Box: 18, 12, 3
Box: 9, 149, 97
Box: 11, 34, 84
Box: 85, 40, 77
Box: 11, 5, 23
Box: 2, 16, 14
Box: 2, 19, 12
Box: 9, 25, 66
Box: 12, 101, 16
Box: 8, 4, 45
Box: 14, 106, 97
Box: 101, 53, 97
Box: 8, 12, 45
Box: 10, 7, 2
Box: 9, 8, 17
Box: 8, 3, 45
Box: 187, 20, 97
Box: 21, 114, 5
Box: 8, 8, 2
Box: 115, 34, 56
Box: 29, 28, 33
Box: 187, 5, 28
Box: 23, 55, 97
Box: 187, 8, 7
Box: 43, 130, 8
Box: 10, 3, 4
Box: 23, 62, 97
Box: 13, 44, 33
Box: 3, 39, 97
Box: 81, 19, 40
Box: 187, 9, 23
Box: 187, 16, 97
Box: 12, 136, 97
Box: 14, 300, 4
Box: 36, 10, 97
Box: 3, 5, 11
Box: 13, 5, 2
Box: 187, 10, 11
Box: 18, 81, 4
Box: 2, 19, 10
Box: 81, 17, 41
Box: 21, 34, 10
Box: 2, 5, 2
Box: 12, 9, 97
Box: 8, 24, 3
Box: 92, 300, 87
Box: 10, 7, 8
Box: 3, 14, 3
Box: 2, 9, 17
Box: 4, 153, 97
Box: 3, 15, 38
Box: 60, 6, 97
Box: 19, 5, 33
Box: 11, 2, 17
Box: 18, 122, 4
Box: 10, 300, 4
Box: 2, 130, 97
Box: 52, 25, 15
Box: 5, 12, 48
Box: 21, 5, 5
Box: 13, 3, 16
Box: 52, 9, 97
Box: 187, 15, 10
Box: 3, 5, 11
Box: 187, 2, 97
Box: 7, 12, 50
Box: 7, 15, 9
Box: 23, 165, 97
Box: 87, 12, 97
Box: 14, 39, 77
Box: 2, 5, 2
Box: 39, 300, 7
Box: 82, 26, 97
Box: 21, 114, 4
Box: 2, 16, 97
Box: 21, 9, 14
Box: 2, 6, 8
Box: 187, 13, 97
Box: 3, 22, 97
Box: 21, 300, 11
Box: 15, 153, 12
Box: 20, 68, 49
Box: 187, 145, 15
Box: 187, 7, 3
Box: 86, 101, 16
Box: 151, 77, 48
Box: 187, 50, 97
Box: 36, 10, 32
Box: 52, 111, 14
Box: 13, 9, 21
Box: 54, 25, 97
Box: 12, 40, 77
Box: 65, 68, 16
Box: 13, 24, 11
Box: 15, 153, 13
Box: 7, 15, 2
Box: 2, 20, 97
Box: 29, 28, 11
Box: 187, 20, 8
Box: 14, 114, 38
Box: 187, 8, 3
Box: 9, 122, 3
Box: 18, 2, 4
Box: 2, 5, 19
Box: 40, 4, 17
Box: 187, 7, 8
Box: 2, 5, 6
Box: 7, 15, 24
Box: 21, 22, 9
Box: 5, 101, 16
Box: 10, 51, 31
Box: 16, 15, 9
Box: 47, 17, 97
Box: 11, 12, 97
Box: 31, 2, 2
Box: 13, 6, 21
Box: 12, 8, 10
Box: 11, 5, 12
Box: 9, 8, 3
Box: 21, 4, 2
Box: 23, 27, 97
Box: 21, 34, 97
Box: 2, 19, 17
Box: 21, 22, 10
Box: 26, 2, 6
Box: 187, 8, 20
Box: 2, 12, 8
Box: 2, 9, 9
Box: 18, 42, 4
Box: 17, 101, 16
Box: 187, 33, 8
Box: 21, 76, 9
Box: 2, 34, 97
Box: 21, 89, 2
Box: 2, 17, 97
Box: 77, 95, 97
Box: 29, 28, 17
Box: 58, 16, 5
Box: 187, 10, 41
Box: 7, 300, 87
Box: 97, 37, 20
Box: 14, 39, 2
Box: 12, 83, 97
Box: 132, 16, 97
Box: 9, 7, 17
Box: 7, 10, 50
Box: 21, 8, 5
Box: 16, 155, 97
Box: 97, 193, 97
Box: 21, 3, 2
Box: 187, 8, 8
Box: 2, 20, 28
Box: 21, 2, 10
Box: 5, 42, 32
Box: 187, 8, 97
Box: 187, 300, 40
Box: 15, 153, 9
Box: 9, 10, 30
Box: 12, 8, 73
Box: 187, 59, 97
Box: 187, 10, 97
Box: 19, 2, 97
Box: 41, 68, 49
Box: 2, 5, 18
Box: 18, 12, 3
Box: 31, 20, 17
Box: 9, 43, 45
Box: 28, 5, 21
Box: 55, 16, 97
Box: 18, 32, 3
Box: 17, 20, 17
Box: 2, 19, 41
Box: 187, 10, 13
Box: 7, 24, 32
Box: 11, 300, 2
Box: 174, 34, 13
Box: 72, 18, 97
Box: 134, 42, 62
Box: 13, 153, 97
Box: 187, 300, 10
Box: 52, 15, 33
Box: 83, 8, 97
Box: 187, 300, 22
Box: 29, 2, 48
Box: 7, 15, 18
Box: 20, 2, 4
Box: 104, 10, 32
Box: 23, 77, 97
Box: 3, 14, 14
Box: 72, 272, 97
Box: 18, 9, 3
Box: 187, 16, 8
Box: 13, 165, 21
Box: 3, 14, 3
Box: 87, 3, 97
Box: 36, 25, 97
Box: 2, 35, 97
Box: 23, 19, 97
Box: 21, 2, 2
Box: 149, 2, 97
Box: 9, 151, 97
Box: 187, 6, 17
Box: 47, 165, 97
Box: 13, 35, 49
Box: 21, 64, 14
Box: 13, 75, 97
Box: 10, 51, 35
Box: 187, 5, 13
Box: 3, 14, 11
Box: 119, 5, 2
Box: 12, 52, 25
Box: 82, 89, 97
Box: 7, 24, 13
Box: 15, 24, 15
Box: 2, 3, 10
Box: 12, 8, 7
Box: 15, 11, 2
Box: 18, 17, 7
Box: 21, 20, 17
Box: 87, 94, 97
Box: 21, 17, 41
Box: 13, 24, 22
Box: 2, 20, 13
Box: 60, 155, 97
Box: 3, 139, 97
Box: 21, 4, 2
Box: 17, 34, 22
Box: 5, 42, 9
Box: 187, 17, 15
Box: 47, 43, 2
Box: 60, 11, 97
Box: 14, 39, 9
Box: 187, 42, 15
Box: 42, 22, 97
Box: 3, 17, 23
Box: 82, 52, 16
Box: 20, 5, 97
Box: 29, 20, 26
Box: 102, 17, 12
Box: 83, 5, 97
Box: 9, 77, 11
Box: 58, 16, 21
Box: 8, 9, 17
Box: 62, 17, 68
Box: 74, 26, 97
Box: 108, 13, 97
Box: 74, 5, 84
Box: 29, 4, 17
Box: 102, 17, 28
Box: 82, 12, 97
Box: 12, 16, 97
Box: 9, 2, 17
Box: 10, 3, 2
Box: 31, 2, 8
Box: 52, 15, 7
Box: 2, 8, 97
Box: 127, 300, 10
Box: 21, 114, 3
Box: 10, 8, 2
Box: 5, 53, 97
Box: 60, 62, 97
Box: 6, 17, 6
Box: 187, 9, 74
Box: 8, 10, 22
Box: 2, 15, 9
Box: 72, 7, 97
Box: 187, 5, 14
Box: 70, 130, 8
Box: 14, 64, 97
Box: 3, 14, 2
Box: 187, 17, 97
Box: 65, 6, 97
Box: 10, 8, 16
Box: 20, 43, 45
Box: 187, 7, 6
Box: 14, 114, 17
Box: 52, 15, 6
Box: 187, 125, 97
Box: 16, 24, 97
Box: 2, 7, 8
Box: 12, 6, 97
Box: 3, 300, 97
Box: 52, 39, 97
Box: 6, 2, 3
Box: 187, 2, 16
Box: 6, 42, 97
Box: 60, 40, 97
Box: 21, 108, 97
Box: 5, 68, 8
Box: 102, 17, 10
Box: 20, 11, 15
Box: 65, 9, 17
Box: 100, 108, 97
Box: 151, 77, 8
Box: 174, 266, 97
Box: 5, 42, 4
Box: 52, 14, 97
Box: 17, 10, 32
Box: 8, 24, 12
Box: 187, 173, 53
Box: 26, 5, 97
Box: 8, 3, 20
Box: 82, 2, 6
Box: 55, 34, 4
Box: 78, 9, 17
Box: 27, 11, 66
Box: 21, 43, 2
Box: 173, 35, 97
Box: 3, 37, 97
Box: 2, 18, 97
Box: 48, 34, 22
Box: 15, 43, 2
Box: 12, 52, 62
Box: 15, 46, 37
Box: 46, 39, 97
Box: 149, 8, 97
Box: 43, 5, 33
Box: 9, 194, 17
Box: 9, 6, 11
Box: 59, 20, 97
Box: 7, 15, 6
Box: 13, 44, 5
Box: 13, 122, 56
Box: 187, 127, 53
Box: 187, 52, 97
Box: 18, 46, 7
Box: 20, 11, 16
Box: 3, 14, 9
Box: 2, 21, 8
Box: 2, 54, 69
Box: 10, 7, 5
Box: 44, 165, 97
Box: 17, 153, 97
Box: 18, 300, 81
Box: 82, 13, 6
Box: 24, 17, 3
Box: 58, 16, 3
Box: 46, 249, 97
Box: 122, 192, 97
Box: 18, 21, 97
Box: 5, 39, 17
Box: 5, 39, 2
Box: 2, 9, 9
Box: 74, 144, 97
Box: 119, 5, 37
Box: 65, 34, 22
Box: 87, 37, 97
Box: 18, 8, 3
Box: 187, 32, 97
Box: 20, 11, 2
Box: 77, 39, 7
Box: 32, 155, 97
Box: 77, 25, 16
Box: 10, 300, 7
Box: 13, 44, 7
Box: 21, 114, 22
Box: 51, 149, 97
Box: 10, 4, 16
Box: 43, 108, 97
Box: 52, 15, 4
Box: 13, 5, 16
Box: 2, 14, 6
Box: 5, 39, 76
Box: 97, 67, 97
Box: 76, 5, 97
Box: 82, 52, 8
Box: 21, 300, 97
Box: 2, 34, 15
Box: 177, 51, 81
Box: 5, 12, 11
Box: 187, 43, 50
Box: 9, 19, 11
Box: 52, 10, 97
Box: 3, 17, 22
Box: 108, 35, 97
Box: 52, 6, 97
Box: 66, 203, 97
Box: 21, 300, 7
Box: 13, 165, 16
Box: 36, 21, 4
Box: 2, 12, 14
Box: 110, 203, 97
Box: 15, 24, 15
Box: 62, 17, 29
Box: 5, 39, 2
Box: 84, 26, 17
Box: 5, 3, 20
Box: 3, 17, 17
Box: 7, 24, 41
Box: 27, 68, 8
Box: 64, 5, 47
Box: 2, 5, 15
Box: 5, 11, 66
Box: 11, 39, 61
Box: 18, 13, 97
Box: 3, 14, 17
Box: 58, 16, 11
Box: 65, 68, 3
Box: 2, 12, 45
Box: 187, 17, 18
Box: 74, 36, 97
Box: 7, 243, 50
Box: 37, 11, 18
Box: 9, 5, 33
Box: 7, 9, 17
Box: 21, 16, 8
####################
#Expected Output: 22
#Number of Bins: 22.
