Bin: 198, 265, 36
Box: 18, 2, 26
Box: 3, 3, 3
Box: 15, 2, 32
Box: 27, 46, 5
Box: 122, 33, 36
Box: 6, 13, 36
Box: 42, 5, 2
Box: 2, 5, 9
Box: 45, 11, 36
Box: 136, 72, 14
Box: 5, 24, 36
Box: 9, 8, 36
Box: 3, 21, 6
Box: 57, 31, 36
Box: 198, 21, 36
Box: 85, 6, 36
Box: 12, 15, 24
Box: 31, 42, 36
Box: 21, 265, 6
Box: 18, 16, 3
Box: 2, 22, 8
Box: 45, 60, 30
Box: 198, 45, 36
Box: 9, 9, 7
Box: 78, 48, 4
Box: 25, 70, 36
Box: 28, 32, 8
Box: 6, 36, 2
Box: 30, 23, 15
Box: 117, 26, 36
Box: 45, 9, 2
Box: 45, 81, 36
Box: 15, 18, 36
Box: 198, 72, 36
Box: 67, 15, 36
Box: 2, 25, 36
Box: 86, 80, 8
Box: 5, 27, 28
Box: 198, 22, 36
Box: 20, 16, 13
Box: 7, 55, 36
Box: 6, 265, 36
Box: 19, 90, 36
Box: 49, 25, 36
Box: 198, 42, 36
Box: 8, 3, 36
Box: 21, 40, 3
Box: 30, 30, 36
Box: 23, 25, 14
Box: 177, 97, 5
Box: 28, 18, 36
Box: 9, 265, 13
Box: 76, 13, 5
Box: 21, 202, 36
Box: 92, 265, 36
Box: 21, 41, 15
Box: 8, 87, 36
Box: 62, 15, 4
Box: 4, 12, 2
Box: 18, 11, 11
Box: 3, 59, 36
Box: 85, 2, 25
Box: 54, 2, 36
Box: 15, 6, 36
Box: 105, 116, 36
Box: 27, 2, 25
Box: 8, 9, 36
Box: 44, 18, 36
Box: 16, 5, 10
Box: 7, 3, 7
Box: 10, 78, 10
Box: 76, 21, 27
Box: 40, 40, 27
Box: 10, 106, 14
Box: 39, 3, 36
Box: 4, 87, 2
Box: 58, 210, 36
Box: 62, 180, 36
Box: 6, 3, 36
Box: 2, 7, 36
Box: 15, 182, 36
Box: 77, 3, 36
Box: 18, 50, 7
Box: 42, 12, 36
Box: 27, 3, 5
Box: 69, 28, 13
Box: 198, 16, 36
Box: 8, 62, 36
Box: 4, 19, 2
Box: 17, 81, 4
Box: 3, 2, 36
Box: 2, 17, 24
Box: 14, 37, 36
Box: 18, 16, 9
Box: 5, 3, 7
Box: 28, 43, 36
Box: 16, 5, 15
Box: 29, 89, 36
Box: 27, 4, 3
Box: 5, 3, 8
Box: 6, 36, 4
Box: 18, 42, 36
Box: 12, 13, 12
Box: 3, 5, 2
Box: 198, 8, 8
Box: 2, 49, 36
Box: 116, 21, 36
Box: 2, 265, 36
Box: 19, 2, 8
Box: 21, 21, 36
Box: 16, 108, 36
Box: 56, 10, 36
Box: 13, 265, 36
Box: 116, 22, 5
Box: 47, 3, 2
Box: 18, 3, 9
Box: 22, 8, 36
Box: 46, 81, 36
Box: 6, 93, 3
Box: 198, 53, 36
Box: 62, 2, 36
Box: 16, 9, 15
Box: 58, 36, 22
Box: 4, 146, 36
Box: 2, 8, 15
Box: 95, 7, 17
Box: 67, 8, 14
Box: 22, 35, 36
Box: 56, 191, 36
Box: 17, 2, 6
Box: 16, 59, 6
Box: 19, 8, 2
Box: 55, 80, 36
Box: 10, 8, 36
Box: 41, 4, 4
Box: 2, 6, 3
Box: 3, 31, 36
Box: 5, 41, 22
Box: 37, 43, 9
Box: 198, 11, 36
Box: 39, 4, 36
Box: 60, 4, 36
Box: 3, 37, 12
Box: 89, 37, 36
Box: 56, 29, 36
Box: 30, 30, 20
Box: 5, 265, 26
Box: 56, 12, 36
Box: 13, 11, 11
Box: 8, 4, 10
Box: 29, 10, 36
Box: 2, 30, 36
Box: 30, 4, 10
Box: 84, 265, 36
Box: 8, 29, 3
Box: 2, 7, 11
Box: 26, 3, 36
Box: 21, 5, 13
Box: 128, 32, 9
Box: 4, 10, 3
Box: 44, 48, 11
Box: 16, 5, 11
Box: 94, 9, 36
Box: 5, 15, 36
Box: 11, 28, 16
Box: 68, 32, 3
Box: 4, 10, 36
Box: 28, 4, 5
Box: 20, 37, 36
Box: 3, 52, 12
Box: 25, 25, 10
Box: 16, 2, 36
Box: 11, 20, 36
Box: 7, 265, 36
Box: 51, 13, 9
Box: 14, 16, 13
Box: 4, 10, 5
Box: 5, 2, 2
Box: 84, 11, 36
Box: 33, 27, 36
Box: 4, 3, 2
Box: 8, 18, 17
Box: 4, 11, 8
Box: 10, 56, 36
Box: 3, 35, 12
Box: 198, 57, 36
Box: 38, 59, 36
Box: 102, 15, 13
Box: 5, 13, 36
Box: 2, 104, 11
Box: 46, 3, 36
Box: 17, 30, 36
Box: 9, 10, 36
Box: 10, 8, 36
Box: 9, 7, 2
Box: 4, 32, 16
Box: 82, 88, 36
Box: 42, 2, 25
Box: 11, 13, 3
Box: 14, 23, 3
Box: 4, 9, 7
Box: 43, 42, 36
Box: 51, 26, 36
Box: 8, 3, 36
Box: 84, 22, 36
Box: 2, 63, 3
Box: 198, 74, 2
Box: 7, 26, 5
Box: 26, 155, 31
Box: 10, 3, 5
Box: 110, 52, 11
Box: 6, 28, 36
Box: 3, 10, 7
Box: 37, 24, 36
Box: 10, 18, 17
Box: 82, 17, 17
Box: 31, 8, 36
Box: 58, 4, 3
Box: 4, 59, 7
Box: 41, 48, 10
Box: 7, 18, 36
Box: 11, 148, 36
Box: 30, 63, 36
Box: 198, 19, 36
Box: 40, 7, 36
Box: 5, 15, 9
Box: 8, 12, 36
Box: 54, 8, 4
Box: 198, 2, 36
Box: 198, 13, 3
Box: 162, 50, 36
Box: 46, 26, 18
Box: 4, 25, 36
Box: 13, 84, 36
Box: 17, 29, 36
Box: 6, 8, 36
Box: 24, 83, 36
Box: 11, 5, 7
Box: 6, 52, 36
Box: 11, 265, 36
Box: 198, 104, 36
Box: 11, 265, 36
Box: 11, 265, 8
Box: 24, 22, 36
Box: 3, 5, 4
Box: 11, 10, 36
Box: 26, 100, 17
Box: 18, 4, 10
Box: 193, 265, 36
Box: 7, 11, 5
Box: 46, 5, 6
Box: 198, 3, 36
Box: 8, 63, 36
Box: 2, 2, 11
Box: 57, 115, 36
Box: 198, 16, 36
Box: 45, 24, 36
Box: 21, 39, 36
Box: 67, 11, 36
Box: 12, 6, 36
Box: 5, 17, 36
Box: 143, 11, 36
Box: 58, 48, 10
Box: 50, 6, 36
Box: 5, 32, 36
Box: 49, 265, 10
Box: 6, 36, 22
Box: 7, 13, 36
Box: 13, 70, 36
Box: 129, 16, 36
Box: 24, 13, 12
Box: 5, 27, 28
Box: 131, 42, 5
Box: 49, 157, 36
Box: 198, 133, 36
Box: 14, 12, 27
Box: 12, 22, 3
Box: 17, 52, 36
Box: 30, 223, 36
Box: 6, 16, 13
Box: 7, 145, 5
Box: 29, 7, 36
Box: 38, 17, 5
Box: 14, 2, 5
Box: 9, 12, 36
Box: 198, 126, 36
Box: 11, 20, 7
Box: 8, 26, 4
Box: 97, 171, 36
Box: 75, 2, 36
Box: 4, 85, 36
Box: 68, 2, 36
Box: 65, 7, 36
Box: 5, 9, 7
Box: 16, 41, 4
Box: 27, 43, 36
Box: 198, 22, 11
Box: 15, 15, 16
Box: 10, 36, 36
Box: 6, 49, 36
Box: 56, 26, 11
Box: 8, 265, 36
Box: 21, 141, 36
Box: 18, 37, 36
Box: 6, 36, 2
Box: 45, 9, 14
Box: 4, 97, 36
Box: 69, 18, 36
Box: 14, 3, 3
Box: 7, 5, 9
Box: 84, 56, 36
Box: 49, 87, 2
Box: 47, 65, 36
Box: 8, 31, 36
Box: 4, 4, 36
Box: 198, 6, 36
Box: 5, 10, 10
Box: 14, 11, 36
Box: 32, 4, 36
Box: 9, 6, 7
Box: 43, 265, 36
Box: 47, 42, 36
Box: 12, 4, 4
Box: 38, 8, 36
Box: 115, 12, 36
Box: 36, 8, 5
Box: 17, 7, 4
Box: 67, 10, 36
Box: 4, 5, 11
Box: 34, 5, 13
Box: 47, 31, 36
Box: 5, 6, 3
Box: 7, 25, 36
Box: 9, 4, 13
Box: 16, 5, 36
Box: 57, 7, 36
Box: 9, 265, 21
Box: 54, 89, 6
Box: 11, 19, 36
Box: 11, 73, 25
Box: 6, 13, 36
Box: 28, 2, 8
Box: 43, 69, 36
Box: 198, 18, 36
Box: 4, 111, 36
Box: 48, 11, 36
Box: 28, 9, 14
Box: 9, 13, 36
Box: 6, 97, 8
Box: 16, 32, 12
Box: 5, 24, 36
Box: 14, 171, 36
Box: 5, 41, 36
Box: 6, 30, 36
Box: 69, 265, 36
Box: 62, 62, 9
Box: 198, 9, 36
Box: 48, 59, 9
Box: 4, 9, 5
Box: 24, 50, 14
Box: 2, 15, 36
Box: 16, 32, 6
Box: 18, 42, 3
Box: 16, 22, 9
Box: 5, 4, 28
Box: 14, 2, 36
Box: 6, 2, 36
Box: 6, 6, 36
Box: 12, 10, 36
Box: 53, 213, 36
Box: 32, 122, 8
Box: 48, 43, 36
Box: 12, 64, 36
Box: 14, 55, 7
Box: 9, 4, 36
Box: 13, 31, 9
Box: 19, 28, 36
Box: 158, 82, 36
Box: 14, 27, 6
Box: 23, 121, 36
Box: 18, 153, 36
Box: 40, 8, 2
Box: 72, 104, 2
Box: 34, 7, 6
Box: 8, 16, 36
Box: 83, 17, 36
Box: 10, 3, 12
Box: 8, 4, 3
Box: 8, 31, 3
Box: 4, 2, 5
Box: 62, 97, 8
Box: 21, 81, 4
Box: 3, 5, 5
Box: 19, 10, 5
Box: 3, 63, 36
Box: 110, 25, 2
Box: 11, 2, 36
Box: 5, 33, 36
Box: 4, 71, 36
Box: 14, 23, 36
Box: 26, 265, 36
Box: 13, 44, 36
Box: 76, 21, 2
Box: 30, 2, 36
Box: 15, 7, 4
Box: 2, 20, 36
Box: 10, 7, 36
Box: 37, 13, 2
Box: 11, 35, 21
Box: 62, 27, 36
Box: 77, 61, 4
Box: 20, 12, 36
Box: 28, 4, 18
Box: 18, 8, 14
Box: 10, 59, 36
Box: 5, 265, 14
Box: 12, 8, 5
Box: 13, 95, 36
Box: 2, 16, 36
Box: 12, 5, 12
Box: 12, 2, 36
Box: 14, 2, 5
Box: 13, 38, 36
Box: 40, 59, 36
Box: 16, 265, 36
Box: 15, 17, 4
Box: 11, 5, 36
Box: 8, 10, 36
Box: 4, 32, 5
Box: 14, 10, 36
Box: 18, 6, 36
Box: 8, 8, 5
Box: 37, 71, 36
Box: 198, 7, 36
Box: 4, 24, 11
Box: 76, 14, 16
Box: 8, 14, 3
Box: 82, 81, 17
Box: 10, 5, 9
Box: 198, 52, 3
Box: 22, 29, 36
Box: 24, 43, 36
Box: 8, 45, 8
Box: 6, 3, 3
Box: 66, 50, 36
Box: 2, 37, 12
Box: 7, 26, 2
Box: 11, 38, 36
Box: 95, 19, 4
Box: 14, 77, 4
Box: 11, 5, 19
Box: 23, 52, 36
Box: 60, 149, 36
Box: 93, 87, 36
Box: 5, 146, 36
Box: 4, 14, 6
Box: 10, 147, 10
Box: 83, 109, 36
Box: 38, 96, 36
Box: 28, 4, 2
Box: 4, 265, 36
Box: 58, 52, 9
Box: 11, 30, 36
Box: 105, 9, 36
Box: 5, 25, 7
Box: 75, 265, 36
Box: 11, 6, 36
Box: 8, 14, 2
Box: 198, 17, 36
Box: 83, 14, 11
Box: 3, 7, 2
Box: 4, 11, 3
Box: 58, 2, 9
Box: 28, 4, 36
Box: 25, 15, 36
Box: 198, 57, 36
Box: 87, 25, 36
Box: 43, 5, 8
Box: 198, 22, 2
Box: 3, 3, 2
Box: 54, 16, 36
Box: 198, 26, 7
Box: 49, 265, 12
Box: 7, 10, 36
Box: 3, 2, 30
Box: 13, 25, 2
Box: 48, 3, 36
Box: 8, 11, 3
Box: 46, 3, 36
Box: 81, 13, 6
Box: 3, 21, 36
Box: 28, 6, 36
Box: 12, 11, 36
Box: 2, 32, 27
Box: 3, 3, 6
Box: 51, 14, 36
Box: 7, 3, 36
Box: 7, 2, 5
Box: 15, 46, 3
Box: 41, 6, 36
Box: 69, 3, 12
Box: 2, 7, 3
Box: 28, 23, 7
Box: 19, 79, 36
Box: 20, 16, 21
Box: 11, 14, 7
Box: 17, 22, 36
Box: 42, 33, 5
Box: 95, 2, 4
Box: 39, 7, 36
Box: 23, 48, 10
Box: 5, 6, 7
Box: 3, 5, 36
Box: 9, 43, 36
Box: 74, 89, 2
Box: 22, 8, 36
Box: 29, 265, 36
Box: 27, 11, 3
Box: 4, 18, 2
Box: 13, 3, 6
Box: 70, 50, 36
Box: 4, 2, 8
Box: 198, 24, 5
Box: 6, 26, 36
Box: 5, 13, 2
Box: 68, 37, 36
Box: 26, 50, 36
Box: 28, 20, 36
Box: 74, 16, 36
Box: 4, 16, 9
Box: 11, 19, 2
Box: 5, 21, 36
Box: 20, 92, 3
Box: 2, 17, 8
Box: 143, 35, 36
Box: 58, 7, 10
Box: 8, 33, 9
Box: 5, 22, 6
Box: 2, 2, 7
Box: 39, 2, 36
Box: 6, 8, 2
Box: 5, 27, 36
Box: 91, 2, 36
Box: 26, 37, 10
Box: 2, 132, 36
Box: 8, 76, 36
Box: 54, 12, 36
Box: 55, 13, 36
Box: 141, 8, 36
Box: 33, 28, 36
Box: 53, 8, 9
Box: 15, 26, 36
Box: 21, 265, 36
Box: 28, 4, 17
Box: 7, 48, 2
Box: 8, 33, 3
Box: 16, 48, 36
Box: 6, 52, 36
Box: 12, 22, 7
Box: 2, 2, 11
Box: 11, 22, 36
Box: 6, 42, 36
Box: 10, 40, 10
Box: 28, 39, 11
Box: 11, 28, 3
Box: 32, 87, 12
Box: 38, 45, 28
Box: 5, 52, 11
Box: 99, 43, 36
Box: 10, 171, 36
Box: 16, 11, 3
Box: 2, 104, 10
Box: 21, 15, 36
Box: 7, 65, 36
Box: 3, 32, 8
Box: 11, 10, 7
Box: 11, 5, 13
Box: 8, 102, 36
Box: 3, 3, 36
Box: 38, 4, 3
Box: 5, 4, 36
Box: 42, 73, 5
Box: 137, 134, 36
Box: 29, 8, 4
Box: 27, 36, 36
Box: 198, 14, 36
Box: 30, 4, 20
Box: 3, 4, 5
Box: 3, 6, 31
Box: 11, 8, 36
Box: 62, 3, 36
Box: 14, 12, 4
Box: 4, 16, 36
Box: 47, 27, 36
Box: 19, 9, 36
Box: 10, 28, 7
Box: 2, 10, 6
Box: 48, 59, 6
Box: 10, 12, 36
Box: 3, 47, 36
Box: 54, 8, 5
Box: 4, 29, 17
Box: 10, 28, 2
Box: 13, 10, 36
Box: 4, 24, 36
Box: 54, 13, 18
Box: 5, 4, 11
Box: 22, 137, 36
Box: 7, 16, 11
Box: 198, 100, 36
Box: 198, 35, 36
Box: 36, 5, 36
Box: 3, 7, 36
Box: 57, 29, 36
Box: 3, 82, 13
Box: 91, 7, 36
Box: 17, 12, 15
Box: 3, 8, 4
Box: 3, 42, 36
Box: 28, 162, 7
Box: 69, 265, 36
Box: 27, 4, 36
Box: 28, 35, 21
Box: 4, 64, 3
Box: 30, 28, 36
Box: 24, 140, 2
Box: 8, 4, 3
Box: 10, 8, 36
Box: 33, 22, 36
Box: 14, 59, 3
Box: 12, 8, 36
Box: 17, 16, 11
Box: 46, 12, 8
Box: 6, 27, 36
Box: 20, 115, 36
Box: 113, 12, 28
Box: 3, 18, 8
Box: 2, 5, 36
Box: 10, 25, 36
Box: 26, 158, 4
Box: 45, 54, 36
Box: 136, 19, 36
Box: 5, 2, 5
Box: 34, 22, 3
Box: 10, 3, 15
Box: 56, 19, 2
Box: 74, 22, 13
Box: 31, 5, 36
Box: 198, 2, 36
Box: 27, 7, 2
Box: 5, 37, 36
Box: 40, 4, 12
Box: 22, 35, 36
Box: 26, 265, 36
Box: 22, 126, 36
Box: 101, 125, 36
Box: 42, 18, 36
Box: 42, 2, 36
Box: 3, 2, 36
Box: 8, 35, 3
Box: 13, 4, 4
Box: 7, 9, 4
Box: 26, 12, 8
Box: 29, 24, 36
Box: 28, 4, 5
Box: 50, 21, 36
Box: 56, 10, 36
Box: 13, 8, 4
Box: 3, 10, 36
Box: 51, 99, 36
Box: 7, 25, 36
Box: 3, 4, 11
Box: 3, 111, 36
Box: 4, 2, 36
Box: 29, 13, 12
Box: 35, 3, 36
Box: 17, 17, 36
Box: 198, 22, 36
Box: 14, 77, 4
Box: 14, 17, 36
Box: 181, 169, 36
Box: 11, 16, 29
Box: 11, 49, 29
Box: 15, 32, 2
Box: 28, 2, 36
Box: 2, 7, 34
Box: 62, 159, 36
Box: 14, 4, 36
Box: 35, 34, 36
Box: 38, 19, 36
Box: 40, 47, 8
Box: 37, 32, 4
Box: 11, 24, 8
Box: 2, 5, 6
Box: 12, 4, 30
Box: 5, 15, 11
Box: 87, 27, 36
Box: 5, 17, 36
Box: 2, 11, 9
Box: 14, 6, 36
Box: 2, 15, 13
Box: 3, 8, 36
Box: 41, 9, 13
Box: 20, 3, 25
Box: 7, 11, 36
Box: 12, 60, 24
Box: 198, 39, 28
Box: 10, 9, 14
Box: 51, 40, 36
Box: 26, 12, 28
Box: 20, 23, 36
Box: 5, 8, 11
Box: 14, 109, 36
Box: 15, 40, 17
Box: 53, 48, 36
Box: 39, 265, 36
Box: 25, 5, 36
Box: 4, 8, 16
Box: 4, 36, 36
Box: 180, 74, 36
Box: 5, 18, 11
Box: 13, 44, 36
Box: 2, 42, 36
Box: 2, 66, 36
Box: 4, 17, 2
Box: 7, 16, 36
Box: 41, 4, 3
Box: 13, 2, 9
Box: 26, 17, 36
Box: 12, 21, 36
Box: 3, 5, 5
Box: 45, 265, 36
Box: 43, 153, 36
Box: 15, 5, 36
Box: 51, 2, 6
Box: 5, 265, 5
Box: 23, 13, 5
Box: 3, 4, 5
Box: 31, 2, 36
Box: 8, 3, 11
Box: 23, 41, 4
Box: 3, 47, 36
Box: 23, 181, 30
Box: 20, 2, 36
Box: 42, 38, 2
Box: 3, 24, 36
Box: 198, 16, 6
Box: 19, 3, 7
Box: 6, 22, 36
Box: 119, 2, 36
Box: 14, 23, 23
Box: 17, 2, 18
Box: 4, 25, 11
Box: 12, 44, 36
Box: 5, 16, 30
Box: 9, 6, 11
Box: 2, 2, 36
Box: 31, 53, 36
Box: 3, 84, 36
Box: 198, 8, 36
Box: 20, 7, 13
Box: 13, 10, 36
Box: 12, 35, 15
Box: 49, 2, 36
Box: 23, 5, 9
Box: 33, 18, 36
Box: 10, 28, 2
Box: 29, 3, 6
Box: 108, 158, 9
Box: 60, 48, 36
Box: 27, 11, 36
Box: 13, 84, 25
Box: 4, 15, 11
Box: 11, 19, 7
Box: 27, 26, 4
Box: 198, 97, 36
Box: 10, 36, 36
Box: 124, 13, 36
Box: 2, 17, 26
Box: 55, 15, 36
Box: 37, 13, 3
Box: 24, 43, 36
Box: 14, 3, 10
Box: 116, 22, 4
Box: 15, 5, 36
Box: 6, 31, 5
Box: 16, 18, 36
Box: 198, 38, 36
Box: 58, 265, 3
Box: 198, 3, 36
Box: 36, 8, 10
Box: 3, 42, 36
Box: 2, 47, 36
Box: 2, 14, 36
Box: 8, 65, 36
Box: 30, 40, 36
Box: 61, 79, 36
Box: 198, 16, 27
Box: 42, 5, 3
Box: 8, 30, 36
Box: 2, 12, 3
Box: 16, 8, 16
Box: 44, 54, 36
Box: 3, 13, 12
Box: 11, 16, 36
Box: 25, 11, 36
Box: 23, 13, 36
Box: 4, 2, 36
Box: 3, 32, 36
Box: 198, 30, 6
Box: 15, 3, 36
Box: 54, 8, 12
Box: 52, 87, 36
Box: 13, 27, 2
Box: 15, 15, 3
Box: 7, 16, 36
Box: 48, 25, 36
Box: 3, 7, 8
Box: 15, 15, 36
Box: 46, 22, 36
Box: 12, 28, 36
Box: 88, 7, 36
Box: 5, 4, 8
Box: 4, 64, 8
Box: 7, 8, 36
Box: 71, 83, 9
Box: 3, 8, 36
Box: 5, 34, 28
Box: 5, 23, 6
Box: 4, 8, 5
Box: 55, 265, 36
Box: 22, 21, 36
Box: 28, 12, 7
Box: 30, 13, 6
Box: 4, 21, 6
Box: 34, 52, 4
Box: 26, 12, 36
Box: 49, 55, 36
Box: 2, 22, 6
Box: 54, 10, 36
Box: 2, 5, 36
Box: 18, 47, 36
Box: 24, 68, 10
Box: 4, 2, 8
Box: 36, 8, 2
Box: 33, 12, 2
Box: 11, 36, 14
Box: 2, 30, 3
Box: 5, 5, 36
Box: 27, 59, 7
Box: 15, 9, 9
Box: 42, 24, 36
Box: 14, 4, 4
Box: 87, 10, 36
Box: 9, 94, 36
Box: 7, 9, 13
Box: 2, 13, 36
Box: 13, 11, 36
Box: 2, 5, 6
Box: 31, 4, 17
Box: 26, 17, 28
Box: 4, 5, 36
Box: 78, 27, 4
Box: 14, 19, 36
Box: 24, 38, 36
Box: 10, 82, 36
Box: 17, 5, 36
Box: 4, 3, 7
Box: 13, 31, 10
Box: 142, 13, 36
Box: 19, 265, 36
Box: 58, 4, 36
Box: 62, 18, 36
Box: 42, 6, 36
Box: 6, 32, 36
Box: 24, 43, 36
Box: 4, 3, 11
Box: 6, 6, 36
Box: 58, 5, 3
Box: 89, 16, 36
Box: 17, 8, 2
Box: 17, 75, 36
Box: 28, 28, 36
Box: 21, 11, 3
Box: 10, 3, 11
Box: 11, 44, 36
Box: 198, 87, 36
Box: 75, 4, 36
Box: 143, 8, 36
Box: 75, 25, 22
Box: 54, 196, 36
Box: 2, 39, 7
Box: 127, 7, 36
Box: 12, 5, 5
Box: 33, 73, 36
Box: 40, 4, 36
Box: 11, 132, 9
Box: 2, 12, 10
Box: 7, 12, 10
Box: 3, 4, 36
Box: 2, 10, 2
Box: 87, 48, 7
Box: 70, 100, 36
Box: 3, 8, 4
Box: 14, 5, 36
Box: 141, 19, 36
Box: 22, 33, 36
Box: 41, 94, 36
Box: 6, 36, 4
Box: 18, 29, 2
Box: 13, 12, 5
Box: 9, 2, 36
Box: 3, 25, 12
Box: 42, 73, 8
Box: 198, 10, 36
Box: 3, 5, 17
Box: 25, 45, 36
Box: 55, 2, 36
Box: 10, 10, 6
Box: 30, 13, 3
Box: 11, 74, 36
Box: 198, 7, 36
Box: 28, 16, 36
Box: 51, 48, 36
Box: 3, 44, 6
Box: 128, 68, 36
Box: 15, 14, 36
Box: 46, 8, 36
Box: 11, 8, 16
Box: 16, 42, 36
Box: 7, 15, 36
Box: 45, 3, 6
Box: 198, 17, 6
Box: 14, 5, 36
Box: 100, 14, 36
Box: 17, 125, 14
Box: 18, 2, 36
Box: 58, 40, 36
Box: 17, 10, 36
Box: 2, 7, 2
Box: 26, 63, 36
Box: 23, 265, 36
Box: 198, 227, 36
Box: 5, 3, 10
Box: 198, 99, 36
Box: 198, 22, 36
Box: 15, 8, 36
Box: 62, 43, 36
Box: 30, 19, 22
Box: 28, 39, 36
Box: 198, 3, 26
Box: 34, 22, 7
Box: 23, 49, 36
Box: 75, 6, 36
Box: 12, 14, 36
Box: 20, 51, 14
Box: 67, 14, 36
Box: 198, 20, 6
Box: 16, 3, 36
Box: 24, 16, 36
Box: 3, 2, 4
Box: 7, 184, 36
Box: 18, 36, 36
Box: 6, 8, 21
Box: 10, 30, 36
Box: 73, 265, 36
Box: 5, 8, 36
Box: 82, 25, 36
Box: 48, 56, 36
Box: 24, 9, 4
Box: 2, 11, 36
Box: 8, 22, 36
Box: 9, 26, 36
Box: 33, 51, 17
Box: 58, 265, 6
Box: 31, 8, 36
Box: 17, 18, 18
Box: 7, 7, 36
Box: 198, 265, 23
Box: 141, 26, 36
Box: 18, 43, 36
Box: 33, 59, 36
Box: 14, 37, 4
Box: 46, 12, 3
Box: 11, 16, 7
Box: 2, 31, 32
Box: 18, 18, 7
Box: 18, 8, 36
Box: 7, 56, 36
Box: 13, 3, 36
Box: 23, 18, 28
Box: 7, 145, 4
Box: 25, 7, 36
Box: 6, 42, 36
Box: 18, 10, 36
Box: 33, 5, 36
Box: 5, 7, 11
Box: 7, 41, 36
Box: 65, 16, 11
Box: 22, 4, 36
Box: 5, 80, 36
Box: 4, 158, 4
Box: 3, 4, 3
Box: 10, 7, 12
Box: 84, 60, 25
Box: 15, 5, 32
Box: 4, 22, 3
Box: 5, 32, 7
Box: 198, 21, 36
Box: 198, 10, 36
Box: 131, 42, 15
Box: 32, 8, 36
Box: 9, 36, 36
Box: 133, 96, 28
Box: 198, 48, 13
Box: 44, 28, 36
Box: 25, 3, 7
Box: 47, 8, 36
Box: 16, 15, 36
Box: 2, 30, 20
Box: 16, 25, 36
Box: 33, 33, 17
Box: 4, 28, 36
Box: 198, 45, 12
Box: 22, 5, 5
Box: 26, 13, 5
Box: 4, 3, 7
Box: 55, 11, 36
Box: 21, 33, 5
Box: 198, 26, 4
Box: 31, 83, 36
Box: 198, 8, 25
Box: 23, 13, 7
Box: 4, 10, 36
Box: 30, 2, 36
Box: 70, 29, 36
Box: 16, 22, 8
Box: 25, 22, 3
Box: 54, 3, 36
Box: 16, 2, 17
Box: 4, 2, 2
Box: 67, 10, 36
Box: 3, 6, 3
Box: 27, 13, 18
Box: 11, 23, 15
Box: 54, 89, 18
Box: 49, 2, 36
Box: 7, 2, 7
Box: 101, 83, 36
Box: 26, 16, 36
Box: 51, 5, 36
Box: 54, 39, 25
Box: 3, 44, 36
Box: 20, 28, 12
Box: 90, 26, 36
Box: 40, 5, 9
Box: 13, 25, 36
Box: 3, 18, 5
Box: 4, 26, 2
Box: 7, 10, 36
Box: 198, 20, 36
Box: 29, 13, 36
Box: 30, 54, 36
Box: 198, 68, 36
Box: 2, 7, 36
Box: 77, 35, 36
Box: 198, 14, 36
Box: 38, 124, 36
Box: 91, 79, 7
Box: 7, 2, 2
Box: 3, 93, 3
Box: 70, 8, 36
Box: 30, 3, 16
Box: 3, 9, 7
Box: 58, 22, 36
Box: 4, 22, 36
Box: 3, 3, 36
Box: 2, 10, 36
Box: 13, 32, 36
Box: 8, 9, 36
Box: 62, 123, 7
Box: 198, 52, 36
Box: 9, 16, 36
Box: 7, 42, 36
Box: 35, 13, 36
Box: 4, 29, 11
Box: 27, 2, 9
Box: 3, 18, 8
Box: 198, 6, 36
Box: 2, 9, 7
Box: 60, 181, 30
Box: 16, 134, 36
Box: 33, 6, 36
Box: 177, 100, 36
Box: 3, 39, 7
Box: 83, 2, 36
Box: 7, 8, 36
Box: 66, 12, 10
Box: 198, 8, 7
Box: 18, 8, 16
Box: 26, 11, 36
Box: 38, 106, 36
Box: 15, 40, 3
Box: 6, 18, 36
Box: 5, 100, 36
Box: 2, 44, 36
Box: 4, 18, 36
Box: 74, 26, 36
Box: 37, 6, 14
Box: 55, 173, 36
Box: 50, 145, 36
Box: 12, 5, 7
Box: 13, 83, 31
Box: 28, 15, 36
Box: 8, 3, 11
Box: 3, 39, 7
Box: 3, 13, 36
Box: 72, 5, 36
Box: 4, 22, 2
Box: 7, 17, 36
Box: 19, 2, 9
Box: 55, 84, 36
Box: 48, 25, 36
Box: 3, 82, 11
Box: 5, 21, 36
Box: 198, 24, 27
Box: 62, 81, 36
Box: 170, 41, 36
Box: 24, 68, 3
Box: 7, 26, 15
Box: 82, 123, 19
Box: 125, 83, 36
Box: 29, 265, 36
Box: 25, 9, 36
Box: 6, 60, 36
Box: 4, 50, 36
Box: 198, 7, 2
Box: 42, 5, 5
Box: 28, 137, 36
Box: 41, 6, 36
Box: 10, 17, 12
Box: 5, 164, 12
Box: 108, 265, 36
Box: 5, 2, 2
Box: 32, 265, 36
Box: 45, 6, 36
Box: 24, 50, 12
Box: 10, 43, 36
Box: 5, 37, 7
Box: 11, 14, 36
Box: 34, 6, 36
Box: 72, 18, 36
Box: 78, 12, 36
Box: 16, 10, 36
Box: 5, 32, 9
Box: 62, 62, 6
Box: 13, 4, 36
Box: 198, 93, 15
Box: 28, 49, 36
Box: 4, 138, 20
Box: 20, 93, 11
Box: 2, 265, 15
Box: 11, 15, 13
Box: 198, 14, 36
Box: 8, 11, 36
Box: 9, 42, 8
Box: 198, 35, 36
Box: 44, 2, 25
Box: 2, 11, 6
Box: 23, 45, 4
Box: 4, 64, 15
Box: 11, 81, 36
Box: 5, 146, 2
Box: 12, 19, 36
Box: 198, 2, 6
Box: 15, 19, 36
Box: 14, 5, 7
Box: 12, 10, 36
Box: 37, 6, 22
Box: 27, 15, 36
Box: 3, 9, 9
Box: 28, 4, 7
Box: 19, 2, 36
Box: 3, 265, 36
Box: 11, 25, 7
Box: 28, 32, 28
Box: 198, 4, 36
Box: 26, 238, 36
Box: 4, 3, 7
Box: 57, 21, 36
Box: 3, 3, 7
Box: 2, 43, 9
Box: 10, 59, 36
Box: 17, 8, 36
Box: 14, 35, 36
Box: 3, 10, 16
Box: 198, 26, 36
Box: 11, 42, 36
Box: 4, 10, 36
Box: 59, 11, 3
Box: 39, 49, 7
Box: 198, 56, 36
Box: 12, 19, 18
Box: 15, 3, 23
Box: 22, 11, 9
Box: 198, 54, 36
Box: 141, 63, 36
Box: 56, 2, 36
Box: 2, 5, 8
Box: 15, 4, 36
Box: 11, 18, 2
Box: 4, 2, 5
Box: 5, 53, 7
Box: 2, 10, 4
Box: 4, 22, 13
Box: 62, 47, 36
Box: 19, 20, 36
Box: 12, 8, 36
Box: 65, 2, 36
Box: 3, 202, 36
Box: 198, 3, 36
Box: 198, 2, 13
Box: 4, 3, 11
Box: 53, 16, 36
Box: 27, 19, 36
Box: 71, 83, 18
Box: 11, 6, 36
Box: 12, 54, 36
Box: 41, 115, 17
Box: 13, 42, 6
Box: 9, 6, 5
Box: 110, 2, 34
Box: 11, 25, 11
Box: 12, 111, 36
Box: 37, 12, 5
Box: 9, 32, 36
Box: 11, 13, 36
Box: 11, 23, 8
Box: 6, 5, 36
Box: 56, 28, 36
Box: 11, 37, 13
Box: 172, 15, 36
Box: 42, 36, 36
Box: 122, 83, 36
Box: 7, 2, 36
Box: 25, 18, 36
Box: 13, 28, 36
Box: 16, 2, 36
Box: 56, 28, 36
Box: 11, 71, 36
Box: 11, 28, 36
Box: 10, 18, 28
Box: 58, 5, 11
Box: 32, 2, 36
Box: 35, 62, 36
Box: 14, 67, 36
Box: 32, 3, 36
Box: 3, 26, 2
Box: 17, 81, 4
Box: 20, 7, 34
Box: 4, 121, 13
Box: 91, 10, 36
Box: 18, 37, 36
Box: 42, 73, 11
Box: 5, 3, 2
Box: 33, 68, 16
Box: 4, 16, 11
Box: 165, 133, 3
Box: 5, 265, 34
Box: 83, 265, 13
Box: 14, 3, 36
Box: 14, 68, 16
Box: 20, 16, 36
Box: 127, 27, 36
Box: 53, 153, 24
Box: 10, 7, 36
Box: 85, 90, 36
Box: 29, 17, 36
Box: 16, 37, 36
Box: 4, 16, 36
Box: 2, 8, 12
Box: 4, 3, 36
Box: 87, 3, 36
Box: 2, 83, 3
Box: 25, 2, 10
Box: 26, 23, 36
Box: 34, 2, 36
Box: 3, 23, 12
Box: 9, 11, 36
Box: 24, 21, 36
Box: 6, 35, 36
Box: 8, 20, 3
Box: 13, 14, 14
Box: 10, 6, 36
Box: 44, 52, 24
Box: 44, 16, 36
Box: 28, 144, 36
Box: 17, 43, 25
Box: 13, 8, 6
Box: 11, 17, 36
Box: 10, 35, 21
Box: 4, 2, 2
Box: 29, 22, 36
Box: 3, 7, 8
Box: 75, 10, 36
Box: 5, 7, 2
Box: 16, 13, 36
Box: 7, 145, 13
Box: 29, 8, 36
Box: 31, 20, 36
Box: 13, 2, 7
Box: 41, 148, 36
Box: 5, 9, 6
Box: 37, 9, 8
Box: 6, 16, 18
Box: 23, 265, 36
Box: 18, 10, 20
Box: 26, 100, 3
Box: 8, 27, 36
Box: 4, 4, 36
Box: 47, 43, 8
Box: 15, 30, 6
Box: 9, 12, 5
Box: 7, 5, 17
Box: 59, 10, 36
Box: 70, 67, 36
Box: 6, 37, 36
Box: 198, 26, 36
Box: 19, 17, 2
Box: 198, 14, 36
Box: 51, 10, 3
Box: 105, 17, 36
Box: 23, 43, 26
Box: 54, 2, 36
Box: 56, 9, 36
Box: 5, 10, 10
Box: 26, 3, 5
Box: 6, 8, 36
Box: 3, 8, 30
Box: 58, 31, 36
Box: 10, 24, 36
Box: 89, 16, 21
Box: 7, 163, 36
Box: 9, 3, 36
Box: 3, 3, 3
Box: 14, 6, 5
Box: 14, 4, 9
Box: 10, 30, 15
Box: 2, 9, 9
Box: 41, 34, 36
Box: 27, 39, 2
Box: 198, 8, 2
Box: 5, 47, 36
Box: 5, 8, 36
Box: 31, 24, 36
Box: 8, 11, 4
Box: 18, 12, 2
Box: 6, 31, 18
Box: 198, 17, 36
Box: 3, 9, 8
Box: 14, 12, 6
Box: 50, 265, 21
Box: 198, 22, 5
Box: 2, 36, 36
Box: 165, 6, 36
Box: 12, 24, 36
Box: 15, 2, 36
Box: 76, 56, 16
Box: 58, 8, 36
Box: 19, 7, 36
Box: 14, 18, 17
Box: 9, 67, 13
Box: 20, 3, 36
Box: 3, 30, 4
Box: 33, 5, 36
Box: 198, 24, 36
Box: 3, 15, 36
Box: 16, 96, 28
Box: 3, 16, 36
Box: 72, 21, 5
Box: 5, 10, 7
Box: 3, 9, 11
Box: 75, 50, 36
Box: 47, 23, 36
Box: 10, 83, 36
Box: 74, 89, 21
Box: 10, 9, 22
Box: 20, 49, 36
Box: 10, 22, 36
Box: 30, 265, 13
Box: 5, 128, 36
Box: 5, 30, 36
Box: 53, 12, 3
Box: 5, 3, 36
Box: 60, 265, 36
Box: 15, 3, 7
Box: 16, 9, 34
Box: 76, 62, 5
Box: 6, 12, 36
Box: 19, 3, 22
Box: 6, 5, 3
Box: 83, 11, 36
Box: 4, 4, 11
Box: 4, 13, 10
Box: 27, 8, 36
Box: 3, 90, 36
Box: 24, 18, 2
Box: 41, 19, 36
Box: 33, 38, 28
Box: 18, 12, 9
Box: 54, 89, 4
Box: 198, 81, 2
Box: 3, 5, 36
Box: 21, 265, 6
Box: 30, 13, 9
Box: 2, 74, 36
Box: 6, 8, 8
Box: 198, 40, 36
Box: 8, 8, 3
Box: 12, 2, 5
Box: 50, 7, 36
Box: 66, 62, 36
Box: 24, 18, 36
Box: 46, 2, 36
Box: 3, 12, 8
Box: 14, 3, 36
Box: 6, 34, 36
Box: 33, 102, 4
Box: 7, 11, 36
Box: 3, 13, 36
Box: 11, 53, 36
Box: 49, 87, 14
Box: 2, 32, 9
Box: 12, 49, 36
Box: 6, 9, 36
Box: 42, 33, 36
Box: 5, 12, 11
Box: 18, 29, 8
Box: 10, 90, 22
Box: 53, 16, 2
Box: 74, 265, 15
Box: 16, 7, 36
Box: 9, 9, 2
Box: 47, 8, 36
Box: 30, 3, 10
Box: 20, 64, 36
Box: 4, 28, 16
Box: 4, 29, 36
Box: 28, 34, 36
Box: 42, 2, 36
Box: 198, 2, 2
Box: 5, 3, 3
Box: 15, 265, 36
Box: 8, 2, 36
Box: 22, 67, 36
Box: 46, 4, 36
Box: 122, 35, 36
Box: 8, 3, 36
Box: 42, 50, 36
Box: 4, 13, 6
Box: 5, 7, 36
Box: 4, 62, 8
Box: 14, 18, 6
Box: 30, 9, 36
Box: 43, 5, 28
Box: 48, 13, 36
Box: 15, 40, 8
Box: 54, 6, 36
Box: 5, 4, 4
Box: 82, 12, 36
Box: 19, 54, 36
Box: 31, 85, 36
Box: 198, 105, 36
Box: 16, 22, 2
Box: 41, 13, 36
Box: 32, 23, 36
Box: 17, 3, 36
Box: 8, 3, 36
Box: 51, 28, 13
Box: 2, 31, 36
Box: 8, 45, 13
Box: 27, 11, 25
Box: 27, 265, 36
Box: 12, 93, 36
Box: 6, 9, 36
Box: 3, 16, 36
Box: 15, 39, 9
Box: 48, 26, 15
Box: 198, 5, 6
Box: 7, 164, 12
Box: 11, 16, 36
Box: 12, 21, 36
Box: 40, 96, 36
Box: 15, 12, 36
Box: 13, 3, 8
Box: 15, 10, 36
Box: 11, 3, 3
Box: 30, 18, 36
Box: 116, 22, 4
Box: 6, 2, 36
Box: 4, 13, 30
Box: 131, 42, 12
Box: 21, 20, 36
Box: 45, 2, 9
Box: 3, 11, 31
Box: 6, 15, 36
Box: 122, 14, 36
Box: 110, 2, 7
Box: 15, 9, 3
Box: 18, 12, 9
Box: 198, 9, 36
Box: 47, 71, 3
Box: 45, 19, 36
Box: 11, 43, 5
Box: 13, 7, 36
Box: 42, 25, 36
Box: 5, 21, 36
Box: 3, 8, 36
Box: 45, 70, 36
Box: 2, 5, 36
Box: 33, 53, 36
Box: 11, 44, 16
Box: 2, 64, 5
Box: 40, 22, 36
Box: 5, 11, 36
Box: 188, 73, 36
Box: 22, 65, 36
Box: 84, 20, 36
Box: 6, 22, 36
Box: 11, 73, 4
Box: 10, 12, 28
Box: 12, 110, 36
Box: 25, 34, 30
Box: 35, 65, 36
Box: 4, 12, 28
Box: 42, 13, 36
Box: 198, 59, 36
Box: 25, 69, 6
Box: 62, 55, 36
Box: 3, 8, 36
Box: 44, 265, 36
Box: 14, 265, 36
Box: 6, 8, 9
Box: 198, 265, 4
Box: 8, 8, 36
Box: 5, 6, 8
Box: 12, 17, 36
Box: 4, 3, 21
Box: 23, 27, 36
Box: 10, 9, 11
Box: 7, 110, 36
Box: 147, 69, 36
Box: 40, 37, 8
Box: 99, 236, 36
Box: 27, 10, 6
Box: 9, 64, 36
Box: 21, 19, 36
Box: 126, 7, 14
Box: 3, 30, 36
Box: 18, 123, 36
Box: 21, 25, 36
Box: 21, 81, 12
Box: 20, 5, 25
Box: 37, 4, 36
Box: 91, 2, 36
Box: 42, 8, 36
Box: 68, 32, 5
Box: 95, 7, 3
Box: 23, 9, 36
Box: 19, 265, 36
Box: 4, 3, 6
Box: 5, 88, 36
Box: 137, 17, 36
Box: 68, 18, 36
Box: 198, 24, 36
Box: 31, 32, 8
Box: 3, 50, 7
Box: 3, 127, 36
Box: 33, 2, 8
Box: 18, 12, 36
Box: 33, 52, 36
Box: 19, 28, 36
Box: 51, 10, 17
Box: 37, 11, 36
Box: 11, 23, 2
Box: 33, 20, 36
Box: 198, 145, 36
Box: 5, 22, 3
Box: 4, 29, 9
Box: 5, 5, 36
Box: 198, 11, 36
Box: 18, 13, 13
Box: 53, 41, 15
Box: 3, 2, 36
Box: 15, 68, 3
Box: 42, 73, 10
Box: 9, 8, 3
Box: 5, 27, 2
Box: 3, 2, 7
Box: 69, 28, 3
Box: 7, 6, 8
Box: 5, 10, 10
Box: 29, 8, 2
Box: 3, 9, 36
Box: 37, 3, 7
Box: 5, 23, 36
Box: 26, 13, 36
Box: 3, 6, 36
Box: 50, 31, 36
Box: 15, 32, 4
Box: 33, 67, 13
Box: 198, 81, 36
Box: 21, 26, 36
Box: 49, 87, 8
Box: 198, 3, 10
Box: 198, 265, 6
Box: 12, 4, 2
Box: 6, 36, 2
Box: 6, 115, 36
Box: 6, 11, 36
Box: 23, 3, 11
Box: 11, 16, 11
Box: 35, 32, 36
Box: 3, 23, 8
Box: 7, 32, 36
Box: 56, 9, 36
Box: 198, 46, 36
Box: 98, 31, 36
Box: 62, 15, 4
Box: 11, 8, 2
Box: 11, 41, 15
Box: 14, 4, 36
Box: 17, 15, 31
Box: 5, 9, 2
Box: 39, 225, 11
Box: 59, 10, 36
Box: 25, 18, 36
Box: 37, 3, 36
Box: 50, 72, 14
Box: 4, 19, 8
Box: 22, 23, 36
Box: 78, 4, 4
Box: 11, 3, 7
Box: 11, 12, 15
Box: 3, 8, 36
Box: 53, 168, 36
Box: 19, 155, 5
Box: 98, 36, 36
Box: 11, 25, 36
Box: 18, 3, 7
Box: 10, 19, 11
Box: 23, 12, 36
Box: 38, 26, 36
Box: 6, 31, 36
Box: 7, 24, 8
Box: 8, 14, 11
Box: 21, 3, 6
Box: 15, 15, 3
Box: 21, 47, 8
Box: 36, 163, 36
Box: 20, 39, 29
Box: 25, 205, 36
Box: 2, 18, 36
Box: 3, 5, 4
Box: 198, 20, 36
Box: 7, 3, 36
Box: 65, 16, 36
Box: 8, 52, 36
Box: 5, 25, 2
Box: 11, 265, 8
Box: 4, 10, 15
Box: 14, 2, 36
Box: 8, 8, 36
Box: 3, 4, 3
Box: 45, 9, 23
Box: 26, 30, 5
Box: 21, 33, 13
Box: 122, 33, 36
Box: 42, 7, 5
Box: 4, 2, 7
Box: 10, 265, 36
Box: 11, 265, 36
Box: 89, 29, 36
Box: 14, 3, 9
Box: 25, 17, 10
Box: 3, 3, 7
Box: 21, 11, 6
Box: 9, 35, 36
Box: 34, 265, 36
Box: 8, 3, 6
Box: 6, 36, 5
Box: 70, 81, 36
Box: 21, 74, 36
Box: 198, 45, 36
Box: 45, 4, 36
Box: 2, 90, 36
Box: 49, 87, 3
Box: 82, 2, 17
Box: 5, 19, 7
Box: 2, 11, 6
Box: 5, 5, 36
Box: 16, 15, 9
Box: 5, 265, 36
Box: 22, 18, 36
Box: 4, 10, 11
Box: 2, 11, 36
Box: 198, 20, 36
Box: 19, 23, 36
Box: 8, 15, 36
Box: 17, 4, 36
Box: 27, 265, 21
Box: 2, 26, 2
Box: 8, 10, 36
Box: 4, 4, 15
Box: 46, 14, 36
Box: 2, 16, 6
Box: 45, 35, 36
Box: 27, 27, 9
Box: 4, 3, 11
Box: 18, 75, 36
Box: 16, 22, 36
Box: 34, 18, 36
Box: 5, 12, 36
Box: 3, 3, 10
Box: 31, 75, 36
Box: 51, 4, 13
Box: 7, 7, 36
Box: 62, 64, 7
Box: 110, 5, 34
Box: 68, 59, 11
Box: 2, 19, 12
Box: 128, 11, 36
Box: 17, 80, 8
Box: 2, 2, 36
Box: 45, 80, 36
Box: 76, 3, 36
Box: 33, 33, 36
Box: 39, 96, 36
Box: 47, 38, 28
Box: 188, 49, 36
Box: 4, 6, 3
Box: 67, 3, 36
Box: 184, 63, 36
Box: 54, 41, 15
Box: 99, 43, 36
Box: 23, 42, 36
Box: 11, 11, 3
Box: 17, 62, 36
Box: 84, 18, 36
Box: 6, 30, 6
Box: 4, 25, 36
Box: 51, 6, 6
Box: 10, 10, 36
Box: 7, 145, 6
Box: 3, 8, 36
Box: 2, 28, 36
Box: 3, 8, 4
Box: 31, 6, 36
Box: 198, 72, 36
Box: 90, 3, 36
Box: 198, 13, 36
Box: 9, 16, 36
Box: 5, 7, 10
Box: 69, 24, 36
Box: 2, 18, 36
Box: 19, 5, 36
Box: 54, 8, 12
Box: 7, 21, 11
Box: 18, 6, 7
Box: 10, 178, 36
Box: 122, 123, 36
Box: 5, 9, 18
Box: 7, 2, 9
Box: 13, 8, 4
Box: 58, 2, 36
Box: 6, 11, 36
Box: 3, 8, 12
Box: 17, 4, 18
Box: 10, 25, 36
Box: 12, 32, 36
Box: 58, 4, 36
Box: 116, 26, 36
Box: 5, 19, 36
Box: 22, 11, 36
Box: 198, 34, 36
Box: 56, 11, 36
Box: 8, 4, 3
Box: 12, 4, 36
Box: 27, 26, 8
Box: 27, 39, 3
Box: 13, 7, 36
Box: 198, 9, 36
Box: 58, 10, 8
Box: 21, 16, 36
Box: 33, 36, 36
Box: 38, 4, 36
Box: 39, 140, 2
Box: 13, 84, 4
Box: 35, 65, 17
Box: 2, 30, 36
Box: 26, 21, 8
Box: 5, 55, 36
Box: 89, 80, 36
Box: 12, 24, 36
Box: 9, 18, 36
Box: 101, 14, 36
Box: 22, 52, 11
Box: 15, 15, 3
Box: 198, 22, 10
Box: 40, 127, 36
Box: 31, 15, 24
Box: 9, 9, 2
Box: 3, 17, 3
Box: 21, 7, 36
Box: 36, 28, 36
Box: 20, 16, 36
Box: 5, 115, 11
Box: 198, 15, 36
Box: 59, 59, 36
Box: 38, 18, 36
Box: 6, 7, 11
Box: 3, 8, 3
Box: 67, 2, 36
Box: 11, 9, 29
Box: 14, 77, 2
Box: 5, 11, 30
Box: 198, 20, 36
Box: 17, 3, 36
Box: 10, 32, 36
Box: 74, 57, 36
Box: 31, 32, 14
Box: 7, 5, 36
Box: 58, 2, 36
Box: 6, 46, 4
Box: 7, 64, 36
Box: 14, 2, 7
Box: 10, 22, 6
Box: 73, 55, 36
Box: 47, 42, 36
Box: 75, 169, 36
Box: 5, 13, 36
Box: 7, 2, 36
Box: 26, 2, 36
Box: 12, 5, 2
Box: 51, 41, 28
Box: 18, 67, 13
Box: 13, 79, 36
Box: 2, 9, 7
Box: 33, 5, 36
Box: 54, 89, 3
Box: 198, 47, 36
Box: 68, 121, 36
Box: 31, 97, 8
Box: 3, 52, 10
Box: 5, 6, 36
Box: 13, 42, 4
Box: 4, 4, 36
Box: 17, 2, 6
Box: 3, 2, 36
Box: 9, 4, 3
Box: 20, 32, 9
Box: 15, 68, 24
Box: 14, 9, 7
Box: 21, 11, 19
Box: 47, 265, 36
Box: 4, 29, 10
Box: 33, 15, 36
Box: 13, 6, 3
Box: 58, 95, 9
Box: 50, 8, 36
Box: 3, 4, 36
Box: 65, 74, 36
Box: 102, 24, 25
Box: 26, 8, 28
Box: 19, 37, 36
Box: 31, 52, 36
Box: 4, 3, 17
Box: 24, 47, 36
Box: 6, 12, 36
Box: 2, 200, 36
Box: 3, 12, 3
Box: 56, 15, 36
Box: 6, 36, 2
Box: 24, 53, 4
Box: 9, 8, 36
Box: 63, 27, 36
Box: 3, 9, 8
Box: 23, 32, 36
Box: 45, 3, 36
Box: 17, 2, 4
Box: 30, 13, 7
Box: 198, 37, 36
Box: 51, 37, 5
Box: 91, 8, 36
Box: 28, 17, 6
Box: 11, 32, 36
Box: 42, 81, 15
Box: 11, 2, 36
Box: 30, 92, 36
Box: 5, 44, 15
Box: 31, 10, 17
Box: 42, 31, 36
Box: 112, 20, 36
Box: 43, 28, 36
Box: 3, 8, 36
Box: 7, 13, 30
Box: 70, 17, 36
Box: 67, 24, 36
Box: 8, 38, 28
Box: 95, 24, 36
Box: 10, 4, 36
Box: 6, 39, 36
Box: 17, 22, 13
Box: 116, 59, 36
Box: 4, 17, 4
Box: 25, 30, 36
Box: 2, 13, 36
Box: 77, 163, 36
Box: 198, 25, 36
Box: 11, 11, 4
Box: 12, 19, 32
Box: 3, 3, 12
Box: 20, 60, 36
Box: 9, 55, 36
Box: 41, 66, 36
Box: 4, 25, 15
Box: 87, 3, 13
Box: 65, 5, 36
Box: 28, 41, 11
Box: 3, 12, 36
Box: 84, 127, 36
Box: 24, 23, 5
Box: 5, 2, 7
Box: 12, 22, 8
Box: 34, 16, 36
Box: 6, 55, 9
Box: 68, 45, 4
Box: 75, 32, 36
Box: 31, 13, 6
Box: 19, 265, 36
Box: 9, 111, 36
Box: 46, 2, 15
Box: 49, 78, 10
Box: 42, 33, 36
Box: 58, 25, 36
Box: 9, 31, 3
Box: 13, 23, 36
Box: 97, 12, 36
Box: 17, 12, 36
Box: 6, 29, 3
Box: 3, 89, 36
Box: 13, 7, 36
Box: 10, 21, 36
Box: 112, 24, 36
Box: 7, 11, 6
Box: 18, 37, 36
Box: 30, 19, 14
Box: 3, 2, 8
Box: 6, 36, 23
Box: 7, 3, 10
Box: 58, 105, 36
Box: 4, 6, 2
Box: 5, 8, 16
Box: 43, 8, 36
Box: 4, 3, 11
Box: 6, 3, 12
Box: 128, 87, 11
Box: 82, 22, 36
Box: 12, 5, 8
Box: 5, 41, 36
Box: 87, 265, 36
Box: 13, 3, 2
Box: 47, 20, 9
Box: 28, 40, 3
Box: 7, 35, 17
Box: 53, 8, 12
Box: 177, 63, 14
Box: 45, 11, 36
Box: 23, 4, 5
Box: 15, 41, 21
Box: 11, 265, 36
Box: 195, 18, 36
Box: 3, 3, 7
Box: 198, 37, 25
Box: 4, 9, 9
Box: 2, 30, 7
Box: 36, 2, 36
Box: 3, 44, 21
Box: 25, 86, 8
Box: 29, 22, 12
Box: 115, 8, 36
Box: 26, 164, 20
Box: 27, 3, 36
Box: 18, 31, 36
Box: 24, 149, 4
Box: 10, 3, 17
Box: 9, 3, 36
Box: 14, 2, 36
Box: 42, 28, 36
Box: 58, 5, 5
Box: 3, 8, 2
Box: 21, 57, 36
Box: 8, 265, 36
Box: 198, 219, 5
Box: 4, 10, 18
Box: 19, 49, 36
Box: 37, 147, 36
Box: 58, 134, 36
Box: 11, 95, 8
Box: 31, 19, 36
Box: 60, 28, 36
Box: 12, 13, 36
Box: 141, 28, 9
Box: 17, 2, 8
Box: 2, 16, 36
Box: 5, 14, 36
Box: 33, 6, 8
Box: 5, 15, 10
Box: 39, 2, 36
Box: 49, 9, 36
Box: 5, 118, 2
Box: 15, 40, 8
Box: 57, 6, 36
Box: 90, 265, 36
Box: 58, 8, 9
Box: 74, 35, 36
Box: 198, 58, 33
Box: 50, 5, 36
Box: 27, 4, 2
Box: 3, 7, 36
Box: 26, 23, 2
Box: 12, 76, 36
Box: 20, 25, 36
Box: 45, 3, 5
Box: 10, 15, 16
Box: 2, 6, 3
Box: 4, 4, 36
Box: 28, 9, 36
Box: 7, 145, 3
Box: 2, 10, 5
Box: 31, 265, 36
Box: 21, 11, 36
Box: 99, 133, 3
Box: 53, 5, 36
Box: 13, 15, 36
Box: 14, 20, 36
Box: 89, 42, 36
Box: 18, 12, 8
Box: 17, 12, 36
Box: 4, 127, 36
Box: 5, 52, 36
Box: 52, 11, 36
Box: 4, 134, 36
Box: 45, 30, 3
Box: 110, 2, 6
Box: 80, 3, 6
Box: 7, 82, 36
Box: 69, 265, 36
Box: 198, 197, 6
Box: 8, 3, 36
Box: 58, 36, 4
Box: 21, 40, 36
Box: 14, 3, 7
Box: 73, 20, 36
Box: 14, 7, 24
Box: 2, 5, 9
Box: 2, 3, 6
Box: 5, 32, 36
Box: 176, 67, 36
Box: 30, 9, 36
Box: 12, 7, 4
Box: 18, 16, 5
Box: 6, 82, 36
Box: 2, 9, 9
Box: 2, 8, 36
Box: 58, 11, 36
Box: 10, 11, 11
Box: 5, 36, 10
Box: 19, 16, 36
Box: 15, 3, 36
Box: 38, 25, 36
Box: 5, 3, 5
Box: 43, 16, 14
Box: 18, 22, 36
Box: 15, 20, 21
Box: 198, 11, 36
Box: 45, 9, 16
Box: 198, 41, 2
Box: 69, 92, 36
Box: 32, 6, 8
Box: 10, 29, 28
Box: 11, 132, 3
Box: 128, 87, 7
Box: 25, 6, 36
Box: 7, 11, 6
Box: 27, 6, 36
Box: 5, 41, 4
Box: 17, 81, 36
Box: 26, 21, 9
Box: 66, 62, 10
Box: 21, 32, 36
Box: 2, 44, 36
Box: 18, 9, 36
Box: 3, 32, 36
Box: 101, 68, 36
Box: 198, 6, 36
Box: 13, 52, 12
Box: 82, 4, 17
Box: 9, 40, 36
Box: 6, 11, 2
Box: 2, 22, 12
Box: 56, 57, 36
Box: 3, 265, 36
Box: 3, 3, 36
Box: 11, 12, 10
Box: 13, 13, 36
Box: 4, 14, 6
Box: 3, 10, 36
Box: 5, 32, 2
Box: 5, 28, 2
Box: 5, 53, 11
Box: 6, 10, 36
Box: 11, 11, 3
Box: 18, 3, 26
Box: 5, 22, 6
Box: 5, 19, 36
Box: 12, 49, 36
Box: 46, 49, 9
Box: 122, 51, 36
Box: 3, 4, 12
Box: 13, 8, 36
Box: 7, 33, 36
Box: 3, 7, 36
Box: 42, 14, 36
Box: 5, 80, 5
Box: 145, 6, 36
Box: 3, 11, 36
Box: 13, 72, 36
Box: 10, 7, 22
Box: 5, 2, 8
Box: 198, 79, 36
Box: 26, 13, 28
Box: 20, 15, 11
Box: 23, 53, 36
Box: 3, 15, 36
Box: 7, 26, 6
Box: 28, 8, 36
Box: 18, 3, 36
Box: 72, 6, 36
Box: 2, 5, 11
Box: 198, 23, 25
Box: 5, 9, 36
Box: 3, 30, 14
Box: 5, 102, 2
Box: 4, 16, 6
Box: 58, 4, 9
Box: 58, 15, 8
Box: 22, 36, 36
Box: 19, 2, 36
Box: 35, 5, 36
Box: 66, 21, 36
Box: 65, 5, 36
Box: 47, 36, 36
Box: 13, 11, 36
Box: 63, 7, 36
Box: 4, 7, 12
Box: 5, 3, 31
Box: 93, 33, 25
Box: 18, 27, 7
Box: 9, 9, 2
Box: 12, 5, 4
Box: 2, 9, 16
Box: 45, 6, 36
Box: 14, 111, 36
Box: 86, 4, 36
Box: 41, 48, 36
Box: 39, 23, 36
Box: 15, 37, 36
Box: 79, 25, 36
Box: 75, 104, 36
Box: 16, 28, 36
Box: 57, 19, 36
Box: 26, 18, 36
Box: 6, 14, 36
Box: 34, 2, 36
Box: 8, 4, 3
Box: 3, 20, 36
Box: 10, 59, 17
Box: 41, 8, 3
Box: 10, 23, 36
Box: 4, 33, 36
Box: 35, 61, 36
Box: 5, 7, 11
Box: 39, 49, 10
Box: 23, 82, 2
Box: 3, 3, 5
Box: 18, 13, 2
Box: 143, 198, 36
Box: 40, 2, 36
Box: 198, 57, 36
Box: 198, 29, 4
Box: 33, 2, 36
Box: 3, 18, 31
Box: 111, 8, 3
Box: 42, 12, 36
Box: 5, 4, 10
Box: 18, 26, 7
Box: 198, 11, 30
Box: 126, 80, 9
Box: 43, 7, 36
Box: 4, 21, 36
Box: 5, 18, 8
Box: 22, 69, 36
Box: 13, 42, 8
Box: 6, 8, 36
Box: 198, 34, 9
Box: 24, 10, 2
Box: 33, 20, 36
Box: 141, 9, 3
Box: 37, 30, 36
Box: 33, 26, 18
Box: 5, 79, 36
Box: 198, 30, 36
Box: 3, 7, 36
Box: 8, 8, 36
Box: 8, 5, 4
Box: 21, 32, 36
Box: 5, 3, 6
Box: 13, 9, 8
Box: 31, 35, 36
Box: 13, 80, 36
Box: 35, 4, 36
Box: 52, 18, 36
Box: 37, 9, 4
Box: 46, 5, 36
Box: 3, 18, 8
Box: 15, 14, 11
Box: 14, 2, 7
Box: 28, 4, 3
Box: 22, 23, 36
Box: 11, 28, 36
Box: 33, 4, 36
Box: 33, 13, 36
Box: 22, 7, 36
Box: 95, 7, 7
Box: 18, 16, 7
Box: 12, 17, 36
Box: 14, 30, 36
Box: 84, 13, 3
Box: 12, 13, 12
Box: 28, 45, 36
Box: 3, 4, 12
Box: 20, 17, 25
Box: 11, 3, 36
Box: 113, 28, 12
Box: 4, 3, 8
Box: 43, 37, 11
Box: 45, 42, 36
Box: 2, 27, 7
Box: 147, 34, 36
Box: 29, 37, 11
Box: 48, 109, 15
Box: 75, 71, 36
Box: 8, 3, 15
Box: 9, 15, 36
Box: 14, 4, 7
Box: 2, 5, 13
Box: 9, 35, 21
Box: 23, 42, 3
Box: 18, 32, 36
Box: 26, 23, 36
Box: 36, 4, 36
Box: 40, 81, 36
Box: 9, 38, 28
Box: 4, 21, 11
Box: 28, 162, 3
Box: 11, 51, 10
Box: 4, 25, 10
Box: 11, 49, 2
Box: 198, 16, 36
Box: 8, 9, 4
Box: 58, 5, 36
Box: 10, 60, 25
Box: 22, 3, 7
Box: 31, 56, 36
Box: 74, 13, 36
Box: 5, 29, 14
Box: 52, 265, 11
Box: 3, 12, 36
Box: 5, 60, 7
Box: 86, 3, 12
Box: 12, 11, 36
Box: 31, 38, 17
Box: 18, 42, 4
Box: 14, 4, 4
Box: 13, 57, 36
Box: 4, 6, 11
Box: 42, 76, 36
Box: 26, 100, 5
Box: 82, 2, 9
Box: 198, 79, 36
Box: 4, 12, 36
Box: 76, 14, 5
Box: 22, 40, 36
Box: 18, 14, 34
Box: 17, 14, 36
Box: 33, 81, 36
Box: 44, 59, 36
Box: 9, 17, 2
Box: 15, 24, 36
Box: 2, 11, 2
Box: 85, 79, 36
Box: 131, 42, 2
Box: 198, 98, 36
Box: 15, 45, 28
Box: 5, 12, 36
Box: 4, 41, 36
Box: 198, 93, 12
Box: 13, 6, 13
Box: 5, 32, 5
Box: 43, 2, 36
Box: 41, 7, 36
Box: 39, 236, 36
Box: 102, 97, 13
Box: 49, 79, 36
Box: 59, 3, 36
Box: 12, 163, 36
Box: 17, 90, 36
Box: 10, 10, 2
Box: 11, 49, 2
Box: 198, 5, 8
Box: 47, 11, 36
Box: 101, 45, 36
Box: 22, 9, 36
Box: 43, 3, 36
Box: 15, 24, 36
Box: 19, 32, 36
Box: 58, 5, 4
Box: 10, 22, 3
Box: 122, 2, 36
Box: 3, 4, 8
Box: 44, 48, 6
Box: 6, 2, 7
Box: 27, 19, 2
Box: 18, 12, 8
Box: 5, 8, 36
Box: 6, 23, 36
Box: 25, 3, 10
Box: 56, 23, 36
Box: 72, 2, 36
Box: 13, 265, 36
Box: 3, 7, 5
Box: 26, 3, 5
Box: 25, 81, 29
Box: 91, 79, 29
Box: 4, 47, 36
Box: 73, 165, 11
Box: 155, 37, 36
Box: 109, 32, 36
Box: 16, 3, 36
Box: 18, 52, 36
Box: 31, 13, 18
Box: 4, 59, 36
Box: 55, 171, 36
Box: 14, 3, 10
Box: 2, 22, 8
Box: 13, 5, 36
Box: 24, 90, 36
Box: 20, 36, 36
Box: 71, 65, 36
Box: 12, 28, 30
Box: 12, 21, 36
Box: 17, 265, 36
Box: 73, 3, 36
Box: 27, 9, 36
Box: 28, 103, 5
Box: 6, 44, 36
Box: 16, 52, 36
Box: 5, 4, 2
Box: 15, 82, 4
Box: 15, 3, 6
Box: 90, 25, 36
Box: 2, 42, 9
Box: 37, 59, 36
Box: 3, 12, 2
Box: 3, 30, 2
Box: 12, 13, 36
Box: 198, 151, 36
Box: 198, 110, 36
Box: 21, 25, 6
Box: 28, 85, 4
Box: 16, 155, 31
Box: 46, 12, 5
Box: 27, 13, 24
Box: 5, 49, 30
Box: 198, 6, 36
Box: 8, 52, 12
Box: 43, 37, 36
Box: 6, 265, 8
Box: 67, 14, 7
Box: 2, 7, 36
Box: 8, 11, 3
Box: 133, 30, 12
Box: 3, 23, 36
Box: 98, 115, 36
Box: 88, 7, 34
Box: 15, 32, 2
Box: 94, 3, 7
Box: 29, 22, 36
Box: 3, 14, 36
Box: 45, 24, 36
Box: 51, 27, 36
Box: 198, 7, 6
Box: 2, 23, 36
Box: 165, 10, 18
Box: 198, 20, 36
Box: 14, 18, 36
Box: 198, 20, 36
Box: 4, 13, 3
Box: 11, 28, 7
Box: 2, 43, 36
Box: 18, 40, 36
Box: 7, 9, 13
Box: 46, 19, 36
Box: 10, 3, 6
Box: 107, 109, 36
Box: 55, 40, 27
Box: 3, 15, 18
Box: 146, 46, 36
Box: 3, 5, 7
Box: 44, 45, 36
Box: 26, 5, 36
Box: 4, 59, 36
Box: 7, 13, 6
Box: 6, 59, 7
Box: 3, 3, 36
Box: 21, 21, 2
Box: 5, 4, 14
Box: 38, 36, 36
Box: 2, 20, 36
Box: 34, 120, 36
Box: 49, 265, 15
Box: 42, 24, 5
Box: 6, 16, 5
Box: 81, 265, 36
Box: 2, 14, 36
Box: 7, 36, 36
Box: 66, 17, 36
Box: 32, 25, 36
Box: 10, 36, 36
Box: 12, 114, 36
Box: 12, 47, 12
Box: 13, 8, 17
Box: 14, 49, 36
Box: 25, 80, 26
Box: 34, 7, 30
Box: 7, 7, 36
Box: 5, 22, 7
Box: 198, 6, 36
Box: 85, 80, 36
Box: 9, 54, 36
Box: 3, 12, 36
Box: 47, 35, 36
Box: 198, 22, 36
Box: 4, 15, 11
Box: 3, 16, 36
Box: 13, 18, 36
Box: 56, 20, 36
Box: 10, 3, 7
Box: 26, 4, 36
Box: 198, 32, 9
Box: 14, 18, 7
Box: 198, 20, 36
Box: 19, 59, 36
Box: 4, 16, 36
Box: 42, 6, 36
Box: 68, 32, 4
Box: 21, 11, 13
Box: 5, 15, 9
Box: 70, 9, 36
Box: 34, 32, 36
Box: 109, 35, 14
Box: 16, 6, 36
Box: 27, 9, 36
Box: 2, 265, 36
Box: 23, 104, 36
Box: 5, 2, 8
Box: 17, 8, 36
Box: 12, 3, 5
Box: 58, 17, 9
Box: 54, 49, 36
Box: 33, 131, 36
Box: 20, 31, 25
Box: 5, 57, 10
Box: 3, 9, 29
Box: 47, 55, 36
Box: 16, 33, 25
Box: 2, 2, 8
Box: 66, 8, 36
Box: 3, 15, 36
Box: 198, 58, 3
Box: 198, 4, 27
Box: 40, 122, 36
Box: 6, 16, 36
Box: 4, 42, 9
Box: 4, 5, 36
Box: 5, 4, 11
Box: 112, 63, 36
Box: 48, 59, 3
Box: 59, 59, 36
Box: 79, 33, 36
Box: 12, 7, 36
Box: 11, 63, 18
Box: 19, 33, 36
Box: 30, 158, 6
Box: 154, 3, 7
Box: 10, 28, 2
Box: 31, 174, 36
Box: 7, 61, 4
Box: 64, 2, 36
Box: 4, 2, 11
Box: 23, 4, 9
Box: 14, 30, 36
Box: 13, 27, 10
Box: 43, 8, 36
Box: 8, 25, 36
Box: 31, 11, 25
Box: 16, 3, 36
Box: 3, 66, 36
Box: 19, 3, 6
Box: 6, 3, 36
Box: 3, 6, 3
Box: 40, 42, 36
Box: 198, 17, 25
Box: 198, 8, 36
Box: 25, 69, 6
Box: 13, 20, 36
Box: 62, 7, 36
Box: 198, 31, 36
Box: 198, 111, 36
Box: 176, 15, 36
Box: 94, 18, 36
Box: 4, 12, 6
Box: 62, 5, 36
Box: 5, 8, 3
Box: 4, 30, 8
Box: 47, 3, 22
Box: 4, 22, 3
Box: 8, 124, 36
Box: 17, 18, 36
Box: 58, 17, 36
Box: 7, 58, 5
Box: 13, 29, 14
Box: 167, 71, 14
Box: 56, 9, 36
Box: 145, 22, 36
Box: 6, 3, 36
Box: 7, 25, 36
Box: 74, 12, 28
Box: 10, 80, 8
Box: 2, 5, 9
Box: 16, 22, 6
Box: 58, 67, 10
Box: 4, 29, 36
Box: 24, 6, 2
Box: 18, 13, 21
Box: 38, 4, 5
Box: 3, 19, 36
Box: 27, 46, 36
Box: 21, 33, 18
Box: 89, 2, 36
Box: 3, 5, 5
Box: 28, 84, 36
Box: 10, 4, 12
Box: 3, 60, 36
Box: 16, 3, 36
Box: 62, 62, 6
Box: 11, 9, 7
Box: 18, 214, 36
Box: 27, 27, 4
Box: 3, 18, 36
Box: 14, 9, 15
Box: 18, 102, 36
Box: 54, 8, 4
Box: 25, 18, 36
Box: 8, 7, 36
Box: 45, 17, 36
Box: 106, 31, 36
Box: 57, 26, 36
Box: 198, 5, 36
Box: 9, 42, 4
Box: 23, 80, 36
Box: 44, 48, 9
Box: 12, 5, 6
Box: 16, 29, 36
Box: 8, 36, 36
Box: 79, 93, 3
Box: 35, 26, 18
Box: 49, 26, 36
Box: 29, 2, 36
Box: 4, 44, 36
Box: 15, 18, 5
Box: 198, 13, 7
Box: 15, 15, 2
Box: 10, 7, 36
Box: 3, 11, 36
Box: 14, 8, 36
Box: 2, 42, 9
Box: 27, 39, 2
Box: 2, 113, 36
Box: 10, 4, 36
Box: 41, 8, 36
Box: 11, 42, 36
Box: 42, 6, 36
Box: 11, 6, 2
Box: 19, 32, 36
Box: 12, 2, 36
Box: 41, 5, 36
Box: 38, 29, 23
Box: 27, 23, 4
Box: 10, 17, 36
Box: 91, 41, 28
Box: 177, 16, 36
Box: 58, 3, 36
Box: 6, 2, 36
Box: 6, 30, 36
Box: 37, 3, 3
Box: 33, 87, 2
Box: 102, 38, 13
Box: 58, 18, 9
Box: 198, 19, 36
Box: 198, 24, 13
Box: 62, 38, 7
Box: 29, 11, 36
Box: 8, 20, 36
Box: 32, 72, 36
Box: 4, 10, 7
Box: 8, 43, 8
Box: 4, 11, 7
Box: 26, 3, 2
Box: 22, 26, 18
Box: 30, 13, 13
Box: 5, 55, 36
Box: 58, 29, 9
Box: 4, 15, 7
Box: 10, 3, 11
Box: 10, 18, 36
Box: 198, 13, 36
Box: 11, 28, 36
Box: 31, 32, 14
Box: 4, 10, 5
Box: 189, 55, 36
Box: 4, 3, 9
Box: 198, 40, 36
Box: 38, 40, 36
Box: 11, 59, 10
Box: 30, 35, 36
Box: 198, 67, 36
Box: 48, 10, 36
Box: 2, 2, 2
Box: 7, 5, 36
Box: 198, 17, 2
Box: 24, 3, 36
Box: 76, 265, 11
Box: 8, 4, 14
Box: 8, 7, 36
Box: 2, 3, 25
Box: 9, 9, 21
Box: 28, 162, 9
Box: 29, 241, 36
Box: 15, 3, 4
Box: 10, 26, 36
Box: 22, 26, 36
Box: 11, 63, 9
Box: 28, 33, 18
Box: 10, 10, 5
Box: 56, 40, 14
Box: 47, 5, 36
Box: 18, 5, 36
Box: 145, 26, 3
Box: 25, 58, 2
Box: 14, 255, 36
Box: 16, 4, 3
Box: 12, 190, 36
Box: 4, 9, 11
Box: 29, 19, 36
Box: 42, 22, 36
Box: 122, 7, 36
Box: 13, 16, 36
Box: 44, 49, 36
Box: 31, 61, 4
Box: 30, 42, 15
Box: 198, 81, 36
Box: 9, 3, 36
Box: 2, 265, 36
Box: 54, 8, 2
Box: 10, 3, 36
Box: 19, 83, 36
Box: 4, 49, 36
Box: 7, 41, 36
Box: 48, 15, 15
Box: 2, 14, 3
Box: 61, 40, 36
Box: 128, 4, 36
Box: 5, 127, 36
Box: 7, 11, 25
Box: 8, 10, 9
Box: 115, 41, 36
Box: 14, 8, 16
Box: 198, 8, 36
Box: 27, 19, 8
Box: 198, 7, 36
Box: 51, 137, 36
Box: 198, 32, 27
Box: 8, 3, 2
Box: 33, 8, 36
Box: 31, 13, 4
Box: 39, 18, 36
Box: 19, 18, 5
Box: 13, 9, 36
Box: 45, 3, 36
Box: 43, 23, 36
Box: 14, 8, 36
Box: 5, 10, 36
Box: 28, 39, 8
Box: 5, 9, 6
Box: 198, 44, 36
Box: 102, 10, 13
Box: 15, 25, 9
Box: 6, 4, 36
Box: 57, 8, 36
Box: 3, 40, 36
Box: 16, 45, 36
Box: 3, 265, 36
Box: 25, 13, 36
Box: 4, 25, 6
Box: 56, 6, 36
Box: 37, 13, 27
Box: 22, 146, 36
Box: 19, 8, 36
Box: 3, 5, 7
Box: 59, 23, 36
Box: 33, 102, 11
Box: 3, 18, 36
Box: 28, 2, 18
Box: 15, 12, 24
Box: 33, 48, 36
Box: 27, 265, 33
Box: 14, 2, 36
Box: 4, 59, 36
Box: 3, 5, 9
Box: 3, 74, 2
Box: 12, 8, 36
Box: 9, 39, 36
Box: 37, 13, 4
Box: 9, 6, 7
Box: 3, 4, 36
Box: 188, 23, 36
Box: 21, 64, 36
Box: 2, 8, 17
Box: 2, 10, 2
Box: 2, 30, 36
Box: 38, 17, 5
Box: 10, 28, 36
Box: 26, 52, 29
Box: 3, 3, 7
Box: 198, 10, 36
Box: 35, 21, 36
Box: 18, 8, 9
Box: 15, 62, 8
Box: 198, 194, 36
Box: 14, 7, 6
Box: 3, 178, 36
Box: 49, 28, 36
Box: 42, 9, 5
Box: 13, 9, 36
Box: 32, 265, 36
Box: 27, 39, 11
Box: 12, 7, 5
Box: 24, 11, 36
Box: 16, 59, 14
Box: 22, 26, 36
Box: 19, 13, 3
Box: 53, 3, 36
Box: 4, 125, 36
Box: 36, 2, 36
Box: 4, 11, 11
Box: 3, 60, 4
Box: 42, 31, 36
Box: 4, 28, 13
Box: 39, 8, 2
Box: 33, 265, 36
Box: 27, 6, 24
Box: 10, 66, 36
Box: 12, 29, 36
Box: 36, 4, 36
Box: 3, 4, 36
Box: 32, 31, 12
Box: 2, 8, 2
Box: 198, 123, 36
Box: 34, 15, 36
Box: 12, 2, 36
Box: 12, 172, 36
Box: 58, 66, 36
Box: 88, 82, 36
Box: 85, 64, 36
Box: 3, 42, 36
Box: 21, 32, 36
Box: 21, 15, 9
Box: 89, 9, 36
Box: 4, 6, 36
Box: 36, 27, 36
Box: 4, 12, 8
Box: 66, 15, 36
Box: 15, 15, 6
Box: 28, 9, 20
Box: 40, 42, 2
Box: 15, 15, 36
Box: 15, 50, 36
Box: 11, 248, 36
Box: 9, 6, 4
Box: 7, 5, 36
Box: 2, 8, 36
Box: 24, 20, 36
Box: 33, 147, 14
Box: 109, 78, 36
Box: 33, 157, 36
Box: 5, 5, 36
Box: 26, 3, 2
Box: 54, 8, 9
Box: 21, 28, 36
Box: 8, 24, 36
Box: 4, 10, 36
Box: 14, 23, 7
Box: 23, 105, 36
Box: 27, 5, 2
Box: 16, 8, 16
Box: 48, 265, 36
Box: 131, 93, 36
Box: 34, 28, 36
Box: 34, 132, 36
Box: 38, 31, 36
Box: 6, 3, 6
Box: 45, 50, 36
Box: 46, 8, 15
Box: 26, 46, 36
Box: 7, 13, 14
Box: 35, 11, 13
Box: 5, 26, 11
Box: 30, 3, 6
Box: 198, 89, 36
Box: 14, 81, 36
Box: 88, 5, 36
Box: 35, 8, 36
Box: 4, 18, 17
Box: 30, 56, 36
Box: 198, 3, 36
Box: 4, 52, 4
Box: 2, 52, 13
Box: 11, 35, 36
Box: 2, 41, 4
Box: 8, 28, 3
Box: 14, 43, 8
Box: 11, 25, 2
Box: 25, 4, 9
Box: 21, 3, 9
Box: 5, 75, 10
Box: 11, 32, 36
Box: 198, 144, 36
Box: 32, 12, 36
Box: 31, 16, 36
Box: 6, 16, 8
Box: 37, 2, 36
Box: 143, 13, 36
Box: 18, 254, 11
Box: 27, 215, 36
Box: 22, 4, 36
Box: 5, 3, 36
Box: 55, 5, 36
Box: 13, 27, 5
Box: 15, 3, 36
Box: 198, 5, 36
Box: 8, 16, 11
Box: 14, 7, 7
Box: 28, 8, 7
Box: 95, 18, 4
Box: 18, 47, 36
Box: 55, 92, 36
Box: 5, 6, 8
Box: 6, 11, 36
Box: 7, 13, 8
Box: 44, 82, 36
Box: 7, 48, 2
Box: 84, 12, 36
Box: 57, 26, 36
Box: 198, 63, 13
Box: 21, 28, 36
Box: 78, 30, 6
Box: 21, 43, 28
Box: 10, 59, 7
Box: 44, 90, 36
Box: 15, 32, 26
Box: 10, 147, 36
Box: 181, 3, 36
Box: 8, 171, 36
Box: 12, 29, 36
Box: 198, 51, 36
Box: 2, 5, 8
Box: 2, 9, 36
Box: 143, 9, 36
Box: 26, 20, 5
Box: 37, 13, 18
Box: 12, 114, 36
Box: 10, 6, 36
Box: 198, 11, 36
Box: 2, 35, 36
Box: 3, 11, 36
Box: 198, 21, 36
Box: 20, 36, 36
Box: 12, 31, 36
Box: 22, 2, 36
Box: 16, 93, 3
Box: 13, 14, 13
Box: 45, 265, 36
Box: 5, 8, 8
Box: 33, 2, 36
Box: 3, 3, 11
Box: 29, 7, 2
Box: 5, 19, 7
Box: 44, 6, 36
Box: 62, 23, 36
Box: 45, 36, 36
Box: 17, 35, 36
Box: 7, 18, 36
Box: 4, 116, 36
Box: 14, 5, 5
Box: 57, 27, 36
Box: 10, 2, 7
Box: 14, 23, 36
Box: 13, 5, 36
Box: 115, 17, 14
Box: 4, 16, 11
Box: 44, 5, 36
Box: 198, 12, 36
Box: 16, 59, 36
Box: 46, 26, 36
Box: 3, 36, 36
Box: 13, 2, 6
Box: 12, 65, 36
Box: 23, 23, 36
Box: 4, 26, 36
Box: 13, 2, 2
Box: 51, 10, 7
Box: 10, 47, 36
Box: 7, 2, 17
Box: 170, 63, 36
Box: 34, 29, 6
Box: 7, 9, 36
Box: 123, 66, 17
Box: 4, 7, 36
Box: 141, 28, 6
Box: 73, 32, 36
Box: 24, 42, 36
Box: 42, 10, 36
Box: 67, 8, 22
Box: 2, 22, 36
Box: 18, 71, 14
Box: 80, 137, 36
Box: 34, 37, 36
Box: 20, 18, 2
Box: 14, 8, 36
Box: 13, 7, 14
Box: 21, 43, 8
Box: 4, 11, 19
Box: 19, 15, 36
Box: 84, 13, 3
Box: 81, 10, 36
Box: 2, 30, 2
Box: 8, 32, 4
Box: 20, 26, 3
Box: 27, 27, 8
Box: 8, 18, 2
Box: 2, 7, 2
Box: 6, 67, 13
Box: 2, 115, 36
Box: 198, 31, 36
Box: 5, 43, 9
Box: 13, 5, 36
Box: 25, 47, 36
Box: 12, 8, 36
Box: 44, 66, 36
Box: 57, 4, 36
Box: 33, 15, 36
Box: 7, 2, 36
Box: 75, 24, 36
Box: 4, 35, 36
Box: 23, 49, 3
Box: 49, 92, 3
Box: 14, 4, 36
Box: 18, 52, 7
Box: 25, 8, 2
Box: 15, 83, 36
Box: 198, 101, 36
Box: 29, 36, 36
Box: 4, 9, 4
Box: 29, 125, 36
Box: 37, 73, 15
Box: 30, 84, 15
Box: 34, 14, 36
Box: 2, 16, 3
Box: 25, 49, 36
Box: 42, 72, 36
Box: 16, 41, 36
Box: 53, 198, 36
Box: 198, 2, 36
Box: 15, 68, 5
Box: 42, 7, 11
Box: 12, 47, 22
Box: 12, 28, 4
Box: 9, 14, 36
Box: 37, 11, 36
Box: 46, 21, 36
Box: 89, 24, 36
Box: 198, 100, 36
Box: 18, 17, 6
Box: 15, 5, 10
Box: 6, 76, 36
Box: 6, 7, 36
Box: 26, 4, 8
Box: 66, 265, 36
Box: 12, 7, 7
Box: 13, 3, 2
Box: 53, 26, 3
Box: 12, 2, 3
Box: 59, 44, 36
Box: 24, 4, 7
Box: 62, 6, 36
Box: 3, 44, 9
Box: 3, 9, 2
Box: 58, 14, 10
Box: 44, 24, 36
Box: 25, 94, 8
Box: 27, 2, 10
Box: 7, 39, 9
Box: 7, 8, 5
Box: 2, 7, 11
Box: 103, 6, 36
Box: 14, 3, 6
Box: 40, 5, 2
Box: 198, 13, 8
Box: 5, 76, 11
Box: 9, 83, 7
Box: 40, 106, 36
Box: 5, 8, 11
Box: 42, 8, 5
Box: 35, 8, 36
Box: 3, 5, 2
Box: 8, 81, 36
Box: 10, 4, 11
Box: 12, 102, 36
Box: 74, 23, 36
Box: 17, 8, 3
Box: 27, 111, 36
Box: 116, 22, 11
Box: 5, 18, 36
Box: 22, 6, 36
Box: 55, 265, 36
Box: 65, 27, 36
Box: 52, 3, 10
Box: 2, 75, 36
Box: 2, 93, 3
Box: 23, 12, 36
Box: 67, 68, 7
Box: 3, 7, 4
Box: 32, 7, 2
Box: 8, 137, 36
Box: 65, 8, 36
Box: 4, 14, 36
Box: 2, 49, 36
Box: 45, 64, 36
Box: 47, 3, 2
Box: 198, 2, 2
Box: 14, 18, 17
Box: 19, 10, 8
Box: 21, 13, 2
Box: 4, 69, 36
Box: 25, 69, 36
Box: 13, 4, 36
Box: 4, 87, 36
Box: 28, 3, 18
Box: 4, 5, 5
Box: 6, 8, 16
Box: 5, 11, 36
Box: 165, 133, 13
Box: 33, 147, 11
Box: 10, 72, 36
Box: 100, 3, 36
Box: 4, 4, 6
Box: 5, 41, 4
Box: 198, 29, 36
Box: 104, 3, 36
Box: 198, 36, 36
Box: 8, 50, 36
Box: 12, 29, 36
Box: 77, 53, 36
Box: 198, 22, 2
Box: 5, 12, 7
Box: 47, 16, 36
Box: 140, 24, 36
Box: 4, 5, 2
Box: 42, 17, 36
Box: 3, 25, 36
Box: 73, 3, 10
Box: 56, 40, 2
Box: 4, 144, 13
Box: 5, 21, 6
Box: 40, 7, 36
Box: 198, 6, 36
Box: 113, 265, 36
Box: 24, 5, 8
Box: 13, 30, 3
Box: 5, 16, 6
Box: 198, 55, 36
Box: 16, 16, 36
Box: 198, 6, 6
Box: 9, 9, 9
Box: 20, 68, 16
Box: 2, 5, 3
Box: 5, 42, 9
Box: 48, 14, 15
Box: 11, 43, 4
Box: 46, 12, 15
Box: 6, 17, 36
Box: 5, 18, 36
Box: 198, 7, 36
Box: 3, 18, 17
Box: 5, 3, 10
Box: 56, 23, 36
Box: 18, 9, 7
Box: 10, 13, 30
Box: 5, 52, 12
Box: 56, 18, 36
Box: 10, 8, 36
Box: 5, 17, 7
Box: 5, 12, 36
Box: 8, 14, 3
Box: 16, 22, 7
Box: 10, 3, 11
Box: 49, 12, 10
Box: 58, 8, 36
Box: 14, 18, 2
Box: 4, 15, 36
Box: 16, 2, 17
Box: 15, 32, 36
Box: 16, 14, 36
Box: 19, 179, 36
Box: 8, 28, 36
Box: 90, 158, 9
Box: 5, 169, 36
Box: 51, 37, 4
Box: 49, 59, 36
Box: 19, 14, 36
Box: 26, 37, 16
Box: 4, 11, 5
Box: 127, 17, 36
Box: 47, 3, 5
Box: 31, 12, 36
Box: 3, 5, 7
Box: 14, 59, 18
Box: 177, 97, 3
Box: 3, 4, 8
Box: 11, 5, 36
Box: 5, 9, 16
Box: 4, 10, 36
Box: 3, 26, 36
Box: 14, 171, 36
Box: 5, 6, 6
Box: 4, 17, 10
Box: 53, 265, 4
Box: 3, 30, 10
Box: 58, 9, 3
Box: 17, 81, 7
Box: 198, 59, 36
Box: 15, 3, 3
Box: 23, 15, 36
Box: 8, 30, 7
Box: 6, 13, 8
Box: 2, 54, 3
Box: 9, 14, 36
Box: 198, 46, 36
Box: 26, 11, 36
Box: 60, 3, 36
Box: 3, 32, 36
Box: 12, 7, 4
Box: 4, 11, 3
Box: 21, 58, 36
Box: 58, 3, 9
Box: 89, 38, 36
Box: 15, 10, 9
Box: 7, 9, 11
Box: 158, 30, 28
Box: 198, 108, 36
Box: 66, 135, 36
Box: 11, 43, 25
Box: 7, 43, 36
Box: 62, 62, 7
Box: 5, 27, 9
Box: 115, 11, 36
Box: 76, 21, 4
Box: 3, 15, 7
Box: 31, 8, 17
Box: 18, 74, 36
Box: 4, 198, 36
Box: 14, 17, 36
Box: 46, 70, 36
Box: 10, 24, 11
Box: 12, 91, 36
Box: 35, 4, 36
Box: 73, 71, 10
Box: 17, 8, 10
Box: 21, 198, 36
Box: 111, 73, 36
Box: 16, 70, 36
Box: 83, 2, 36
Box: 10, 59, 9
Box: 58, 2, 36
Box: 24, 36, 36
Box: 4, 138, 3
Box: 25, 69, 5
Box: 5, 22, 11
Box: 4, 20, 36
Box: 2, 52, 11
Box: 8, 11, 36
Box: 91, 36, 36
Box: 15, 41, 36
Box: 134, 3, 36
Box: 38, 4, 17
Box: 25, 25, 5
Box: 46, 49, 12
Box: 4, 3, 8
Box: 3, 4, 5
Box: 27, 20, 11
Box: 46, 27, 36
Box: 12, 7, 3
Box: 26, 9, 19
Box: 2, 38, 25
Box: 25, 3, 36
Box: 13, 2, 3
Box: 198, 27, 36
Box: 69, 23, 36
Box: 10, 2, 36
Box: 16, 32, 5
Box: 8, 35, 36
Box: 13, 7, 36
Box: 12, 10, 6
Box: 10, 63, 11
Box: 47, 11, 36
Box: 9, 12, 15
Box: 198, 14, 2
Box: 6, 11, 3
Box: 60, 56, 36
Box: 3, 10, 36
Box: 10, 14, 3
Box: 41, 19, 36
Box: 23, 32, 36
Box: 67, 12, 7
Box: 198, 4, 36
Box: 15, 68, 2
Box: 11, 25, 4
Box: 11, 27, 7
Box: 26, 30, 5
Box: 4, 17, 9
Box: 6, 10, 8
Box: 198, 12, 36
Box: 5, 60, 30
Box: 58, 19, 36
Box: 68, 3, 36
Box: 166, 85, 36
Box: 8, 5, 36
Box: 64, 52, 11
Box: 7, 6, 36
Box: 4, 3, 13
Box: 12, 39, 36
Box: 27, 102, 13
Box: 4, 3, 36
Box: 5, 9, 7
Box: 8, 13, 36
Box: 54, 15, 36
Box: 51, 265, 36
Box: 2, 31, 36
Box: 117, 14, 36
Box: 16, 22, 28
Box: 5, 18, 5
Box: 9, 8, 3
Box: 20, 40, 13
Box: 135, 140, 2
Box: 25, 19, 36
Box: 56, 8, 36
Box: 74, 4, 36
Box: 103, 52, 4
Box: 94, 7, 36
Box: 3, 8, 36
Box: 2, 43, 36
Box: 16, 59, 6
Box: 26, 29, 14
Box: 46, 31, 36
Box: 24, 2, 36
Box: 19, 2, 36
Box: 24, 37, 11
Box: 7, 9, 8
Box: 3, 25, 36
Box: 87, 87, 2
Box: 19, 2, 2
Box: 23, 158, 4
Box: 2, 49, 25
Box: 33, 88, 36
Box: 51, 7, 36
Box: 7, 73, 36
Box: 7, 7, 8
Box: 7, 4, 36
Box: 4, 28, 2
Box: 3, 32, 36
Box: 113, 265, 36
Box: 23, 31, 36
Box: 7, 198, 36
Box: 4, 8, 36
Box: 198, 8, 36
Box: 29, 81, 36
Box: 8, 265, 36
Box: 9, 13, 36
Box: 33, 2, 36
Box: 26, 4, 2
Box: 16, 127, 36
Box: 188, 6, 36
Box: 36, 16, 11
Box: 48, 265, 36
Box: 7, 4, 11
Box: 81, 23, 36
Box: 4, 38, 2
Box: 29, 2, 36
Box: 11, 21, 19
Box: 36, 22, 36
Box: 15, 68, 36
Box: 27, 13, 2
Box: 18, 29, 4
Box: 17, 2, 36
Box: 17, 16, 36
Box: 3, 47, 36
Box: 3, 10, 3
Box: 2, 220, 36
Box: 105, 14, 36
Box: 62, 22, 36
Box: 14, 265, 36
Box: 15, 11, 36
Box: 4, 28, 26
Box: 2, 18, 36
Box: 48, 67, 6
Box: 28, 16, 36
Box: 10, 59, 5
Box: 12, 22, 4
Box: 41, 14, 36
Box: 31, 7, 36
Box: 3, 22, 19
Box: 12, 60, 12
Box: 14, 29, 4
Box: 138, 42, 36
Box: 14, 11, 36
Box: 9, 45, 36
Box: 2, 2, 25
Box: 7, 10, 6
Box: 2, 10, 3
Box: 9, 16, 36
Box: 7, 265, 36
Box: 53, 133, 3
Box: 40, 67, 13
Box: 9, 9, 6
Box: 198, 7, 31
Box: 99, 15, 36
Box: 198, 4, 9
Box: 13, 11, 25
Box: 33, 3, 36
Box: 18, 17, 26
Box: 27, 46, 17
Box: 54, 13, 30
Box: 3, 8, 36
Box: 17, 8, 17
Box: 89, 48, 36
Box: 26, 3, 4
Box: 16, 7, 36
Box: 23, 67, 3
Box: 28, 4, 36
Box: 7, 181, 36
Box: 3, 15, 11
Box: 5, 49, 36
Box: 13, 10, 36
Box: 8, 265, 36
Box: 2, 8, 2
Box: 40, 40, 36
Box: 22, 14, 36
Box: 133, 162, 36
Box: 36, 8, 6
Box: 21, 29, 3
Box: 10, 23, 28
Box: 43, 3, 10
Box: 12, 13, 36
Box: 2, 32, 4
Box: 87, 38, 36
Box: 6, 15, 36
Box: 83, 12, 36
Box: 10, 64, 36
Box: 4, 17, 3
Box: 16, 31, 36
Box: 29, 80, 36
Box: 27, 27, 4
Box: 5, 3, 7
Box: 4, 33, 4
Box: 7, 164, 12
Box: 2, 5, 36
Box: 74, 9, 7
Box: 15, 163, 36
Box: 54, 115, 36
Box: 6, 7, 36
Box: 142, 59, 36
Box: 11, 15, 36
Box: 198, 199, 17
Box: 24, 12, 36
Box: 43, 16, 22
Box: 5, 153, 36
Box: 35, 28, 36
Box: 9, 6, 36
Box: 13, 22, 36
Box: 35, 24, 36
Box: 26, 104, 36
Box: 12, 19, 4
Box: 17, 11, 36
Box: 15, 3, 10
Box: 198, 113, 36
Box: 5, 51, 14
Box: 7, 171, 36
Box: 28, 39, 7
Box: 5, 199, 5
Box: 18, 3, 4
Box: 2, 7, 2
Box: 41, 60, 36
Box: 64, 265, 36
Box: 101, 4, 36
Box: 27, 4, 36
Box: 198, 19, 36
Box: 52, 60, 25
Box: 6, 23, 8
Box: 78, 2, 36
Box: 16, 9, 2
Box: 15, 4, 3
Box: 5, 125, 36
Box: 14, 25, 7
Box: 90, 5, 12
Box: 198, 44, 36
Box: 3, 11, 36
Box: 45, 29, 36
Box: 32, 146, 36
Box: 97, 44, 36
Box: 25, 40, 9
Box: 4, 25, 6
Box: 4, 17, 13
Box: 141, 31, 36
Box: 87, 48, 2
Box: 9, 16, 36
Box: 21, 29, 25
Box: 7, 8, 36
Box: 12, 2, 25
Box: 12, 7, 14
Box: 10, 38, 28
Box: 2, 10, 7
Box: 18, 16, 3
Box: 5, 32, 12
Box: 2, 13, 36
Box: 30, 158, 2
Box: 4, 8, 8
Box: 143, 13, 18
Box: 48, 67, 15
Box: 19, 3, 36
Box: 9, 43, 36
Box: 198, 28, 36
Box: 4, 9, 36
Box: 13, 49, 36
Box: 11, 3, 36
Box: 2, 83, 3
Box: 10, 10, 3
Box: 4, 11, 9
Box: 198, 18, 19
Box: 6, 5, 36
Box: 8, 13, 12
Box: 5, 82, 36
Box: 85, 2, 36
Box: 34, 11, 36
Box: 198, 23, 36
Box: 6, 265, 36
Box: 28, 17, 36
Box: 18, 12, 7
Box: 96, 6, 36
Box: 2, 4, 25
Box: 42, 4, 13
Box: 77, 8, 7
Box: 2, 2, 36
Box: 29, 8, 4
Box: 93, 14, 36
Box: 133, 30, 6
Box: 74, 149, 36
Box: 68, 10, 12
Box: 21, 29, 14
Box: 8, 81, 36
Box: 17, 13, 36
Box: 94, 3, 36
Box: 18, 9, 36
Box: 129, 10, 32
Box: 16, 32, 10
Box: 13, 11, 36
Box: 35, 31, 36
Box: 5, 17, 36
Box: 22, 82, 36
Box: 7, 8, 16
Box: 2, 13, 12
Box: 4, 8, 36
Box: 21, 31, 36
Box: 8, 8, 4
Box: 73, 265, 36
Box: 20, 16, 36
Box: 68, 20, 12
Box: 66, 7, 36
Box: 2, 49, 36
Box: 7, 68, 36
Box: 32, 164, 4
Box: 128, 3, 36
Box: 45, 26, 36
Box: 14, 55, 10
Box: 11, 11, 36
Box: 83, 14, 18
Box: 67, 6, 7
Box: 67, 36, 7
Box: 74, 9, 29
Box: 12, 5, 3
Box: 8, 14, 36
Box: 19, 29, 36
Box: 7, 7, 10
Box: 55, 170, 36
Box: 49, 22, 13
Box: 10, 10, 11
Box: 72, 104, 22
Box: 69, 28, 12
Box: 4, 73, 11
Box: 10, 25, 36
Box: 5, 20, 8
Box: 18, 265, 36
Box: 2, 8, 36
Box: 5, 6, 4
Box: 105, 98, 36
Box: 68, 144, 36
Box: 10, 36, 36
Box: 3, 21, 2
Box: 3, 40, 31
Box: 5, 12, 15
Box: 164, 8, 11
Box: 198, 62, 2
Box: 172, 76, 36
Box: 34, 96, 28
Box: 14, 5, 36
Box: 49, 74, 36
Box: 56, 18, 36
Box: 6, 52, 36
Box: 2, 2, 2
Box: 5, 3, 10
Box: 48, 101, 15
Box: 73, 58, 10
Box: 2, 42, 9
Box: 36, 37, 36
Box: 2, 10, 15
Box: 24, 8, 36
Box: 13, 15, 36
Box: 5, 15, 8
Box: 54, 265, 36
Box: 3, 9, 7
Box: 16, 7, 12
Box: 26, 265, 11
Box: 10, 3, 36
Box: 58, 15, 8
Box: 44, 48, 2
Box: 31, 13, 7
Box: 2, 96, 12
Box: 3, 52, 26
Box: 12, 7, 2
Box: 27, 13, 3
Box: 6, 50, 15
Box: 10, 23, 36
Box: 4, 33, 6
Box: 3, 33, 36
Box: 5, 73, 36
Box: 198, 57, 36
Box: 27, 28, 5
Box: 37, 24, 25
Box: 61, 64, 36
Box: 12, 15, 36
Box: 8, 28, 36
Box: 4, 9, 3
Box: 2, 25, 36
Box: 74, 84, 36
Box: 4, 33, 36
Box: 54, 22, 13
Box: 51, 2, 7
Box: 87, 48, 13
Box: 2, 5, 36
Box: 10, 108, 36
Box: 38, 10, 4
Box: 21, 265, 5
Box: 25, 28, 36
Box: 3, 40, 5
Box: 36, 6, 36
Box: 7, 95, 36
Box: 2, 49, 11
Box: 4, 11, 2
Box: 18, 17, 36
Box: 90, 7, 36
Box: 31, 15, 27
Box: 67, 18, 36
Box: 177, 11, 36
Box: 26, 6, 36
Box: 15, 3, 12
Box: 23, 16, 13
Box: 15, 104, 36
Box: 6, 3, 36
Box: 101, 72, 36
Box: 16, 32, 8
Box: 14, 4, 5
Box: 3, 36, 36
Box: 35, 60, 36
Box: 54, 5, 2
Box: 24, 19, 31
Box: 15, 5, 36
Box: 23, 40, 5
Box: 58, 55, 36
Box: 27, 26, 22
Box: 4, 11, 8
Box: 18, 9, 36
Box: 24, 184, 36
Box: 4, 5, 36
Box: 8, 70, 34
Box: 3, 22, 11
Box: 5, 11, 2
Box: 5, 20, 28
Box: 3, 7, 36
Box: 15, 90, 36
Box: 5, 25, 36
Box: 5, 32, 4
Box: 34, 63, 36
Box: 8, 31, 36
Box: 30, 147, 10
Box: 4, 265, 36
Box: 5, 52, 36
Box: 12, 26, 18
Box: 5, 44, 36
Box: 3, 9, 19
Box: 33, 78, 8
Box: 11, 30, 7
Box: 6, 33, 36
Box: 17, 26, 36
Box: 51, 10, 5
Box: 42, 7, 21
Box: 24, 43, 4
Box: 18, 16, 36
Box: 52, 94, 36
Box: 26, 37, 3
Box: 37, 41, 36
Box: 4, 82, 36
Box: 41, 19, 36
Box: 14, 4, 4
Box: 23, 15, 36
Box: 3, 11, 2
Box: 33, 66, 36
Box: 28, 39, 2
Box: 10, 23, 36
Box: 32, 12, 12
Box: 2, 4, 12
Box: 30, 81, 36
Box: 13, 45, 36
Box: 6, 5, 36
Box: 6, 8, 36
Box: 43, 32, 36
Box: 198, 66, 36
Box: 15, 3, 10
Box: 5, 9, 7
Box: 17, 43, 5
Box: 16, 7, 5
Box: 2, 22, 13
Box: 6, 169, 36
Box: 100, 70, 36
Box: 9, 42, 4
Box: 91, 2, 36
Box: 8, 45, 7
Box: 19, 34, 36
Box: 47, 20, 27
Box: 115, 3, 36
Box: 150, 8, 17
Box: 123, 34, 36
Box: 198, 12, 36
Box: 21, 12, 10
Box: 24, 30, 36
Box: 29, 65, 36
Box: 2, 16, 8
Box: 4, 62, 8
Box: 198, 9, 36
Box: 44, 265, 11
Box: 9, 24, 36
Box: 17, 15, 2
Box: 91, 3, 36
Box: 12, 3, 36
Box: 27, 31, 36
Box: 12, 104, 36
Box: 198, 130, 36
Box: 36, 168, 36
Box: 10, 24, 36
Box: 2, 14, 11
Box: 58, 5, 7
Box: 54, 65, 36
Box: 13, 6, 6
Box: 35, 8, 36
Box: 6, 63, 36
Box: 12, 22, 10
Box: 12, 9, 36
Box: 35, 181, 30
Box: 5, 16, 8
Box: 133, 30, 5
Box: 38, 3, 36
Box: 26, 4, 36
Box: 60, 33, 25
Box: 3, 12, 36
Box: 10, 3, 4
Box: 58, 36, 7
Box: 28, 2, 36
Box: 7, 8, 2
Box: 4, 42, 36
Box: 38, 2, 36
Box: 15, 82, 14
Box: 4, 80, 36
Box: 2, 9, 3
Box: 3, 8, 5
Box: 27, 2, 11
Box: 12, 5, 5
Box: 36, 92, 3
Box: 45, 11, 36
Box: 198, 9, 36
Box: 31, 9, 36
Box: 24, 83, 36
Box: 8, 7, 36
Box: 6, 8, 6
Box: 48, 32, 2
Box: 3, 265, 7
Box: 2, 30, 20
Box: 14, 15, 36
Box: 177, 97, 4
Box: 198, 2, 36
Box: 198, 22, 25
Box: 58, 25, 36
Box: 170, 142, 36
Box: 15, 5, 2
Box: 53, 24, 36
Box: 14, 18, 4
Box: 4, 4, 10
Box: 4, 25, 7
Box: 28, 3, 18
Box: 3, 9, 36
Box: 3, 3, 2
Box: 27, 2, 7
Box: 14, 15, 4
Box: 3, 67, 13
Box: 4, 32, 4
Box: 58, 9, 3
Box: 58, 2, 36
Box: 12, 6, 36
Box: 3, 3, 36
Box: 23, 43, 10
Box: 13, 17, 7
Box: 22, 50, 36
Box: 7, 11, 6
Box: 74, 89, 13
Box: 33, 90, 36
Box: 2, 5, 36
Box: 3, 82, 6
Box: 114, 96, 36
Box: 8, 13, 36
Box: 198, 48, 36
Box: 40, 73, 28
Box: 97, 62, 36
Box: 40, 82, 36
Box: 32, 34, 12
Box: 4, 40, 36
Box: 22, 198, 36
Box: 28, 25, 18
Box: 77, 5, 36
Box: 41, 4, 6
Box: 12, 8, 36
Box: 11, 21, 6
Box: 4, 64, 36
Box: 11, 2, 36
Box: 113, 60, 36
Box: 4, 9, 7
Box: 89, 16, 2
Box: 39, 16, 36
Box: 7, 12, 22
Box: 2, 18, 2
Box: 5, 32, 8
Box: 4, 15, 36
Box: 59, 18, 20
Box: 8, 14, 36
Box: 9, 265, 36
Box: 20, 4, 36
Box: 62, 25, 36
Box: 8, 70, 2
Box: 37, 9, 5
Box: 4, 11, 36
Box: 10, 83, 3
Box: 53, 63, 24
Box: 12, 7, 4
Box: 29, 8, 3
Box: 13, 3, 7
Box: 10, 12, 36
Box: 21, 3, 27
Box: 198, 24, 23
Box: 90, 5, 11
Box: 2, 16, 8
Box: 33, 42, 36
Box: 40, 4, 2
Box: 43, 39, 36
Box: 4, 16, 27
Box: 87, 48, 14
Box: 12, 7, 36
Box: 5, 10, 36
Box: 5, 32, 15
Box: 49, 169, 36
Box: 3, 111, 36
Box: 8, 3, 4
Box: 4, 33, 26
Box: 2, 60, 36
Box: 53, 27, 36
Box: 27, 6, 5
Box: 13, 15, 36
Box: 79, 2, 36
Box: 24, 33, 36
Box: 6, 35, 21
Box: 14, 40, 27
Box: 11, 34, 12
Box: 23, 15, 36
Box: 7, 48, 8
Box: 13, 42, 18
Box: 198, 14, 36
Box: 58, 26, 36
Box: 56, 18, 36
Box: 14, 16, 36
Box: 8, 19, 36
Box: 48, 2, 15
Box: 137, 9, 36
Box: 41, 81, 36
Box: 26, 79, 36
Box: 5, 11, 36
Box: 56, 41, 36
Box: 3, 14, 7
Box: 56, 3, 6
Box: 5, 32, 9
Box: 23, 82, 22
Box: 198, 83, 4
Box: 59, 29, 14
Box: 198, 5, 36
Box: 6, 7, 36
Box: 3, 11, 6
Box: 18, 47, 36
Box: 97, 104, 36
Box: 108, 3, 36
Box: 2, 17, 12
Box: 7, 2, 36
Box: 38, 54, 36
Box: 15, 5, 5
Box: 6, 36, 36
Box: 91, 34, 36
Box: 56, 40, 5
Box: 30, 26, 4
Box: 22, 41, 36
Box: 34, 29, 10
Box: 11, 28, 2
Box: 39, 49, 6
Box: 5, 4, 11
Box: 16, 27, 6
Box: 198, 13, 2
Box: 27, 37, 36
Box: 31, 8, 36
Box: 3, 16, 6
Box: 22, 19, 36
Box: 27, 84, 36
Box: 9, 15, 36
Box: 80, 265, 36
Box: 11, 4, 36
Box: 12, 13, 36
Box: 198, 7, 36
Box: 54, 39, 6
Box: 29, 2, 36
Box: 31, 79, 36
Box: 3, 4, 5
Box: 3, 84, 36
Box: 39, 49, 2
Box: 5, 107, 36
Box: 17, 22, 36
Box: 4, 27, 7
Box: 2, 9, 7
Box: 13, 21, 36
Box: 7, 40, 36
Box: 4, 17, 8
Box: 12, 93, 36
Box: 14, 11, 36
Box: 6, 18, 36
Box: 2, 18, 36
Box: 47, 8, 36
Box: 58, 18, 36
Box: 11, 12, 16
Box: 7, 3, 36
Box: 94, 21, 36
Box: 8, 11, 36
Box: 33, 60, 36
Box: 20, 23, 25
Box: 20, 14, 25
Box: 4, 2, 2
Box: 76, 4, 36
Box: 20, 9, 3
Box: 11, 5, 4
Box: 4, 13, 15
Box: 100, 44, 36
Box: 4, 265, 36
Box: 198, 19, 36
Box: 14, 3, 2
Box: 6, 3, 36
Box: 56, 30, 36
Box: 15, 18, 6
Box: 23, 62, 36
Box: 5, 9, 36
Box: 7, 93, 3
Box: 66, 4, 36
Box: 198, 38, 36
Box: 22, 65, 36
Box: 5, 28, 36
Box: 40, 4, 2
Box: 4, 27, 7
Box: 9, 29, 36
Box: 8, 25, 36
Box: 19, 52, 36
Box: 76, 43, 36
Box: 14, 7, 3
Box: 21, 13, 30
Box: 12, 2, 36
Box: 58, 14, 10
Box: 40, 55, 34
Box: 198, 34, 36
Box: 24, 153, 36
Box: 110, 2, 34
Box: 198, 30, 36
Box: 51, 3, 4
Box: 16, 31, 36
Box: 19, 3, 14
Box: 30, 13, 2
Box: 141, 4, 3
Box: 2, 10, 36
Box: 5, 76, 36
Box: 75, 8, 36
Box: 59, 18, 7
Box: 24, 31, 36
Box: 14, 2, 36
Box: 21, 11, 6
Box: 5, 32, 13
Box: 44, 4, 36
Box: 11, 23, 5
Box: 3, 7, 9
Box: 130, 100, 36
Box: 26, 5, 36
Box: 4, 6, 2
Box: 143, 225, 11
Box: 128, 87, 7
Box: 10, 46, 5
Box: 8, 2, 36
Box: 19, 11, 36
Box: 5, 12, 10
Box: 5, 7, 36
Box: 198, 17, 36
Box: 48, 32, 36
Box: 58, 7, 36
Box: 95, 3, 36
Box: 4, 32, 8
Box: 75, 17, 36
Box: 33, 102, 4
Box: 29, 8, 23
Box: 26, 23, 28
Box: 2, 40, 5
Box: 11, 11, 3
Box: 14, 3, 2
Box: 16, 39, 7
Box: 73, 32, 36
Box: 27, 2, 10
Box: 2, 83, 7
Box: 4, 32, 7
Box: 43, 24, 36
Box: 10, 11, 24
Box: 13, 8, 11
Box: 51, 3, 3
Box: 23, 41, 36
Box: 143, 42, 36
Box: 55, 12, 36
Box: 16, 15, 12
Box: 3, 13, 13
Box: 15, 8, 5
Box: 11, 28, 4
Box: 42, 15, 6
Box: 3, 13, 7
Box: 3, 16, 8
Box: 57, 31, 36
Box: 12, 107, 36
Box: 16, 16, 13
Box: 198, 52, 7
Box: 17, 125, 22
Box: 8, 60, 36
Box: 13, 5, 36
Box: 4, 29, 36
Box: 3, 15, 24
Box: 29, 2, 36
Box: 37, 24, 25
Box: 51, 41, 8
Box: 4, 15, 2
Box: 4, 39, 7
Box: 4, 84, 36
Box: 42, 5, 4
Box: 10, 11, 12
Box: 110, 7, 34
Box: 19, 123, 36
Box: 170, 52, 36
Box: 33, 12, 36
Box: 41, 35, 36
Box: 63, 102, 36
Box: 8, 102, 13
Box: 18, 7, 36
Box: 130, 6, 36
Box: 198, 7, 27
Box: 56, 40, 6
Box: 12, 14, 36
Box: 10, 69, 36
Box: 13, 41, 36
Box: 12, 8, 26
Box: 7, 30, 36
Box: 2, 7, 3
Box: 21, 76, 36
Box: 91, 41, 36
Box: 10, 2, 36
Box: 3, 43, 9
Box: 15, 37, 36
Box: 25, 12, 10
Box: 24, 11, 3
Box: 23, 13, 18
Box: 27, 2, 36
Box: 13, 27, 4
Box: 27, 59, 36
Box: 26, 21, 3
Box: 26, 3, 17
Box: 13, 28, 14
Box: 26, 3, 6
Box: 42, 33, 36
Box: 2, 7, 2
Box: 3, 21, 3
Box: 14, 17, 3
Box: 8, 8, 36
Box: 7, 31, 36
Box: 3, 21, 6
Box: 198, 33, 36
Box: 9, 4, 6
Box: 24, 50, 10
Box: 28, 45, 3
Box: 15, 61, 8
Box: 40, 30, 36
Box: 11, 28, 12
Box: 74, 10, 4
Box: 5, 6, 10
Box: 2, 30, 16
Box: 56, 4, 30
Box: 33, 10, 12
Box: 54, 9, 36
Box: 10, 7, 36
Box: 16, 9, 15
Box: 6, 64, 36
Box: 17, 3, 36
Box: 10, 235, 15
Box: 5, 11, 36
Box: 70, 82, 36
Box: 4, 17, 6
Box: 13, 5, 36
Box: 6, 55, 18
Box: 34, 52, 36
Box: 35, 20, 36
Box: 80, 31, 36
Box: 198, 9, 6
Box: 26, 5, 36
Box: 56, 9, 36
Box: 3, 265, 5
Box: 33, 4, 36
Box: 10, 3, 36
Box: 198, 8, 13
Box: 62, 6, 7
Box: 4, 111, 36
Box: 22, 8, 36
Box: 34, 141, 36
Box: 27, 33, 36
Box: 31, 25, 36
Box: 15, 3, 13
Box: 26, 41, 8
Box: 10, 28, 10
Box: 7, 3, 36
Box: 9, 3, 36
Box: 8, 164, 12
Box: 25, 11, 2
Box: 12, 15, 36
Box: 4, 6, 36
Box: 8, 19, 2
Box: 18, 21, 36
Box: 198, 99, 36
Box: 198, 17, 36
Box: 23, 27, 36
Box: 4, 5, 36
Box: 16, 51, 36
Box: 98, 102, 36
Box: 47, 29, 14
Box: 48, 2, 36
Box: 3, 2, 36
Box: 31, 35, 36
Box: 12, 13, 3
Box: 2, 45, 36
Box: 69, 23, 36
Box: 4, 43, 36
Box: 31, 9, 36
Box: 4, 13, 36
Box: 165, 133, 9
Box: 52, 25, 14
Box: 75, 10, 36
Box: 4, 19, 2
Box: 198, 56, 36
Box: 59, 146, 36
Box: 8, 265, 36
Box: 56, 53, 36
Box: 18, 4, 36
Box: 28, 22, 36
Box: 102, 77, 36
Box: 15, 15, 3
Box: 16, 16, 13
Box: 71, 74, 36
Box: 55, 32, 36
Box: 10, 28, 12
Box: 2, 11, 9
Box: 3, 5, 36
Box: 57, 125, 36
Box: 57, 2, 36
Box: 31, 50, 36
Box: 15, 68, 10
Box: 198, 47, 36
Box: 22, 66, 4
Box: 6, 6, 3
Box: 4, 4, 36
Box: 2, 59, 36
Box: 2, 21, 36
Box: 8, 26, 2
Box: 198, 82, 36
Box: 4, 47, 8
Box: 79, 67, 36
Box: 17, 8, 4
Box: 4, 58, 36
Box: 15, 5, 5
Box: 13, 65, 36
Box: 2, 4, 36
Box: 198, 18, 36
Box: 26, 11, 36
Box: 26, 49, 36
Box: 7, 2, 12
Box: 18, 3, 36
Box: 27, 24, 6
Box: 12, 35, 36
Box: 45, 9, 11
Box: 9, 30, 6
Box: 19, 45, 36
Box: 4, 11, 8
Box: 8, 22, 3
Box: 3, 74, 8
Box: 5, 8, 36
Box: 91, 3, 36
Box: 15, 32, 2
Box: 5, 55, 36
Box: 8, 147, 36
Box: 38, 29, 13
Box: 150, 9, 13
Box: 4, 16, 11
Box: 4, 11, 36
Box: 120, 7, 36
Box: 75, 4, 36
Box: 2, 5, 4
Box: 8, 5, 3
Box: 11, 11, 7
Box: 198, 258, 36
Box: 23, 48, 36
Box: 5, 32, 3
Box: 198, 202, 36
Box: 89, 34, 36
Box: 76, 97, 5
Box: 11, 49, 3
Box: 72, 21, 36
Box: 17, 81, 19
Box: 36, 8, 13
Box: 41, 21, 36
Box: 8, 18, 36
Box: 13, 18, 36
Box: 18, 12, 9
Box: 26, 4, 9
Box: 9, 5, 3
Box: 13, 2, 8
Box: 62, 19, 36
Box: 41, 18, 36
Box: 8, 13, 18
Box: 23, 13, 2
Box: 39, 49, 36
Box: 83, 14, 36
Box: 6, 17, 36
Box: 22, 6, 36
Box: 41, 43, 36
Box: 23, 13, 2
Box: 21, 52, 36
Box: 23, 158, 14
Box: 45, 3, 36
Box: 38, 88, 36
Box: 32, 36, 8
Box: 50, 4, 36
Box: 45, 18, 36
Box: 100, 10, 36
Box: 50, 103, 36
Box: 20, 40, 5
Box: 24, 43, 36
Box: 7, 8, 36
Box: 7, 32, 8
Box: 10, 14, 33
Box: 39, 249, 36
Box: 12, 28, 2
Box: 84, 265, 36
Box: 5, 18, 5
Box: 7, 7, 36
Box: 3, 6, 3
Box: 6, 250, 36
Box: 64, 94, 36
Box: 26, 83, 5
Box: 50, 15, 36
Box: 71, 27, 36
Box: 13, 68, 5
Box: 25, 3, 6
Box: 17, 4, 36
Box: 16, 7, 36
Box: 5, 11, 7
Box: 20, 40, 2
Box: 3, 51, 36
Box: 49, 124, 10
Box: 12, 37, 7
Box: 8, 3, 3
Box: 78, 12, 4
Box: 5, 3, 5
Box: 11, 10, 19
Box: 23, 160, 36
Box: 56, 25, 36
Box: 10, 265, 16
Box: 36, 67, 13
Box: 51, 2, 7
Box: 15, 17, 36
Box: 198, 3, 36
Box: 93, 36, 16
Box: 62, 43, 36
Box: 66, 61, 36
Box: 9, 120, 36
Box: 3, 3, 31
Box: 27, 2, 9
Box: 11, 23, 36
Box: 8, 3, 36
Box: 47, 39, 36
Box: 198, 125, 36
Box: 2, 8, 36
Box: 4, 4, 14
Box: 11, 28, 8
Box: 25, 31, 36
Box: 19, 2, 9
Box: 7, 3, 10
Box: 3, 65, 36
Box: 28, 23, 36
Box: 14, 6, 6
Box: 27, 46, 6
Box: 25, 3, 11
Box: 25, 82, 36
Box: 30, 13, 36
Box: 19, 154, 36
Box: 15, 3, 13
Box: 12, 4, 36
Box: 83, 16, 36
Box: 12, 22, 36
Box: 35, 12, 2
Box: 13, 7, 36
Box: 100, 4, 36
Box: 4, 7, 7
Box: 3, 28, 36
Box: 26, 14, 36
Box: 26, 23, 6
Box: 18, 12, 26
Box: 4, 64, 36
Box: 33, 7, 8
Box: 23, 50, 36
Box: 27, 21, 36
Box: 40, 49, 36
Box: 3, 26, 2
Box: 3, 39, 36
Box: 14, 9, 14
Box: 67, 68, 6
Box: 2, 50, 36
Box: 6, 5, 9
Box: 32, 93, 3
Box: 11, 12, 28
Box: 12, 15, 36
Box: 101, 17, 36
Box: 37, 61, 21
Box: 37, 265, 36
Box: 50, 60, 36
Box: 45, 30, 9
Box: 10, 59, 5
Box: 3, 42, 9
Box: 2, 30, 4
Box: 14, 19, 6
Box: 25, 80, 4
Box: 6, 41, 36
Box: 27, 265, 3
Box: 3, 57, 36
Box: 13, 18, 8
Box: 5, 62, 36
Box: 198, 35, 36
Box: 10, 7, 36
Box: 58, 5, 36
Box: 51, 37, 12
Box: 5, 23, 22
Box: 25, 4, 36
Box: 165, 6, 36
Box: 2, 15, 36
Box: 5, 2, 10
Box: 13, 35, 3
Box: 69, 28, 8
Box: 5, 4, 2
Box: 5, 265, 36
Box: 26, 34, 36
Box: 11, 8, 36
Box: 38, 51, 10
Box: 3, 74, 4
Box: 62, 4, 36
Box: 143, 22, 36
Box: 17, 43, 6
Box: 23, 265, 4
Box: 36, 265, 36
Box: 10, 265, 36
Box: 58, 4, 36
Box: 147, 147, 36
Box: 2, 5, 3
Box: 47, 32, 5
Box: 52, 265, 36
Box: 54, 46, 4
Box: 171, 146, 36
Box: 4, 8, 36
Box: 2, 2, 36
Box: 12, 67, 36
Box: 85, 52, 36
Box: 36, 68, 36
Box: 25, 37, 36
Box: 198, 164, 36
Box: 3, 19, 3
Box: 27, 26, 4
Box: 46, 102, 13
Box: 28, 20, 36
Box: 18, 4, 36
Box: 14, 7, 4
Box: 4, 188, 36
Box: 16, 44, 36
Box: 36, 2, 36
Box: 56, 2, 36
Box: 7, 11, 36
Box: 22, 2, 36
Box: 121, 6, 36
Box: 25, 19, 30
Box: 5, 6, 7
Box: 15, 17, 6
Box: 78, 41, 4
Box: 6, 13, 8
Box: 198, 16, 11
Box: 51, 10, 4
Box: 7, 20, 17
Box: 40, 16, 36
Box: 198, 265, 8
Box: 6, 17, 18
Box: 34, 11, 36
Box: 80, 181, 30
Box: 19, 265, 36
Box: 7, 15, 9
Box: 141, 28, 6
Box: 45, 17, 36
Box: 53, 49, 24
Box: 28, 2, 18
Box: 198, 5, 36
Box: 11, 74, 36
Box: 97, 8, 36
Box: 23, 22, 31
Box: 24, 3, 36
Box: 58, 13, 36
Box: 11, 43, 2
Box: 4, 171, 36
Box: 20, 69, 36
Box: 59, 35, 36
Box: 57, 13, 36
Box: 22, 139, 36
Box: 16, 22, 4
Box: 4, 29, 36
Box: 2, 10, 36
Box: 8, 28, 12
Box: 170, 84, 36
Box: 14, 18, 4
Box: 4, 23, 36
Box: 16, 27, 30
Box: 41, 26, 18
Box: 10, 11, 36
Box: 51, 2, 3
Box: 23, 33, 36
Box: 68, 206, 11
Box: 12, 47, 24
Box: 32, 28, 36
Box: 158, 5, 28
Box: 32, 15, 25
Box: 11, 13, 8
Box: 11, 63, 7
Box: 16, 7, 36
Box: 23, 11, 25
Box: 14, 4, 14
Box: 24, 15, 36
Box: 9, 9, 12
Box: 10, 19, 8
Box: 74, 13, 21
Box: 33, 90, 28
Box: 72, 104, 6
Box: 18, 17, 2
Box: 9, 21, 36
Box: 128, 4, 9
Box: 198, 99, 36
Box: 21, 265, 10
Box: 5, 3, 2
Box: 198, 55, 36
Box: 15, 35, 4
Box: 143, 10, 36
Box: 81, 265, 36
Box: 9, 155, 5
Box: 53, 6, 36
Box: 14, 55, 13
Box: 37, 43, 36
Box: 198, 11, 33
Box: 3, 46, 36
Box: 14, 89, 36
Box: 65, 71, 36
Box: 12, 32, 36
Box: 30, 18, 36
Box: 2, 5, 2
Box: 8, 5, 36
Box: 22, 43, 36
Box: 9, 4, 6
Box: 54, 39, 5
Box: 73, 51, 14
Box: 18, 16, 10
Box: 62, 27, 36
Box: 31, 62, 36
Box: 11, 16, 36
Box: 62, 265, 36
Box: 25, 132, 30
Box: 30, 59, 36
Box: 103, 51, 36
Box: 10, 19, 6
Box: 38, 36, 36
Box: 18, 5, 36
Box: 11, 43, 17
Box: 18, 136, 36
Box: 48, 19, 2
Box: 49, 38, 36
Box: 3, 69, 36
Box: 198, 39, 36
Box: 45, 9, 6
Box: 17, 7, 2
Box: 4, 28, 36
Box: 14, 9, 13
Box: 53, 8, 9
Box: 33, 18, 17
Box: 133, 30, 2
Box: 8, 8, 2
Box: 6, 26, 18
Box: 21, 10, 36
Box: 59, 117, 36
Box: 198, 34, 36
Box: 62, 7, 36
Box: 5, 146, 4
Box: 65, 114, 36
Box: 13, 2, 36
Box: 33, 2, 5
Box: 4, 21, 5
Box: 27, 46, 8
Box: 4, 10, 7
Box: 5, 9, 12
Box: 7, 7, 26
Box: 3, 13, 16
Box: 11, 5, 36
Box: 58, 84, 10
Box: 28, 103, 4
Box: 8, 59, 36
Box: 21, 40, 20
Box: 9, 32, 36
Box: 46, 11, 9
Box: 41, 11, 36
Box: 5, 12, 36
Box: 27, 85, 36
Box: 22, 5, 36
Box: 198, 104, 36
Box: 11, 25, 9
Box: 6, 5, 9
Box: 85, 76, 36
Box: 9, 31, 16
Box: 116, 22, 4
Box: 47, 26, 36
Box: 18, 7, 36
Box: 4, 15, 8
Box: 56, 7, 36
Box: 12, 41, 36
Box: 13, 8, 17
Box: 7, 21, 36
Box: 3, 3, 4
Box: 7, 11, 3
Box: 31, 14, 36
Box: 50, 62, 36
Box: 10, 16, 36
Box: 8, 232, 36
Box: 5, 6, 3
Box: 7, 16, 6
Box: 22, 14, 36
Box: 6, 28, 36
Box: 31, 13, 5
Box: 4, 25, 5
Box: 4, 8, 7
Box: 2, 5, 36
Box: 3, 17, 36
Box: 8, 16, 36
Box: 2, 25, 36
Box: 36, 37, 36
Box: 104, 213, 36
Box: 40, 24, 6
Box: 7, 8, 7
Box: 6, 6, 36
Box: 136, 265, 36
Box: 48, 82, 36
Box: 5, 16, 7
Box: 8, 40, 36
Box: 37, 109, 36
Box: 10, 10, 9
Box: 15, 13, 9
Box: 5, 6, 2
Box: 10, 38, 28
Box: 67, 83, 36
Box: 30, 158, 4
Box: 4, 15, 7
Box: 29, 7, 36
Box: 40, 13, 8
Box: 85, 18, 17
Box: 7, 9, 8
Box: 13, 12, 36
Box: 3, 21, 6
Box: 88, 8, 36
Box: 3, 10, 36
Box: 5, 5, 2
Box: 53, 24, 36
Box: 18, 17, 36
Box: 8, 3, 36
Box: 20, 32, 21
Box: 56, 4, 6
Box: 6, 11, 36
Box: 34, 4, 36
Box: 16, 55, 36
Box: 5, 15, 8
Box: 23, 15, 13
Box: 130, 32, 36
Box: 5, 32, 4
Box: 8, 26, 36
Box: 4, 53, 36
Box: 18, 14, 7
Box: 44, 3, 36
Box: 141, 19, 36
Box: 25, 16, 36
Box: 6, 76, 36
Box: 36, 3, 36
Box: 49, 87, 5
Box: 12, 17, 26
Box: 45, 4, 36
Box: 7, 26, 10
Box: 18, 4, 36
Box: 53, 22, 36
Box: 2, 16, 4
Box: 7, 3, 10
Box: 41, 40, 36
Box: 11, 203, 36
Box: 16, 11, 3
Box: 28, 12, 36
Box: 7, 16, 36
Box: 3, 4, 33
Box: 24, 12, 36
Box: 198, 51, 36
Box: 141, 100, 36
Box: 17, 25, 36
Box: 165, 37, 36
Box: 20, 15, 36
Box: 140, 93, 36
Box: 30, 3, 20
Box: 18, 9, 36
Box: 18, 10, 9
Box: 35, 85, 36
Box: 198, 3, 2
Box: 4, 28, 36
Box: 141, 15, 3
Box: 23, 124, 36
Box: 4, 23, 36
Box: 26, 18, 36
Box: 25, 38, 8
Box: 14, 81, 36
Box: 2, 2, 25
Box: 65, 92, 3
Box: 4, 31, 2
Box: 13, 111, 36
Box: 17, 2, 2
Box: 18, 42, 11
Box: 10, 2, 12
Box: 56, 19, 34
Box: 110, 2, 13
Box: 17, 2, 9
Box: 35, 43, 36
Box: 3, 265, 20
Box: 28, 45, 3
Box: 126, 50, 36
Box: 8, 143, 36
Box: 7, 145, 5
Box: 24, 35, 36
Box: 176, 8, 36
Box: 3, 3, 2
Box: 3, 74, 11
Box: 27, 127, 36
Box: 4, 5, 36
Box: 198, 109, 36
Box: 39, 49, 2
Box: 2, 3, 11
Box: 2, 97, 8
Box: 3, 4, 3
Box: 31, 4, 36
Box: 3, 6, 36
Box: 24, 4, 31
Box: 8, 22, 8
Box: 5, 10, 6
Box: 4, 38, 36
Box: 30, 62, 8
Box: 10, 12, 11
Box: 66, 39, 36
Box: 10, 106, 22
Box: 18, 6, 7
Box: 49, 87, 4
Box: 10, 25, 36
Box: 73, 30, 11
Box: 46, 11, 27
Box: 4, 265, 36
Box: 198, 2, 36
Box: 8, 13, 12
Box: 8, 12, 36
Box: 13, 265, 21
Box: 9, 170, 36
Box: 27, 53, 36
Box: 10, 3, 4
Box: 11, 25, 3
Box: 6, 76, 36
Box: 115, 78, 36
Box: 59, 20, 36
Box: 3, 76, 31
Box: 14, 29, 36
Box: 25, 92, 3
Box: 58, 5, 9
Box: 8, 14, 5
Box: 13, 8, 3
Box: 18, 5, 36
Box: 7, 13, 36
Box: 3, 5, 36
Box: 10, 7, 11
Box: 26, 35, 36
Box: 5, 44, 36
Box: 3, 8, 2
Box: 14, 36, 36
Box: 45, 41, 36
Box: 13, 4, 36
Box: 6, 2, 8
Box: 33, 9, 36
Box: 38, 34, 36
Box: 48, 59, 9
Box: 4, 6, 3
Box: 9, 12, 3
Box: 2, 10, 4
Box: 2, 22, 36
Box: 4, 9, 8
Box: 7, 265, 36
Box: 34, 50, 36
Box: 3, 8, 3
Box: 116, 22, 8
Box: 61, 67, 36
Box: 4, 38, 36
Box: 37, 11, 36
Box: 11, 22, 36
Box: 22, 15, 36
Box: 3, 14, 4
Box: 26, 164, 16
Box: 99, 265, 21
Box: 18, 5, 36
Box: 13, 8, 36
Box: 3, 5, 3
Box: 46, 265, 36
Box: 89, 54, 36
Box: 31, 13, 14
Box: 4, 20, 11
Box: 8, 18, 36
Box: 9, 125, 36
Box: 4, 4, 36
Box: 3, 29, 36
Box: 36, 265, 36
Box: 19, 2, 3
Box: 10, 28, 8
Box: 9, 230, 36
Box: 4, 20, 2
Box: 17, 10, 36
Box: 25, 22, 9
Box: 78, 44, 4
Box: 198, 7, 2
Box: 6, 3, 12
Box: 62, 65, 36
Box: 198, 91, 36
Box: 83, 265, 36
Box: 6, 4, 36
Box: 13, 8, 9
Box: 18, 7, 36
Box: 12, 3, 36
Box: 165, 133, 8
Box: 25, 3, 36
Box: 8, 7, 4
Box: 71, 83, 9
Box: 54, 42, 36
Box: 27, 2, 11
Box: 41, 59, 36
Box: 58, 225, 8
Box: 93, 36, 20
Box: 5, 6, 10
Box: 9, 111, 36
Box: 12, 11, 36
Box: 51, 14, 6
Box: 55, 6, 36
Box: 83, 9, 36
Box: 6, 23, 36
Box: 8, 9, 36
Box: 3, 13, 12
Box: 33, 2, 3
Box: 24, 36, 36
Box: 20, 11, 36
Box: 46, 8, 36
Box: 20, 5, 36
Box: 3, 15, 11
Box: 45, 28, 36
Box: 3, 4, 3
Box: 33, 4, 36
Box: 5, 155, 2
Box: 98, 265, 15
Box: 45, 199, 36
Box: 40, 18, 36
Box: 95, 2, 4
Box: 40, 60, 30
Box: 9, 29, 5
Box: 89, 41, 36
Box: 18, 8, 9
Box: 8, 20, 36
Box: 44, 13, 30
Box: 58, 99, 36
Box: 56, 2, 36
Box: 34, 29, 20
Box: 30, 13, 21
Box: 64, 50, 36
Box: 198, 257, 36
Box: 51, 2, 3
Box: 5, 39, 9
Box: 25, 81, 5
Box: 4, 11, 10
Box: 198, 6, 2
Box: 3, 29, 14
Box: 10, 16, 36
Box: 3, 5, 36
Box: 56, 40, 4
Box: 18, 3, 9
Box: 7, 2, 5
Box: 77, 102, 36
Box: 5, 6, 15
Box: 198, 163, 36
Box: 5, 22, 9
Box: 131, 68, 36
Box: 3, 21, 28
Box: 76, 5, 36
Box: 13, 25, 34
Box: 10, 83, 11
Box: 16, 59, 3
Box: 58, 24, 10
Box: 198, 101, 36
Box: 82, 89, 36
Box: 198, 52, 5
Box: 31, 12, 36
Box: 8, 51, 14
Box: 9, 111, 36
Box: 31, 17, 36
Box: 14, 37, 11
Box: 2, 104, 10
Box: 62, 4, 36
Box: 5, 56, 36
Box: 42, 73, 2
Box: 33, 265, 36
Box: 7, 48, 9
Box: 3, 25, 36
Box: 3, 6, 3
Box: 14, 77, 24
Box: 2, 31, 36
Box: 12, 10, 36
Box: 12, 8, 10
Box: 35, 50, 36
Box: 73, 70, 11
Box: 3, 4, 12
Box: 89, 35, 14
Box: 23, 13, 11
Box: 198, 7, 3
Box: 2, 10, 6
Box: 53, 8, 6
Box: 7, 41, 15
Box: 19, 10, 14
Box: 90, 7, 36
Box: 4, 71, 36
Box: 20, 15, 13
Box: 7, 3, 36
Box: 24, 42, 36
Box: 41, 92, 36
Box: 10, 18, 36
Box: 52, 249, 36
Box: 54, 5, 2
Box: 29, 146, 36
Box: 27, 23, 9
Box: 198, 157, 36
Box: 29, 265, 36
Box: 27, 6, 36
Box: 33, 29, 36
Box: 19, 3, 11
Box: 44, 49, 36
Box: 2, 3, 36
Box: 12, 3, 36
Box: 9, 5, 36
Box: 17, 2, 16
Box: 27, 2, 36
Box: 4, 5, 11
Box: 5, 29, 9
Box: 7, 13, 8
Box: 119, 2, 36
Box: 15, 12, 36
Box: 198, 2, 2
Box: 2, 6, 36
Box: 4, 10, 5
Box: 7, 11, 36
Box: 6, 4, 8
Box: 26, 83, 13
Box: 198, 187, 25
Box: 46, 5, 30
Box: 11, 43, 2
Box: 75, 146, 36
Box: 58, 13, 30
Box: 4, 3, 3
Box: 15, 23, 11
Box: 198, 29, 36
Box: 16, 32, 3
Box: 12, 62, 36
Box: 4, 3, 5
Box: 33, 10, 36
Box: 9, 15, 36
Box: 36, 16, 36
Box: 52, 265, 15
Box: 198, 10, 2
Box: 8, 31, 36
Box: 14, 155, 5
Box: 20, 2, 13
Box: 25, 25, 4
Box: 30, 107, 36
Box: 4, 17, 8
Box: 198, 23, 36
Box: 23, 28, 36
Box: 79, 103, 36
Box: 22, 66, 32
Box: 3, 26, 18
Box: 33, 147, 11
Box: 10, 7, 8
Box: 31, 14, 36
Box: 29, 13, 36
Box: 17, 12, 18
Box: 9, 18, 36
Box: 68, 18, 36
Box: 47, 6, 36
Box: 12, 5, 13
Box: 9, 47, 36
Box: 4, 3, 7
Box: 14, 216, 36
Box: 7, 2, 36
Box: 42, 28, 36
Box: 115, 17, 22
Box: 11, 2, 36
Box: 32, 13, 36
Box: 4, 5, 8
Box: 38, 9, 36
Box: 20, 32, 6
Box: 4, 16, 6
Box: 21, 27, 36
Box: 8, 83, 7
Box: 16, 48, 36
Box: 7, 22, 36
Box: 25, 4, 2
Box: 39, 49, 9
Box: 8, 3, 8
Box: 95, 7, 9
Box: 198, 3, 2
Box: 21, 17, 2
Box: 33, 33, 36
Box: 23, 64, 36
Box: 61, 94, 36
Box: 17, 15, 3
Box: 89, 72, 36
Box: 17, 2, 36
Box: 8, 3, 3
Box: 47, 32, 31
Box: 198, 24, 27
Box: 56, 20, 15
Box: 4, 12, 36
Box: 17, 5, 13
Box: 13, 2, 8
Box: 56, 68, 36
Box: 8, 5, 36
Box: 4, 25, 36
Box: 61, 9, 36
Box: 18, 6, 36
Box: 58, 29, 36
Box: 22, 5, 7
Box: 42, 14, 36
Box: 5, 13, 12
Box: 86, 13, 36
Box: 198, 3, 2
Box: 3, 5, 36
Box: 20, 7, 36
Box: 13, 3, 12
Box: 2, 141, 36
Box: 21, 3, 10
Box: 198, 6, 36
Box: 40, 265, 36
Box: 56, 74, 36
Box: 18, 8, 36
Box: 56, 4, 36
Box: 3, 5, 3
Box: 15, 32, 36
Box: 74, 6, 36
Box: 11, 15, 36
Box: 198, 25, 36
Box: 198, 124, 36
Box: 10, 12, 36
Box: 28, 24, 36
Box: 45, 3, 5
Box: 90, 3, 36
Box: 42, 5, 17
Box: 9, 42, 5
Box: 14, 6, 36
Box: 3, 10, 20
Box: 31, 5, 36
Box: 4, 11, 3
Box: 3, 50, 29
Box: 68, 4, 36
Box: 2, 36, 36
Box: 4, 35, 36
Box: 5, 90, 36
Box: 62, 7, 7
Box: 19, 30, 6
Box: 51, 2, 10
Box: 14, 2, 4
Box: 8, 8, 36
Box: 26, 49, 28
Box: 4, 7, 3
Box: 9, 9, 6
Box: 129, 19, 36
Box: 8, 253, 36
Box: 27, 33, 36
Box: 26, 21, 36
Box: 3, 3, 11
Box: 79, 265, 36
Box: 42, 42, 36
Box: 101, 69, 36
Box: 20, 23, 36
Box: 18, 5, 36
Box: 12, 16, 36
Box: 24, 37, 36
Box: 12, 51, 36
Box: 8, 26, 36
Box: 6, 14, 18
Box: 4, 30, 7
Box: 87, 57, 36
Box: 25, 2, 9
Box: 177, 97, 2
Box: 14, 18, 36
Box: 8, 2, 3
Box: 13, 42, 36
Box: 13, 52, 7
Box: 4, 9, 10
Box: 38, 4, 2
Box: 33, 3, 36
Box: 5, 32, 36
Box: 108, 43, 36
Box: 64, 19, 36
Box: 77, 2, 36
Box: 76, 18, 36
Box: 5, 29, 19
Box: 39, 8, 36
Box: 28, 32, 8
Box: 43, 72, 36
Box: 44, 109, 36
Box: 5, 17, 36
Box: 143, 26, 36
Box: 7, 60, 36
Box: 48, 265, 11
Box: 9, 10, 36
Box: 46, 7, 15
Box: 87, 3, 6
Box: 15, 5, 36
Box: 14, 77, 2
Box: 2, 30, 3
Box: 56, 20, 21
Box: 4, 2, 8
Box: 10, 8, 36
Box: 4, 25, 8
Box: 35, 4, 36
Box: 54, 14, 36
Box: 18, 4, 36
Box: 12, 5, 5
Box: 6, 2, 8
Box: 5, 25, 11
Box: 26, 7, 2
Box: 62, 13, 36
Box: 47, 7, 14
Box: 2, 2, 36
Box: 2, 5, 9
Box: 155, 232, 36
Box: 3, 18, 12
Box: 15, 2, 36
Box: 30, 83, 36
Box: 13, 2, 36
Box: 95, 26, 4
Box: 15, 61, 3
Box: 172, 47, 36
Box: 5, 16, 36
Box: 24, 30, 36
Box: 4, 36, 2
Box: 4, 2, 36
Box: 12, 265, 36
Box: 22, 5, 3
Box: 11, 40, 36
Box: 9, 25, 36
Box: 96, 4, 36
Box: 9, 10, 36
Box: 16, 28, 36
Box: 89, 10, 36
Box: 11, 2, 36
Box: 82, 21, 36
Box: 13, 6, 36
Box: 55, 13, 36
Box: 49, 156, 36
Box: 28, 20, 36
Box: 9, 42, 9
Box: 66, 16, 36
Box: 198, 28, 36
Box: 198, 29, 6
Box: 25, 43, 36
Box: 4, 7, 5
Box: 12, 4, 36
Box: 3, 7, 36
Box: 4, 15, 11
Box: 56, 60, 36
Box: 67, 12, 2
Box: 14, 35, 36
Box: 22, 157, 36
Box: 4, 8, 36
Box: 198, 22, 11
Box: 45, 12, 36
Box: 11, 14, 36
Box: 6, 11, 5
Box: 22, 8, 36
Box: 6, 50, 16
Box: 173, 13, 36
Box: 35, 103, 36
Box: 3, 265, 36
Box: 33, 4, 36
Box: 2, 36, 36
Box: 8, 4, 36
Box: 4, 13, 11
Box: 5, 3, 3
Box: 112, 13, 36
Box: 46, 65, 36
Box: 143, 61, 36
Box: 2, 111, 36
Box: 42, 7, 13
Box: 4, 17, 26
Box: 5, 25, 36
Box: 10, 8, 36
Box: 27, 27, 8
Box: 18, 265, 18
Box: 26, 12, 2
Box: 146, 41, 17
Box: 17, 66, 17
Box: 8, 14, 4
Box: 12, 19, 18
Box: 2, 5, 10
Box: 4, 3, 18
Box: 37, 17, 36
Box: 49, 197, 36
Box: 7, 3, 36
Box: 41, 77, 36
Box: 15, 6, 3
Box: 8, 29, 36
Box: 101, 2, 36
Box: 30, 61, 10
Box: 62, 265, 29
Box: 13, 3, 3
Box: 26, 21, 10
Box: 7, 14, 36
Box: 100, 70, 36
Box: 5, 18, 36
Box: 11, 36, 36
Box: 20, 141, 36
Box: 64, 44, 36
Box: 45, 31, 36
Box: 14, 5, 36
Box: 6, 80, 36
Box: 16, 7, 19
Box: 36, 82, 36
Box: 73, 133, 10
Box: 5, 25, 14
Box: 17, 42, 36
Box: 4, 8, 3
Box: 22, 3, 36
Box: 7, 33, 36
Box: 2, 48, 10
Box: 8, 2, 36
Box: 28, 39, 9
Box: 51, 37, 4
Box: 27, 10, 2
Box: 11, 52, 4
Box: 8, 56, 36
Box: 6, 22, 6
Box: 2, 5, 9
Box: 4, 138, 6
Box: 2, 58, 36
Box: 20, 16, 9
Box: 198, 28, 36
Box: 61, 45, 4
Box: 42, 43, 2
Box: 41, 38, 28
Box: 8, 35, 36
Box: 2, 111, 36
Box: 143, 3, 36
Box: 10, 33, 36
Box: 198, 24, 36
Box: 3, 9, 7
Box: 5, 94, 36
Box: 62, 13, 12
Box: 33, 31, 36
Box: 18, 179, 36
Box: 92, 51, 14
Box: 198, 31, 36
Box: 26, 5, 36
Box: 28, 11, 9
Box: 22, 236, 36
Box: 10, 90, 14
Box: 12, 72, 14
Box: 198, 148, 36
Box: 9, 31, 6
Box: 4, 25, 2
Box: 5, 5, 7
Box: 16, 32, 8
Box: 8, 9, 36
Box: 56, 11, 36
Box: 5, 48, 10
Box: 13, 4, 7
Box: 18, 37, 36
Box: 15, 3, 6
Box: 26, 9, 36
Box: 27, 12, 3
Box: 9, 46, 4
Box: 4, 72, 36
Box: 9, 4, 6
Box: 43, 36, 36
Box: 27, 13, 9
Box: 13, 5, 14
Box: 48, 7, 36
Box: 19, 9, 36
Box: 12, 7, 5
Box: 8, 7, 4
Box: 58, 4, 10
Box: 50, 21, 36
Box: 2, 8, 4
Box: 89, 40, 27
Box: 198, 13, 36
Box: 14, 66, 17
Box: 2, 50, 36
Box: 28, 9, 2
Box: 59, 38, 36
Box: 198, 24, 36
Box: 3, 11, 31
Box: 5, 2, 36
Box: 30, 3, 12
Box: 198, 52, 6
Box: 24, 11, 4
Box: 198, 92, 4
Box: 7, 15, 9
Box: 18, 8, 3
Box: 3, 49, 36
Box: 8, 4, 6
Box: 8, 24, 36
Box: 37, 23, 36
Box: 35, 65, 19
Box: 5, 72, 2
Box: 3, 18, 36
Box: 34, 8, 11
Box: 19, 57, 36
Box: 9, 13, 18
Box: 46, 45, 36
Box: 114, 265, 36
Box: 54, 5, 2
Box: 4, 3, 14
Box: 2, 7, 36
Box: 2, 25, 36
Box: 7, 7, 36
Box: 83, 7, 36
Box: 4, 20, 36
Box: 28, 17, 3
Box: 46, 45, 4
Box: 6, 3, 3
Box: 26, 7, 36
Box: 86, 10, 18
Box: 8, 7, 36
Box: 198, 34, 36
Box: 15, 9, 4
Box: 13, 13, 36
Box: 14, 5, 13
Box: 42, 54, 36
Box: 3, 14, 36
Box: 30, 17, 36
Box: 12, 5, 7
Box: 11, 34, 4
Box: 198, 8, 36
Box: 11, 8, 36
Box: 8, 29, 5
Box: 20, 265, 36
Box: 64, 35, 15
Box: 8, 16, 36
Box: 26, 4, 7
Box: 64, 39, 36
Box: 5, 3, 7
Box: 5, 24, 7
Box: 43, 33, 36
Box: 10, 9, 28
Box: 6, 22, 6
Box: 10, 52, 36
Box: 57, 12, 36
Box: 10, 32, 36
Box: 34, 50, 36
Box: 66, 265, 36
Box: 5, 38, 5
Box: 30, 231, 20
Box: 2, 11, 36
Box: 28, 85, 32
Box: 84, 59, 36
Box: 9, 102, 13
Box: 27, 9, 36
Box: 198, 36, 2
Box: 21, 29, 3
Box: 32, 8, 36
Box: 62, 7, 8
Box: 44, 48, 8
Box: 103, 24, 36
Box: 74, 2, 8
Box: 72, 104, 6
Box: 41, 3, 36
Box: 54, 21, 36
Box: 3, 9, 36
Box: 13, 2, 8
Box: 46, 265, 36
Box: 29, 11, 36
Box: 13, 8, 5
Box: 18, 5, 9
Box: 17, 2, 14
Box: 15, 14, 36
Box: 19, 2, 36
Box: 30, 158, 5
Box: 25, 11, 36
Box: 198, 42, 36
Box: 2, 3, 3
Box: 32, 56, 36
Box: 5, 36, 13
Box: 8, 49, 36
Box: 198, 3, 36
Box: 26, 5, 36
Box: 14, 41, 36
Box: 21, 9, 36
Box: 45, 3, 26
Box: 3, 31, 36
Box: 198, 16, 36
Box: 25, 9, 36
Box: 5, 59, 36
Box: 13, 60, 36
Box: 2, 43, 36
Box: 12, 7, 36
Box: 12, 35, 21
Box: 8, 12, 36
Box: 152, 37, 25
Box: 3, 12, 36
Box: 60, 33, 36
Box: 26, 83, 3
Box: 12, 71, 36
Box: 26, 9, 28
Box: 6, 89, 36
Box: 27, 13, 6
Box: 15, 163, 36
Box: 53, 54, 36
Box: 76, 49, 16
Box: 13, 66, 17
Box: 9, 42, 6
Box: 3, 19, 36
Box: 22, 24, 25
Box: 3, 58, 5
Box: 40, 66, 36
Box: 7, 21, 19
Box: 47, 4, 6
Box: 47, 126, 36
Box: 24, 3, 2
Box: 2, 93, 3
Box: 47, 43, 11
Box: 7, 26, 36
Box: 5, 4, 28
Box: 34, 22, 20
Box: 13, 38, 14
Box: 82, 19, 17
Box: 56, 3, 36
Box: 18, 29, 36
Box: 14, 27, 36
Box: 3, 5, 5
Box: 21, 16, 9
Box: 39, 32, 36
Box: 5, 142, 36
Box: 10, 3, 3
Box: 12, 9, 9
Box: 5, 30, 36
Box: 14, 7, 36
Box: 8, 14, 4
Box: 3, 11, 36
Box: 177, 17, 36
Box: 5, 18, 2
Box: 126, 80, 19
Box: 27, 28, 36
Box: 21, 11, 12
Box: 4, 11, 7
Box: 3, 5, 5
Box: 4, 13, 18
Box: 32, 66, 36
Box: 68, 2, 12
Box: 6, 42, 36
Box: 8, 104, 6
Box: 123, 146, 36
Box: 5, 265, 15
Box: 31, 22, 36
Box: 12, 8, 36
Box: 2, 5, 36
Box: 5, 23, 36
Box: 3, 7, 36
Box: 36, 97, 8
Box: 9, 8, 36
Box: 62, 12, 31
Box: 26, 24, 36
Box: 27, 9, 11
Box: 4, 28, 4
Box: 22, 29, 36
Box: 16, 43, 36
Box: 8, 2, 36
Box: 39, 4, 36
Box: 41, 4, 3
Box: 198, 19, 36
Box: 15, 162, 36
Box: 9, 11, 36
Box: 5, 8, 2
Box: 16, 20, 36
Box: 3, 2, 36
Box: 6, 5, 36
Box: 50, 59, 36
Box: 69, 10, 36
Box: 6, 19, 8
Box: 198, 36, 13
Box: 10, 94, 36
Box: 10, 40, 36
Box: 6, 36, 6
Box: 24, 6, 36
Box: 16, 2, 2
Box: 31, 5, 36
Box: 9, 39, 29
Box: 75, 2, 36
Box: 87, 64, 36
Box: 28, 29, 36
Box: 16, 4, 36
Box: 2, 3, 3
Box: 35, 5, 13
Box: 3, 4, 6
Box: 128, 18, 9
Box: 27, 204, 36
Box: 5, 25, 7
Box: 8, 8, 36
Box: 56, 37, 36
Box: 101, 4, 36
Box: 7, 3, 8
Box: 84, 11, 36
Box: 30, 5, 36
Box: 38, 24, 36
Box: 62, 15, 4
Box: 94, 13, 21
Box: 21, 28, 2
Box: 8, 10, 3
Box: 96, 8, 27
Box: 18, 17, 2
Box: 31, 6, 17
Box: 198, 11, 36
Box: 13, 56, 3
Box: 14, 10, 36
Box: 15, 2, 36
Box: 5, 11, 36
Box: 6, 4, 8
Box: 63, 5, 36
Box: 55, 3, 36
Box: 5, 52, 12
Box: 4, 10, 8
Box: 6, 55, 7
Box: 7, 60, 36
Box: 170, 30, 36
Box: 37, 4, 36
Box: 10, 7, 6
Box: 4, 28, 5
Box: 3, 40, 5
Box: 28, 162, 3
Box: 28, 52, 4
Box: 28, 16, 3
Box: 48, 65, 15
Box: 85, 60, 30
Box: 9, 11, 3
Box: 198, 10, 13
Box: 15, 42, 36
Box: 5, 53, 25
Box: 143, 39, 36
Box: 11, 14, 16
Box: 4, 52, 12
Box: 198, 15, 36
Box: 5, 151, 36
Box: 14, 8, 3
Box: 27, 3, 5
Box: 198, 14, 27
Box: 54, 8, 8
Box: 24, 21, 36
Box: 41, 115, 19
Box: 12, 5, 5
Box: 3, 22, 36
Box: 79, 10, 18
Box: 26, 2, 36
Box: 4, 32, 36
Box: 5, 34, 36
Box: 34, 162, 36
Box: 33, 5, 36
Box: 17, 10, 13
Box: 100, 11, 25
Box: 3, 16, 36
Box: 4, 5, 36
Box: 23, 158, 15
Box: 5, 9, 7
Box: 4, 9, 3
Box: 7, 13, 2
Box: 50, 22, 36
Box: 59, 18, 2
Box: 40, 6, 36
Box: 3, 265, 4
Box: 7, 11, 36
Box: 11, 14, 36
Box: 143, 18, 36
Box: 2, 2, 36
Box: 7, 3, 26
Box: 13, 45, 36
Box: 29, 13, 36
Box: 78, 43, 4
Box: 12, 43, 36
Box: 5, 4, 7
Box: 56, 87, 36
Box: 19, 102, 36
Box: 40, 170, 36
Box: 13, 14, 4
Box: 5, 60, 14
Box: 62, 123, 36
Box: 30, 265, 23
Box: 129, 3, 36
Box: 4, 8, 36
Box: 18, 12, 36
Box: 11, 5, 36
Box: 98, 221, 36
Box: 111, 8, 36
Box: 5, 265, 36
Box: 15, 11, 36
Box: 42, 59, 36
Box: 11, 32, 4
Box: 25, 43, 8
Box: 50, 5, 36
Box: 198, 9, 36
Box: 53, 70, 36
Box: 55, 164, 36
Box: 18, 25, 36
Box: 56, 36, 36
Box: 5, 10, 15
Box: 7, 265, 36
Box: 102, 3, 13
Box: 198, 6, 27
Box: 10, 82, 36
Box: 15, 49, 36
Box: 74, 11, 36
Box: 13, 6, 14
Box: 2, 32, 36
Box: 54, 5, 24
Box: 8, 33, 36
Box: 6, 55, 2
Box: 30, 50, 10
Box: 4, 23, 36
Box: 2, 94, 36
Box: 13, 23, 36
Box: 14, 37, 7
Box: 15, 146, 36
Box: 2, 10, 4
Box: 56, 2, 36
Box: 198, 46, 36
Box: 7, 20, 19
Box: 10, 4, 4
Box: 7, 28, 36
Box: 3, 9, 36
Box: 2, 25, 36
Box: 6, 32, 36
Box: 5, 4, 10
Box: 21, 40, 4
Box: 7, 3, 36
Box: 9, 9, 5
Box: 27, 23, 23
Box: 2, 13, 12
Box: 29, 28, 36
Box: 7, 39, 7
Box: 3, 85, 36
Box: 83, 2, 36
Box: 5, 10, 36
Box: 54, 8, 11
Box: 20, 4, 36
Box: 25, 3, 9
Box: 74, 265, 36
Box: 2, 5, 8
Box: 198, 23, 27
Box: 5, 25, 15
Box: 53, 16, 21
Box: 177, 34, 14
Box: 7, 47, 36
Box: 23, 265, 36
Box: 46, 4, 36
Box: 100, 28, 36
Box: 37, 265, 36
Box: 5, 36, 36
Box: 21, 11, 5
Box: 62, 24, 36
Box: 198, 70, 36
Box: 91, 4, 28
Box: 13, 31, 36
Box: 24, 27, 2
Box: 12, 68, 36
Box: 36, 4, 10
Box: 4, 12, 15
Box: 73, 265, 4
Box: 8, 39, 7
Box: 47, 13, 5
Box: 198, 149, 36
Box: 2, 70, 36
Box: 60, 137, 36
Box: 43, 29, 36
Box: 7, 48, 6
Box: 15, 82, 18
Box: 11, 6, 36
Box: 198, 14, 25
Box: 49, 265, 9
Box: 26, 100, 11
Box: 8, 13, 5
Box: 24, 4, 2
Box: 133, 30, 5
Box: 62, 7, 17
Box: 23, 7, 36
Box: 11, 7, 36
Box: 2, 11, 2
Box: 2, 4, 11
Box: 34, 4, 36
Box: 23, 82, 12
Box: 15, 51, 36
Box: 5, 265, 36
Box: 14, 17, 36
Box: 12, 22, 4
Box: 14, 2, 36
Box: 16, 6, 15
Box: 81, 13, 16
Box: 79, 51, 36
Box: 7, 3, 6
Box: 2, 16, 36
Box: 76, 21, 3
Box: 198, 70, 36
Box: 12, 66, 36
Box: 58, 6, 9
Box: 3, 82, 6
Box: 17, 10, 36
Box: 12, 47, 12
Box: 12, 47, 2
Box: 13, 8, 2
Box: 6, 3, 6
Box: 5, 36, 13
Box: 28, 27, 18
Box: 198, 12, 6
Box: 62, 5, 36
Box: 89, 16, 8
Box: 10, 5, 36
Box: 13, 22, 36
Box: 68, 265, 36
Box: 10, 5, 28
Box: 30, 34, 36
Box: 4, 44, 36
Box: 10, 8, 16
Box: 14, 9, 2
Box: 90, 29, 36
Box: 51, 30, 36
Box: 47, 10, 36
Box: 66, 4, 36
Box: 10, 17, 36
Box: 16, 11, 3
Box: 2, 17, 26
Box: 31, 15, 36
Box: 13, 9, 7
Box: 8, 22, 36
Box: 9, 5, 8
Box: 3, 9, 36
Box: 26, 55, 8
Box: 85, 3, 36
Box: 198, 78, 25
Box: 14, 32, 36
Box: 38, 64, 36
Box: 17, 32, 36
Box: 9, 6, 2
Box: 38, 42, 36
Box: 24, 68, 10
Box: 5, 93, 5
Box: 5, 14, 36
Box: 66, 250, 36
Box: 16, 15, 36
Box: 19, 13, 36
Box: 5, 13, 8
Box: 9, 8, 16
Box: 2, 4, 25
Box: 28, 12, 11
Box: 6, 36, 36
Box: 25, 25, 11
Box: 31, 9, 36
Box: 18, 14, 2
Box: 198, 11, 36
Box: 58, 37, 36
Box: 14, 12, 3
Box: 18, 87, 36
Box: 7, 8, 2
Box: 14, 7, 4
Box: 12, 2, 5
Box: 26, 4, 36
Box: 25, 47, 10
Box: 62, 13, 36
Box: 10, 19, 12
Box: 16, 15, 24
Box: 66, 131, 10
Box: 198, 42, 36
Box: 77, 7, 2
Box: 11, 32, 36
Box: 35, 36, 36
Box: 17, 81, 2
Box: 46, 28, 36
Box: 7, 11, 36
Box: 83, 14, 7
Box: 13, 97, 36
Box: 12, 15, 36
Box: 28, 56, 7
Box: 2, 3, 36
Box: 31, 5, 36
Box: 3, 42, 4
Box: 16, 59, 7
Box: 97, 2, 36
Box: 23, 22, 5
Box: 11, 14, 36
Box: 59, 21, 36
Box: 198, 18, 6
Box: 21, 58, 5
Box: 9, 31, 11
Box: 34, 23, 36
Box: 26, 6, 36
Box: 5, 15, 9
Box: 46, 2, 36
Box: 96, 77, 36
Box: 21, 5, 36
Box: 24, 4, 29
Box: 39, 10, 36
Box: 33, 151, 36
Box: 4, 7, 14
Box: 45, 60, 36
Box: 62, 43, 36
Box: 83, 153, 36
Box: 41, 4, 10
Box: 5, 5, 5
Box: 89, 16, 5
Box: 4, 9, 2
Box: 29, 22, 24
Box: 62, 8, 36
Box: 4, 44, 36
Box: 8, 33, 24
Box: 20, 265, 36
Box: 15, 21, 9
Box: 198, 18, 27
Box: 4, 10, 36
Box: 12, 32, 4
Box: 99, 54, 36
Box: 25, 18, 17
Box: 7, 21, 6
Box: 11, 6, 13
Box: 2, 198, 36
Box: 4, 14, 36
Box: 10, 9, 36
Box: 27, 249, 36
Box: 45, 30, 15
Box: 42, 81, 8
Box: 198, 13, 8
Box: 7, 8, 36
Box: 4, 15, 17
Box: 28, 44, 36
Box: 113, 41, 36
Box: 126, 25, 36
Box: 8, 14, 5
Box: 2, 8, 17
Box: 2, 62, 8
Box: 33, 10, 16
Box: 15, 8, 36
Box: 38, 53, 36
Box: 3, 8, 2
Box: 131, 42, 2
Box: 49, 265, 5
Box: 13, 4, 3
Box: 18, 2, 36
Box: 3, 4, 12
Box: 23, 30, 36
Box: 18, 25, 36
Box: 3, 11, 25
Box: 54, 60, 36
Box: 122, 9, 36
Box: 24, 68, 11
Box: 44, 22, 36
Box: 3, 13, 36
Box: 59, 15, 36
Box: 176, 2, 36
Box: 15, 28, 36
Box: 128, 33, 9
Box: 44, 3, 36
Box: 6, 225, 11
Box: 6, 4, 3
Box: 54, 89, 5
Box: 2, 12, 36
Box: 11, 59, 26
Box: 5, 11, 36
Box: 17, 56, 36
Box: 16, 265, 36
Box: 3, 28, 30
Box: 9, 53, 36
Box: 14, 11, 25
Box: 198, 22, 25
Box: 198, 59, 36
Box: 2, 83, 3
Box: 128, 83, 36
Box: 46, 4, 36
Box: 62, 43, 36
Box: 88, 33, 36
Box: 5, 39, 7
Box: 31, 3, 36
Box: 7, 10, 9
Box: 54, 5, 6
Box: 4, 10, 36
Box: 2, 83, 7
Box: 15, 29, 36
Box: 22, 7, 36
Box: 15, 12, 12
Box: 198, 8, 4
Box: 198, 93, 36
Box: 7, 2, 3
Box: 3, 57, 36
Box: 46, 26, 4
Box: 15, 68, 10
Box: 18, 10, 16
Box: 8, 104, 27
Box: 6, 29, 11
Box: 13, 3, 5
Box: 54, 22, 36
Box: 19, 2, 3
Box: 8, 27, 36
Box: 83, 8, 36
Box: 4, 17, 9
Box: 58, 93, 36
Box: 20, 5, 36
Box: 5, 146, 12
Box: 26, 18, 36
Box: 34, 7, 36
Box: 9, 12, 36
Box: 12, 62, 36
Box: 40, 4, 6
Box: 9, 39, 7
Box: 25, 265, 6
Box: 93, 3, 10
Box: 54, 45, 28
Box: 21, 81, 18
Box: 11, 64, 36
Box: 57, 265, 36
Box: 5, 41, 36
Box: 14, 5, 7
Box: 48, 8, 2
Box: 42, 123, 36
Box: 29, 33, 25
Box: 19, 10, 3
Box: 28, 53, 11
Box: 7, 36, 36
Box: 3, 35, 36
Box: 42, 7, 2
Box: 9, 46, 4
Box: 4, 4, 3
Box: 146, 52, 36
Box: 18, 49, 4
Box: 9, 35, 36
Box: 16, 162, 36
Box: 114, 7, 36
Box: 3, 23, 23
Box: 132, 200, 36
Box: 46, 4, 36
Box: 6, 17, 36
Box: 8, 19, 36
Box: 51, 3, 29
Box: 9, 3, 36
Box: 8, 8, 36
Box: 14, 18, 15
Box: 23, 21, 36
Box: 133, 265, 36
Box: 58, 5, 36
Box: 50, 21, 36
Box: 19, 4, 36
Box: 8, 5, 13
Box: 30, 5, 36
Box: 8, 9, 19
Box: 13, 5, 36
Box: 49, 37, 36
Box: 3, 5, 3
Box: 26, 24, 36
Box: 35, 18, 17
Box: 28, 39, 3
Box: 7, 12, 14
Box: 5, 6, 8
Box: 198, 45, 14
Box: 6, 8, 5
Box: 13, 56, 36
Box: 21, 265, 9
Box: 28, 4, 18
Box: 5, 22, 16
Box: 6, 70, 36
Box: 12, 58, 5
Box: 4, 7, 36
Box: 5, 119, 36
Box: 2, 15, 9
Box: 22, 19, 36
Box: 4, 52, 21
Box: 17, 9, 36
Box: 33, 83, 36
Box: 56, 26, 25
Box: 47, 64, 36
Box: 37, 12, 21
Box: 2, 39, 7
Box: 198, 92, 33
Box: 2, 83, 3
Box: 19, 10, 6
Box: 18, 7, 36
Box: 15, 3, 36
Box: 15, 5, 19
Box: 33, 8, 16
Box: 45, 30, 9
Box: 3, 136, 36
Box: 11, 17, 2
Box: 3, 95, 31
Box: 21, 36, 36
Box: 36, 17, 36
Box: 3, 265, 36
Box: 3, 3, 12
Box: 2, 2, 36
Box: 33, 22, 36
Box: 5, 36, 36
Box: 47, 3, 5
Box: 17, 18, 5
Box: 43, 33, 36
Box: 142, 265, 36
Box: 198, 8, 6
Box: 44, 16, 11
Box: 2, 38, 36
Box: 5, 77, 36
Box: 49, 265, 21
Box: 11, 23, 4
Box: 2, 79, 36
Box: 96, 12, 2
Box: 3, 59, 36
Box: 136, 265, 36
Box: 33, 29, 36
Box: 56, 6, 3
Box: 33, 58, 5
Box: 7, 13, 6
Box: 18, 10, 7
Box: 6, 31, 36
Box: 161, 13, 36
Box: 5, 59, 7
Box: 198, 5, 36
Box: 10, 19, 11
Box: 2, 10, 4
Box: 10, 23, 36
Box: 12, 8, 3
Box: 6, 30, 6
Box: 26, 72, 36
Box: 6, 2, 36
Box: 11, 63, 2
Box: 4, 13, 11
Box: 107, 18, 36
Box: 31, 13, 36
Box: 3, 92, 3
Box: 198, 121, 36
Box: 2, 11, 36
Box: 29, 2, 36
Box: 50, 60, 25
Box: 5, 123, 36
Box: 7, 13, 3
Box: 62, 27, 7
Box: 8, 8, 36
Box: 131, 24, 6
Box: 17, 3, 36
Box: 15, 27, 6
Box: 30, 265, 6
Box: 11, 16, 36
Box: 2, 10, 19
Box: 5, 14, 7
Box: 13, 14, 5
Box: 3, 5, 31
Box: 5, 8, 36
Box: 13, 3, 2
Box: 87, 79, 36
Box: 12, 102, 13
Box: 13, 3, 4
Box: 22, 2, 36
Box: 28, 18, 36
Box: 17, 2, 7
Box: 44, 3, 36
Box: 198, 43, 36
Box: 19, 2, 3
Box: 4, 22, 36
Box: 47, 134, 36
Box: 4, 3, 4
Box: 8, 6, 36
Box: 12, 2, 8
Box: 198, 265, 16
Box: 28, 8, 36
Box: 7, 6, 17
Box: 198, 68, 36
Box: 188, 15, 36
Box: 4, 2, 36
Box: 2, 12, 36
Box: 3, 5, 11
Box: 28, 103, 2
Box: 18, 8, 10
Box: 3, 265, 5
Box: 47, 83, 36
Box: 5, 13, 12
Box: 26, 4, 36
Box: 71, 42, 36
Box: 69, 54, 36
Box: 46, 7, 15
Box: 13, 3, 2
Box: 68, 40, 36
Box: 66, 40, 36
Box: 22, 5, 21
Box: 4, 52, 36
Box: 6, 8, 36
Box: 17, 3, 4
Box: 76, 146, 16
Box: 13, 15, 17
Box: 26, 52, 7
Box: 83, 61, 4
Box: 46, 13, 15
Box: 16, 5, 36
Box: 42, 66, 6
Box: 50, 2, 36
Box: 7, 5, 36
Box: 51, 37, 5
Box: 30, 13, 5
Box: 15, 60, 30
Box: 66, 11, 36
Box: 198, 22, 27
Box: 5, 265, 36
Box: 11, 36, 3
Box: 14, 15, 15
####################
#Expected Output: 155
#Number of Bins: 155.
