Bin: 285, 196, 172
Box: 8, 20, 172
Box: 59, 87, 12
Box: 14, 3, 15
Box: 40, 34, 85
Box: 137, 196, 42
Box: 9, 9, 12
Box: 3, 13, 4
Box: 86, 53, 36
Box: 16, 196, 50
Box: 8, 19, 29
Box: 115, 165, 45
Box: 143, 10, 39
Box: 106, 62, 15
Box: 58, 15, 38
Box: 185, 189, 172
Box: 21, 196, 4
Box: 23, 18, 17
Box: 76, 196, 83
Box: 285, 116, 10
Box: 14, 13, 30
Box: 14, 4, 10
Box: 21, 29, 36
Box: 29, 12, 4
Box: 5, 67, 172
Box: 48, 12, 2
Box: 13, 10, 172
Box: 3, 196, 13
Box: 15, 39, 6
Box: 9, 14, 4
Box: 42, 196, 83
Box: 285, 196, 3
Box: 19, 105, 172
Box: 13, 59, 33
Box: 285, 58, 6
Box: 285, 12, 54
Box: 19, 2, 15
Box: 7, 19, 3
Box: 35, 8, 98
Box: 15, 43, 45
Box: 15, 14, 41
Box: 28, 8, 53
Box: 10, 85, 172
Box: 3, 2, 4
Box: 8, 132, 35
Box: 5, 4, 3
Box: 86, 196, 172
Box: 24, 2, 79
Box: 2, 196, 4
Box: 44, 13, 45
Box: 27, 16, 172
Box: 6, 34, 13
Box: 3, 8, 35
Box: 188, 12, 2
Box: 63, 2, 109
Box: 29, 125, 11
Box: 54, 124, 30
Box: 14, 63, 69
Box: 4, 90, 35
Box: 49, 4, 172
Box: 191, 196, 14
Box: 35, 28, 75
Box: 116, 6, 7
Box: 130, 196, 8
Box: 29, 196, 2
Box: 2, 63, 6
Box: 128, 7, 52
Box: 23, 25, 12
Box: 81, 56, 5
Box: 11, 10, 15
Box: 32, 25, 30
Box: 83, 67, 26
Box: 8, 13, 30
Box: 32, 3, 35
Box: 20, 196, 26
Box: 8, 3, 24
Box: 49, 14, 11
Box: 11, 17, 12
Box: 27, 81, 172
Box: 72, 8, 29
Box: 14, 20, 172
Box: 63, 5, 172
Box: 40, 12, 128
Box: 88, 2, 6
Box: 41, 28, 43
Box: 11, 196, 8
Box: 169, 78, 172
Box: 15, 196, 172
Box: 37, 19, 4
Box: 285, 5, 6
Box: 131, 56, 108
Box: 22, 102, 172
Box: 32, 23, 15
Box: 21, 5, 7
Box: 24, 17, 35
Box: 6, 56, 90
Box: 43, 83, 172
Box: 7, 196, 18
Box: 22, 3, 11
Box: 22, 44, 172
Box: 3, 13, 4
Box: 8, 15, 42
Box: 2, 53, 30
Box: 21, 196, 172
Box: 8, 33, 34
Box: 28, 34, 18
Box: 48, 35, 23
Box: 242, 7, 139
Box: 95, 37, 172
Box: 10, 53, 37
Box: 4, 82, 7
Box: 188, 196, 15
Box: 285, 6, 11
Box: 37, 16, 172
Box: 3, 12, 172
Box: 86, 17, 92
Box: 36, 20, 172
Box: 7, 7, 5
Box: 71, 55, 105
Box: 5, 15, 42
Box: 116, 12, 7
Box: 4, 71, 164
Box: 2, 31, 3
Box: 24, 6, 4
Box: 8, 20, 34
Box: 6, 9, 172
Box: 9, 31, 172
Box: 107, 19, 19
Box: 19, 196, 12
Box: 50, 41, 172
Box: 38, 196, 39
Box: 14, 38, 57
Box: 31, 8, 172
Box: 63, 2, 36
Box: 3, 4, 15
Box: 6, 79, 8
Box: 133, 196, 3
Box: 14, 104, 11
Box: 14, 53, 11
Box: 285, 196, 72
Box: 97, 196, 16
Box: 18, 8, 15
Box: 86, 53, 61
Box: 131, 196, 59
Box: 148, 8, 5
Box: 3, 5, 2
Box: 6, 39, 42
Box: 9, 2, 5
Box: 18, 40, 15
Box: 285, 49, 150
Box: 9, 53, 11
Box: 94, 45, 2
Box: 76, 18, 11
Box: 3, 5, 15
Box: 163, 20, 34
Box: 72, 33, 14
Box: 5, 3, 9
Box: 3, 49, 49
Box: 103, 6, 172
Box: 74, 30, 26
Box: 285, 35, 12
Box: 21, 63, 3
Box: 13, 196, 172
Box: 148, 11, 36
Box: 16, 4, 19
Box: 3, 17, 35
Box: 69, 84, 35
Box: 11, 49, 16
Box: 69, 19, 172
Box: 20, 3, 26
Box: 40, 68, 142
Box: 8, 66, 29
Box: 2, 153, 74
Box: 2, 5, 14
Box: 11, 4, 12
Box: 134, 43, 30
Box: 34, 25, 39
Box: 27, 196, 8
Box: 285, 30, 172
Box: 220, 12, 79
Box: 6, 196, 55
Box: 285, 35, 3
Box: 285, 38, 6
Box: 8, 33, 96
Box: 285, 3, 7
Box: 285, 196, 11
Box: 49, 4, 48
Box: 43, 9, 18
Box: 191, 14, 29
Box: 112, 2, 2
Box: 5, 10, 11
Box: 4, 32, 105
Box: 56, 52, 47
Box: 11, 18, 2
Box: 75, 51, 8
Box: 37, 14, 39
Box: 50, 196, 10
Box: 285, 69, 172
Box: 5, 3, 3
Box: 26, 55, 6
Box: 23, 12, 42
Box: 134, 8, 14
Box: 199, 46, 92
Box: 19, 38, 5
Box: 60, 30, 15
Box: 50, 33, 172
Box: 28, 90, 35
Box: 33, 196, 118
Box: 5, 2, 42
Box: 19, 84, 7
Box: 38, 37, 29
Box: 23, 62, 172
Box: 14, 9, 3
Box: 197, 28, 77
Box: 10, 13, 5
Box: 68, 7, 30
Box: 95, 24, 19
Box: 127, 48, 13
Box: 26, 49, 5
Box: 45, 33, 172
Box: 31, 44, 71
Box: 197, 60, 47
Box: 60, 12, 5
Box: 3, 130, 172
Box: 79, 21, 172
Box: 26, 43, 45
Box: 63, 196, 2
Box: 4, 31, 18
Box: 132, 49, 29
Box: 12, 23, 16
Box: 55, 6, 4
Box: 16, 60, 11
Box: 16, 21, 7
Box: 19, 196, 12
Box: 13, 36, 5
Box: 26, 5, 57
Box: 38, 3, 8
Box: 9, 96, 14
Box: 29, 20, 4
Box: 2, 28, 10
Box: 19, 66, 55
Box: 24, 20, 4
Box: 22, 31, 9
Box: 2, 3, 172
Box: 64, 64, 19
Box: 36, 196, 172
Box: 96, 196, 8
Box: 199, 36, 92
Box: 37, 33, 41
Box: 30, 17, 35
Box: 47, 196, 172
Box: 28, 53, 3
Box: 16, 5, 11
Box: 64, 8, 6
Box: 53, 196, 43
Box: 130, 196, 3
Box: 6, 17, 12
Box: 56, 52, 12
Box: 17, 18, 121
Box: 285, 13, 172
Box: 35, 196, 52
Box: 54, 55, 6
Box: 4, 196, 83
Box: 15, 8, 91
Box: 17, 19, 9
Box: 22, 13, 11
Box: 3, 196, 16
Box: 8, 3, 24
Box: 19, 6, 10
Box: 6, 3, 25
Box: 23, 40, 15
Box: 7, 7, 24
Box: 148, 3, 5
Box: 93, 57, 172
Box: 143, 10, 39
Box: 5, 6, 3
Box: 2, 196, 13
Box: 23, 108, 28
Box: 24, 20, 4
Box: 285, 59, 43
Box: 23, 4, 6
Box: 55, 5, 57
Box: 3, 4, 12
Box: 285, 63, 24
Box: 15, 15, 4
Box: 4, 44, 8
Box: 20, 20, 172
Box: 20, 3, 9
Box: 52, 31, 172
Box: 16, 25, 3
Box: 285, 3, 35
Box: 5, 8, 3
Box: 11, 49, 38
Box: 19, 16, 23
Box: 3, 22, 33
Box: 12, 108, 19
Box: 40, 33, 172
Box: 20, 2, 35
Box: 42, 29, 3
Box: 10, 21, 43
Box: 3, 3, 172
Box: 11, 196, 35
Box: 87, 9, 40
Box: 14, 60, 11
Box: 4, 45, 24
Box: 24, 21, 4
Box: 71, 13, 8
Box: 17, 16, 46
Box: 19, 21, 3
Box: 107, 19, 67
Box: 64, 99, 7
Box: 168, 76, 25
Box: 59, 9, 2
Box: 15, 40, 172
Box: 15, 89, 45
Box: 40, 8, 25
Box: 3, 3, 13
Box: 36, 196, 89
Box: 113, 90, 41
Box: 16, 34, 11
Box: 7, 3, 8
Box: 7, 10, 8
Box: 23, 19, 29
Box: 67, 4, 42
Box: 16, 41, 11
Box: 285, 97, 172
Box: 112, 140, 2
Box: 46, 18, 105
Box: 43, 8, 7
Box: 95, 24, 113
Box: 16, 3, 35
Box: 188, 45, 19
Box: 102, 3, 55
Box: 5, 4, 3
Box: 11, 196, 9
Box: 29, 73, 73
Box: 3, 38, 4
Box: 28, 3, 172
Box: 71, 13, 12
Box: 23, 9, 29
Box: 71, 38, 105
Box: 18, 4, 15
Box: 23, 81, 110
Box: 152, 196, 49
Box: 13, 19, 4
Box: 164, 4, 2
Box: 245, 39, 172
Box: 5, 18, 3
Box: 64, 75, 5
Box: 15, 39, 19
Box: 23, 4, 39
Box: 3, 22, 16
Box: 178, 27, 26
Box: 5, 35, 172
Box: 14, 53, 26
Box: 285, 117, 172
Box: 35, 31, 16
Box: 128, 88, 9
Box: 19, 196, 9
Box: 190, 81, 8
Box: 59, 44, 2
Box: 4, 7, 11
Box: 285, 176, 153
Box: 8, 194, 172
Box: 19, 38, 172
Box: 41, 20, 12
Box: 144, 27, 7
Box: 118, 196, 172
Box: 7, 3, 172
Box: 17, 2, 4
Box: 25, 132, 35
Box: 12, 38, 57
Box: 25, 31, 77
Box: 34, 17, 5
Box: 30, 196, 41
Box: 28, 82, 23
Box: 40, 196, 49
Box: 112, 196, 55
Box: 6, 17, 45
Box: 15, 39, 41
Box: 15, 14, 13
Box: 42, 80, 8
Box: 27, 4, 6
Box: 285, 196, 26
Box: 131, 7, 108
Box: 3, 9, 3
Box: 4, 14, 12
Box: 11, 4, 31
Box: 32, 17, 4
Box: 8, 40, 4
Box: 54, 124, 30
Box: 160, 176, 19
Box: 38, 49, 12
Box: 71, 52, 50
Box: 17, 99, 26
Box: 15, 12, 16
Box: 49, 196, 35
Box: 193, 18, 2
Box: 14, 25, 11
Box: 66, 8, 7
Box: 48, 32, 105
Box: 23, 7, 17
Box: 101, 196, 11
Box: 40, 102, 85
Box: 38, 196, 172
Box: 28, 18, 5
Box: 129, 38, 172
Box: 3, 5, 15
Box: 141, 25, 172
Box: 41, 58, 12
Box: 16, 61, 11
Box: 144, 47, 76
Box: 2, 23, 42
Box: 17, 196, 15
Box: 88, 4, 35
Box: 28, 11, 172
Box: 285, 111, 172
Box: 24, 20, 53
Box: 59, 196, 172
Box: 19, 32, 105
Box: 69, 125, 11
Box: 2, 196, 3
Box: 17, 28, 21
Box: 28, 43, 21
Box: 20, 43, 45
Box: 96, 41, 5
Box: 285, 59, 43
Box: 6, 7, 172
Box: 11, 6, 12
Box: 37, 31, 77
Box: 188, 196, 3
Box: 29, 56, 12
Box: 26, 37, 39
Box: 56, 196, 8
Box: 103, 28, 6
Box: 9, 43, 11
Box: 4, 4, 15
Box: 22, 53, 26
Box: 5, 77, 3
Box: 24, 80, 4
Box: 3, 196, 30
Box: 206, 196, 8
Box: 23, 40, 6
Box: 285, 68, 4
Box: 143, 2, 39
Box: 62, 63, 3
Box: 285, 196, 12
Box: 64, 116, 89
Box: 25, 196, 172
Box: 11, 121, 32
Box: 8, 53, 11
Box: 39, 68, 21
Box: 11, 196, 9
Box: 74, 196, 55
Box: 3, 158, 4
Box: 5, 176, 19
Box: 5, 31, 4
Box: 5, 196, 35
Box: 97, 17, 6
Box: 49, 22, 11
Box: 94, 53, 26
Box: 55, 68, 139
Box: 23, 25, 9
Box: 168, 7, 25
Box: 156, 196, 74
Box: 14, 48, 15
Box: 13, 19, 172
Box: 285, 65, 38
Box: 285, 196, 37
Box: 22, 26, 11
Box: 262, 36, 4
Box: 197, 4, 42
Box: 106, 2, 15
Box: 129, 15, 172
Box: 48, 35, 22
Box: 18, 87, 35
Box: 84, 13, 172
Box: 29, 55, 6
Box: 28, 17, 22
Box: 57, 95, 91
Box: 285, 43, 93
Box: 18, 20, 172
Box: 228, 136, 172
Box: 27, 51, 18
Box: 285, 86, 172
Box: 9, 14, 45
Box: 49, 24, 11
Box: 2, 3, 3
Box: 38, 3, 13
Box: 76, 37, 16
Box: 50, 60, 11
Box: 3, 9, 7
Box: 17, 2, 172
Box: 87, 43, 172
Box: 11, 196, 10
Box: 6, 17, 47
Box: 3, 28, 2
Box: 12, 6, 2
Box: 118, 12, 172
Box: 91, 7, 52
Box: 2, 67, 58
Box: 7, 14, 51
Box: 6, 71, 6
Box: 94, 196, 30
Box: 40, 76, 48
Box: 69, 151, 2
Box: 79, 5, 8
Box: 220, 184, 79
Box: 9, 38, 17
Box: 14, 109, 21
Box: 271, 14, 35
Box: 28, 43, 17
Box: 15, 54, 65
Box: 40, 39, 26
Box: 3, 4, 139
Box: 31, 9, 6
Box: 18, 33, 68
Box: 285, 31, 4
Box: 104, 9, 2
Box: 29, 5, 8
Box: 44, 4, 6
Box: 15, 2, 2
Box: 197, 73, 77
Box: 32, 15, 5
Box: 94, 196, 40
Box: 3, 19, 10
Box: 285, 196, 4
Box: 35, 196, 172
Box: 4, 196, 147
Box: 37, 12, 172
Box: 20, 8, 35
Box: 5, 33, 11
Box: 76, 196, 13
Box: 19, 91, 172
Box: 28, 11, 74
Box: 81, 196, 55
Box: 76, 75, 11
Box: 38, 196, 42
Box: 6, 196, 30
Box: 29, 33, 172
Box: 6, 3, 8
Box: 34, 128, 11
Box: 16, 5, 3
Box: 15, 39, 18
Box: 30, 53, 35
Box: 96, 44, 7
Box: 16, 61, 164
Box: 71, 12, 29
Box: 29, 196, 69
Box: 10, 26, 7
Box: 18, 11, 6
Box: 15, 55, 6
Box: 43, 16, 8
Box: 30, 39, 51
Box: 285, 5, 16
Box: 28, 9, 172
Box: 71, 53, 11
Box: 12, 8, 42
Box: 11, 3, 172
Box: 164, 14, 2
Box: 285, 17, 141
Box: 22, 12, 118
Box: 188, 196, 15
Box: 3, 68, 21
Box: 5, 29, 42
Box: 6, 9, 134
Box: 23, 196, 83
Box: 29, 32, 15
Box: 57, 95, 56
Box: 28, 82, 103
Box: 285, 34, 172
Box: 78, 44, 6
Box: 3, 49, 35
Box: 80, 44, 9
Box: 63, 3, 13
Box: 199, 15, 92
Box: 94, 5, 31
Box: 137, 196, 44
Box: 285, 88, 31
Box: 7, 7, 14
Box: 19, 16, 69
Box: 40, 102, 20
Box: 191, 196, 13
Box: 30, 196, 59
Box: 285, 70, 21
Box: 12, 94, 16
Box: 20, 19, 35
Box: 64, 35, 44
Box: 68, 196, 38
Box: 11, 9, 5
Box: 35, 10, 85
Box: 81, 196, 117
Box: 60, 54, 17
Box: 285, 25, 4
Box: 66, 196, 83
Box: 46, 85, 105
Box: 285, 196, 34
Box: 2, 196, 172
Box: 166, 41, 34
Box: 15, 196, 8
Box: 14, 3, 26
Box: 8, 124, 4
Box: 15, 28, 2
Box: 148, 11, 71
Box: 19, 16, 12
Box: 191, 182, 29
Box: 16, 6, 8
Box: 285, 15, 21
Box: 2, 196, 17
Box: 13, 2, 42
Box: 22, 7, 172
Box: 55, 6, 12
Box: 14, 196, 40
Box: 6, 3, 51
Box: 3, 57, 10
Box: 6, 71, 92
Box: 283, 144, 172
Box: 2, 196, 18
Box: 23, 34, 110
Box: 36, 196, 80
Box: 11, 196, 36
Box: 285, 11, 11
Box: 17, 10, 46
Box: 84, 196, 154
Box: 16, 21, 143
Box: 55, 6, 25
Box: 48, 53, 3
Box: 4, 13, 5
Box: 16, 21, 10
Box: 3, 38, 57
Box: 6, 79, 25
Box: 40, 43, 172
Box: 40, 39, 8
Box: 72, 33, 54
Box: 11, 19, 38
Box: 116, 5, 11
Box: 30, 6, 11
Box: 40, 27, 139
Box: 19, 2, 30
Box: 40, 76, 37
Box: 12, 7, 19
Box: 160, 29, 12
Box: 32, 2, 5
Box: 183, 111, 52
Box: 18, 196, 172
Box: 13, 2, 6
Box: 76, 196, 14
Box: 19, 124, 30
Box: 17, 53, 37
Box: 80, 67, 47
Box: 83, 30, 26
Box: 55, 26, 58
Box: 55, 12, 58
Box: 23, 17, 9
Box: 98, 53, 30
Box: 11, 15, 22
Box: 36, 81, 68
Box: 5, 16, 23
Box: 11, 8, 35
Box: 43, 8, 50
Box: 211, 196, 17
Box: 12, 21, 172
Box: 42, 196, 19
Box: 3, 4, 4
Box: 3, 80, 10
Box: 55, 120, 58
Box: 143, 38, 39
Box: 6, 2, 172
Box: 18, 4, 19
Box: 143, 11, 55
Box: 167, 196, 39
Box: 8, 35, 11
Box: 285, 61, 35
Box: 23, 25, 17
Box: 35, 196, 53
Box: 5, 6, 23
Box: 8, 196, 42
Box: 7, 71, 164
Box: 27, 196, 172
Box: 20, 4, 3
Box: 49, 4, 8
Box: 57, 148, 40
Box: 10, 31, 9
Box: 46, 26, 8
Box: 211, 196, 41
Box: 285, 196, 4
Box: 33, 196, 6
Box: 6, 3, 22
Box: 190, 36, 8
Box: 16, 7, 3
Box: 6, 17, 16
Box: 15, 54, 31
Box: 37, 8, 172
Box: 27, 4, 31
Box: 3, 2, 87
Box: 9, 55, 23
Box: 2, 17, 74
Box: 6, 53, 37
Box: 128, 9, 9
Box: 16, 102, 9
Box: 285, 95, 2
Box: 72, 4, 6
Box: 23, 7, 5
Box: 285, 3, 92
Box: 104, 196, 83
Box: 10, 25, 39
Box: 56, 52, 9
Box: 18, 66, 29
Box: 188, 23, 2
Box: 4, 34, 13
Box: 164, 196, 54
Box: 20, 4, 35
Box: 285, 25, 7
Box: 32, 11, 8
Box: 3, 13, 5
Box: 80, 29, 12
Box: 23, 96, 9
Box: 199, 9, 92
Box: 58, 196, 3
Box: 14, 129, 11
Box: 285, 98, 172
Box: 46, 49, 41
Box: 3, 16, 2
Box: 3, 10, 19
Box: 14, 129, 11
Box: 19, 25, 32
Box: 3, 2, 14
Box: 83, 47, 7
Box: 14, 20, 34
Box: 30, 13, 11
Box: 18, 12, 15
Box: 12, 12, 2
Box: 4, 196, 6
Box: 8, 196, 172
Box: 13, 196, 42
Box: 61, 4, 42
Box: 14, 7, 172
Box: 4, 4, 12
Box: 118, 3, 6
Box: 285, 35, 27
Box: 285, 9, 5
Box: 50, 107, 39
Box: 76, 13, 15
Box: 32, 35, 172
Box: 70, 43, 45
Box: 6, 17, 36
Box: 10, 196, 172
Box: 3, 16, 17
Box: 54, 38, 57
Box: 28, 43, 98
Box: 55, 120, 18
Box: 65, 64, 79
Box: 96, 196, 48
Box: 18, 57, 172
Box: 131, 4, 5
Box: 111, 44, 16
Box: 2, 53, 21
Box: 19, 6, 15
Box: 33, 196, 9
Box: 71, 23, 105
Box: 30, 3, 8
Box: 285, 39, 4
Box: 13, 9, 29
Box: 5, 85, 116
Box: 2, 43, 11
Box: 5, 2, 3
Box: 2, 196, 4
Box: 50, 5, 172
Box: 42, 67, 172
Box: 69, 8, 35
Box: 10, 4, 45
Box: 197, 55, 17
Box: 32, 12, 5
Box: 54, 122, 7
Box: 22, 5, 164
Box: 33, 7, 30
Box: 4, 15, 42
Box: 19, 38, 47
Box: 4, 90, 35
Box: 135, 13, 21
Box: 285, 10, 32
Box: 96, 44, 38
Box: 24, 32, 7
Box: 16, 102, 3
Box: 4, 57, 172
Box: 26, 196, 46
Box: 24, 196, 11
Box: 34, 83, 42
Box: 35, 22, 85
Box: 18, 48, 6
Box: 23, 12, 17
Box: 9, 96, 14
Box: 28, 21, 3
Box: 63, 24, 11
Box: 60, 68, 21
Box: 5, 31, 3
Box: 32, 64, 4
Box: 5, 30, 26
Box: 152, 196, 56
Box: 28, 8, 6
Box: 17, 2, 3
Box: 76, 23, 11
Box: 23, 38, 3
Box: 46, 165, 8
Box: 23, 10, 61
Box: 3, 10, 15
Box: 18, 20, 172
Box: 97, 196, 74
Box: 40, 78, 172
Box: 71, 13, 5
Box: 10, 43, 9
Box: 44, 44, 172
Box: 59, 21, 172
Box: 48, 38, 3
Box: 285, 45, 20
Box: 19, 31, 76
Box: 18, 72, 15
Box: 285, 104, 172
Box: 54, 24, 15
Box: 40, 39, 2
Box: 14, 4, 10
Box: 18, 4, 15
Box: 271, 8, 6
Box: 44, 196, 35
Box: 2, 12, 2
Box: 167, 7, 3
Box: 18, 77, 15
Box: 108, 12, 9
Box: 11, 43, 45
Box: 2, 4, 14
Box: 188, 196, 12
Box: 5, 196, 26
Box: 152, 196, 16
Box: 32, 28, 90
Box: 5, 28, 10
Box: 76, 49, 15
Box: 188, 196, 11
Box: 242, 40, 13
Box: 83, 196, 105
Box: 114, 20, 19
Box: 19, 37, 172
Box: 285, 196, 73
Box: 16, 38, 3
Box: 37, 38, 25
Box: 8, 34, 13
Box: 4, 31, 172
Box: 3, 13, 4
Box: 29, 196, 51
Box: 49, 18, 8
Box: 168, 17, 25
Box: 5, 44, 27
Box: 71, 13, 7
Box: 4, 23, 5
Box: 43, 9, 8
Box: 285, 196, 3
Box: 4, 3, 170
Box: 2, 9, 14
Box: 10, 2, 117
Box: 7, 7, 6
Box: 87, 9, 12
Box: 32, 12, 10
Box: 5, 28, 10
Box: 10, 196, 55
Box: 10, 56, 7
Box: 28, 19, 8
Box: 131, 49, 5
Box: 46, 59, 8
Box: 4, 37, 5
Box: 5, 24, 3
Box: 14, 176, 19
Box: 96, 81, 15
Box: 16, 196, 13
Box: 27, 14, 8
Box: 18, 20, 34
Box: 285, 2, 17
Box: 43, 25, 6
Box: 42, 107, 11
Box: 22, 49, 3
Box: 5, 20, 172
Box: 129, 94, 40
Box: 178, 196, 172
Box: 285, 49, 45
Box: 4, 196, 172
Box: 25, 9, 12
Box: 285, 29, 69
Box: 285, 10, 16
Box: 41, 7, 30
Box: 109, 196, 4
Box: 11, 15, 40
Box: 7, 180, 12
Box: 15, 132, 35
Box: 75, 51, 8
Box: 50, 9, 38
Box: 7, 14, 8
Box: 5, 12, 3
Box: 3, 3, 4
Box: 20, 15, 42
Box: 115, 49, 29
Box: 285, 3, 44
Box: 9, 16, 23
Box: 20, 85, 102
Box: 4, 38, 57
Box: 2, 26, 14
Box: 2, 97, 30
Box: 111, 6, 16
Box: 15, 7, 172
Box: 3, 2, 3
Box: 7, 30, 26
Box: 28, 17, 16
Box: 106, 196, 23
Box: 15, 27, 35
Box: 23, 18, 2
Box: 6, 196, 21
Box: 86, 90, 172
Box: 188, 196, 5
Box: 8, 60, 11
Box: 90, 64, 73
Box: 102, 16, 55
Box: 106, 196, 20
Box: 13, 77, 4
Box: 35, 8, 6
Box: 229, 27, 172
Box: 30, 196, 13
Box: 60, 12, 130
Box: 48, 19, 20
Box: 19, 52, 2
Box: 58, 196, 11
Box: 271, 2, 41
Box: 35, 196, 54
Box: 52, 7, 41
Box: 199, 48, 92
Box: 42, 6, 3
Box: 24, 49, 172
Box: 38, 49, 6
Box: 285, 42, 6
Box: 29, 12, 15
Box: 8, 42, 6
Box: 59, 18, 33
Box: 23, 8, 5
Box: 144, 42, 7
Box: 13, 59, 81
Box: 3, 37, 16
Box: 50, 196, 26
Box: 18, 196, 92
Box: 18, 24, 15
Box: 285, 65, 31
Box: 3, 14, 4
Box: 19, 25, 30
Box: 129, 94, 26
Box: 56, 52, 20
Box: 27, 99, 172
Box: 5, 38, 57
Box: 23, 9, 10
Box: 5, 96, 14
Box: 128, 62, 36
Box: 28, 82, 25
Box: 62, 60, 12
Box: 44, 2, 44
Box: 4, 196, 4
Box: 19, 14, 15
Box: 72, 14, 29
Box: 3, 25, 15
Box: 26, 196, 38
Box: 43, 196, 15
Box: 14, 196, 38
Box: 48, 35, 38
Box: 242, 28, 36
Box: 14, 110, 98
Box: 3, 4, 2
Box: 45, 3, 35
Box: 13, 12, 118
Box: 14, 4, 12
Box: 18, 7, 15
Box: 63, 46, 5
Box: 271, 20, 41
Box: 15, 8, 43
Box: 9, 44, 29
Box: 128, 44, 9
Box: 36, 196, 86
Box: 18, 32, 7
Box: 285, 35, 15
Box: 74, 7, 78
Box: 17, 2, 2
Box: 13, 77, 168
Box: 35, 31, 77
Box: 6, 2, 70
Box: 3, 53, 3
Box: 6, 6, 2
Box: 285, 3, 16
Box: 3, 49, 19
Box: 7, 6, 92
Box: 285, 7, 24
Box: 148, 11, 21
Box: 17, 99, 23
Box: 19, 12, 172
Box: 8, 12, 7
Box: 23, 108, 33
Box: 27, 196, 172
Box: 23, 40, 2
Box: 12, 31, 73
Box: 139, 52, 16
Box: 35, 63, 60
Box: 38, 125, 11
Box: 29, 12, 18
Box: 76, 24, 15
Box: 83, 124, 30
Box: 4, 34, 13
Box: 19, 196, 172
Box: 161, 196, 8
Box: 285, 3, 52
Box: 285, 49, 7
Box: 26, 35, 29
Box: 66, 39, 7
Box: 107, 19, 25
Box: 6, 49, 92
Box: 285, 7, 6
Box: 16, 196, 15
Box: 63, 4, 6
Box: 3, 3, 4
Box: 4, 3, 7
Box: 7, 13, 29
Box: 49, 176, 172
Box: 197, 71, 10
Box: 23, 108, 5
Box: 2, 31, 2
Box: 18, 63, 3
Box: 72, 63, 60
Box: 285, 8, 9
Box: 3, 196, 7
Box: 7, 13, 29
Box: 3, 31, 77
Box: 80, 10, 3
Box: 15, 17, 35
Box: 48, 65, 38
Box: 29, 106, 12
Box: 13, 2, 5
Box: 27, 11, 12
Box: 25, 176, 19
Box: 188, 196, 12
Box: 72, 50, 29
Box: 64, 196, 76
Box: 8, 196, 172
Box: 14, 175, 7
Box: 5, 165, 45
Box: 23, 10, 61
Box: 285, 47, 57
Box: 285, 41, 81
Box: 95, 110, 172
Box: 9, 2, 23
Box: 39, 196, 172
Box: 23, 11, 52
Box: 137, 33, 44
Box: 7, 7, 26
Box: 118, 19, 6
Box: 19, 20, 21
Box: 4, 165, 45
Box: 44, 11, 6
Box: 26, 28, 12
Box: 2, 38, 2
Box: 73, 196, 21
Box: 111, 2, 16
Box: 8, 23, 10
Box: 123, 50, 38
Box: 50, 24, 35
Box: 285, 45, 129
Box: 15, 40, 5
Box: 2, 31, 7
Box: 18, 29, 19
Box: 7, 35, 8
Box: 15, 82, 7
Box: 57, 30, 164
Box: 3, 4, 6
Box: 5, 33, 172
Box: 35, 15, 45
Box: 9, 17, 23
Box: 48, 53, 3
Box: 27, 196, 147
Box: 40, 8, 83
Box: 116, 5, 7
Box: 96, 196, 10
Box: 13, 51, 172
Box: 80, 19, 3
Box: 83, 19, 7
Box: 97, 196, 172
Box: 11, 2, 5
Box: 14, 35, 172
Box: 12, 196, 83
Box: 285, 8, 57
Box: 285, 165, 18
Box: 285, 196, 2
Box: 285, 196, 42
Box: 18, 50, 19
Box: 17, 10, 46
Box: 35, 196, 34
Box: 72, 9, 36
Box: 15, 14, 8
Box: 13, 14, 29
Box: 26, 196, 47
Box: 234, 14, 6
Box: 59, 67, 47
Box: 11, 9, 15
Box: 22, 38, 3
Box: 13, 196, 9
Box: 10, 13, 21
Box: 7, 2, 51
Box: 2, 67, 172
Box: 90, 73, 73
Box: 5, 5, 42
Box: 63, 2, 27
Box: 43, 45, 8
Box: 19, 16, 4
Box: 285, 41, 43
Box: 36, 196, 51
Box: 50, 18, 172
Box: 58, 196, 52
Box: 75, 63, 37
Box: 15, 44, 172
Box: 285, 70, 119
Box: 60, 12, 37
Box: 285, 23, 44
Box: 40, 39, 51
Box: 21, 52, 19
Box: 3, 5, 2
Box: 285, 196, 121
Box: 13, 3, 26
Box: 3, 13, 20
Box: 23, 96, 41
Box: 42, 196, 76
Box: 32, 5, 5
Box: 6, 79, 9
Box: 48, 35, 26
Box: 28, 43, 44
Box: 28, 43, 42
Box: 16, 8, 42
Box: 20, 12, 118
Box: 3, 11, 172
Box: 40, 18, 139
Box: 20, 3, 12
Box: 14, 30, 26
Box: 42, 196, 109
Box: 285, 19, 172
Box: 35, 12, 11
Box: 48, 10, 172
Box: 51, 3, 53
Box: 15, 40, 13
Box: 20, 63, 6
Box: 8, 4, 31
Box: 32, 196, 74
Box: 46, 29, 36
Box: 19, 25, 27
Box: 56, 27, 172
Box: 5, 12, 7
Box: 12, 31, 11
Box: 19, 43, 45
Box: 12, 31, 119
Box: 2, 196, 6
Box: 110, 8, 14
Box: 35, 2, 7
Box: 15, 64, 59
Box: 20, 196, 55
Box: 103, 65, 38
Box: 60, 16, 25
Box: 102, 124, 8
Box: 32, 196, 29
Box: 16, 7, 23
Box: 164, 178, 2
Box: 55, 9, 63
Box: 42, 67, 47
Box: 3, 196, 11
Box: 23, 16, 5
Box: 19, 2, 15
Box: 3, 3, 3
Box: 12, 10, 172
Box: 9, 196, 172
Box: 35, 46, 127
Box: 48, 53, 5
Box: 285, 52, 19
Box: 93, 196, 12
Box: 13, 43, 45
Box: 102, 44, 8
Box: 19, 20, 19
Box: 61, 124, 30
Box: 10, 51, 73
Box: 285, 52, 63
Box: 29, 30, 12
Box: 8, 8, 24
Box: 22, 3, 11
Box: 28, 19, 4
Box: 2, 102, 172
Box: 20, 196, 172
Box: 5, 3, 23
Box: 6, 196, 29
Box: 4, 14, 17
Box: 26, 196, 11
Box: 4, 165, 45
Box: 109, 38, 30
Box: 26, 196, 4
Box: 37, 21, 41
Box: 22, 12, 172
Box: 23, 73, 39
Box: 40, 12, 40
Box: 53, 46, 5
Box: 43, 8, 71
Box: 83, 4, 26
Box: 86, 53, 5
Box: 10, 8, 7
Box: 48, 19, 8
Box: 5, 18, 2
Box: 10, 75, 54
Box: 117, 151, 2
Box: 3, 6, 15
Box: 31, 9, 30
Box: 21, 3, 35
Box: 27, 12, 58
Box: 3, 36, 15
Box: 33, 67, 26
Box: 23, 63, 172
Box: 55, 76, 18
Box: 6, 5, 11
Box: 37, 196, 37
Box: 23, 2, 17
Box: 109, 196, 2
Box: 19, 20, 7
Box: 15, 40, 4
Box: 19, 38, 5
Box: 150, 25, 4
Box: 26, 3, 29
Box: 15, 31, 77
Box: 12, 31, 26
Box: 17, 196, 29
Box: 58, 38, 42
Box: 11, 196, 82
Box: 12, 196, 172
Box: 23, 51, 5
Box: 80, 129, 3
Box: 58, 196, 16
Box: 9, 196, 29
Box: 3, 196, 18
Box: 3, 5, 10
Box: 8, 3, 53
Box: 11, 3, 38
Box: 38, 3, 8
Box: 3, 2, 23
Box: 3, 3, 3
Box: 2, 26, 74
Box: 55, 10, 58
Box: 3, 2, 20
Box: 11, 9, 38
Box: 10, 196, 21
Box: 35, 21, 3
Box: 65, 44, 71
Box: 111, 96, 16
Box: 72, 84, 29
Box: 44, 115, 172
Box: 34, 83, 69
Box: 40, 10, 172
Box: 4, 4, 9
Box: 37, 36, 41
Box: 48, 21, 3
Box: 18, 43, 9
Box: 169, 17, 42
Box: 32, 83, 16
Box: 35, 51, 65
Box: 8, 196, 16
Box: 131, 196, 2
Box: 285, 14, 2
Box: 10, 49, 63
Box: 36, 115, 20
Box: 56, 17, 6
Box: 24, 20, 2
Box: 19, 24, 11
Box: 9, 87, 23
Box: 16, 11, 8
Box: 44, 2, 49
Box: 69, 39, 18
Box: 111, 129, 172
Box: 32, 6, 18
Box: 194, 30, 172
Box: 30, 41, 35
Box: 55, 68, 21
Box: 11, 4, 45
Box: 46, 12, 172
Box: 44, 4, 6
Box: 6, 67, 39
Box: 11, 196, 13
Box: 35, 51, 23
Box: 73, 3, 13
Box: 23, 54, 61
Box: 11, 14, 45
Box: 285, 9, 8
Box: 21, 31, 172
Box: 5, 76, 42
Box: 285, 7, 6
Box: 60, 196, 14
Box: 58, 38, 42
Box: 3, 6, 8
Box: 5, 87, 35
Box: 23, 25, 110
Box: 44, 52, 16
Box: 37, 57, 28
Box: 104, 176, 172
Box: 63, 5, 172
Box: 285, 7, 28
Box: 38, 60, 2
Box: 19, 12, 109
Box: 16, 102, 12
Box: 21, 13, 21
Box: 31, 23, 42
Box: 8, 15, 3
Box: 2, 196, 31
Box: 136, 15, 83
Box: 49, 7, 48
Box: 194, 8, 172
Box: 285, 41, 12
Box: 180, 196, 21
Box: 69, 196, 75
Box: 285, 10, 54
Box: 72, 2, 36
Box: 188, 196, 24
Box: 167, 7, 23
Box: 37, 196, 102
Box: 285, 29, 66
Box: 5, 9, 6
Box: 35, 88, 103
Box: 35, 41, 11
Box: 7, 6, 92
Box: 163, 196, 30
Box: 4, 196, 172
Box: 15, 19, 100
Box: 19, 5, 5
Box: 17, 110, 46
Box: 3, 5, 3
Box: 37, 3, 39
Box: 42, 196, 13
Box: 2, 2, 14
Box: 35, 31, 22
Box: 43, 43, 8
Box: 14, 189, 172
Box: 78, 13, 30
Box: 6, 15, 38
Box: 285, 41, 4
Box: 33, 63, 6
Box: 6, 25, 39
Box: 46, 10, 10
Box: 3, 4, 21
Box: 6, 12, 7
Box: 44, 3, 6
Box: 2, 121, 7
Box: 20, 48, 35
Box: 285, 196, 19
Box: 52, 44, 2
Box: 8, 4, 12
Box: 32, 55, 6
Box: 9, 19, 23
Box: 10, 196, 7
Box: 15, 196, 19
Box: 9, 9, 2
Box: 285, 170, 44
Box: 10, 3, 13
Box: 92, 196, 26
Box: 3, 16, 19
Box: 285, 53, 19
Box: 3, 17, 12
Box: 285, 78, 6
Box: 169, 17, 121
Box: 4, 4, 45
Box: 14, 129, 36
Box: 285, 48, 19
Box: 155, 71, 7
Box: 6, 15, 15
Box: 165, 83, 172
Box: 18, 44, 6
Box: 32, 25, 8
Box: 285, 33, 172
Box: 44, 196, 89
Box: 37, 3, 35
Box: 23, 108, 6
Box: 125, 112, 172
Box: 20, 10, 35
Box: 28, 45, 21
Box: 15, 40, 15
Box: 58, 82, 24
Box: 42, 196, 21
Box: 36, 4, 12
Box: 285, 35, 4
Box: 50, 31, 38
Box: 50, 29, 36
Box: 36, 52, 41
Box: 42, 33, 8
Box: 6, 17, 16
Box: 24, 20, 55
Box: 40, 196, 40
Box: 69, 5, 35
Box: 3, 40, 19
Box: 3, 13, 172
Box: 38, 60, 6
Box: 23, 12, 7
Box: 34, 63, 5
Box: 68, 53, 30
Box: 134, 6, 104
Box: 60, 3, 25
Box: 4, 45, 8
Box: 285, 115, 19
Box: 14, 23, 42
Box: 17, 18, 46
Box: 7, 13, 4
Box: 30, 14, 58
Box: 11, 15, 51
Box: 44, 141, 45
Box: 9, 196, 26
Box: 71, 13, 33
Box: 3, 42, 19
Box: 123, 165, 8
Box: 285, 57, 43
Box: 38, 155, 9
Box: 28, 29, 9
Box: 35, 58, 172
Box: 36, 20, 41
Box: 69, 196, 79
Box: 14, 15, 29
Box: 3, 54, 12
Box: 2, 31, 172
Box: 112, 27, 2
Box: 285, 196, 94
Box: 36, 48, 12
Box: 83, 35, 26
Box: 41, 79, 12
Box: 22, 4, 172
Box: 17, 24, 121
Box: 13, 2, 40
Box: 69, 100, 18
Box: 16, 4, 4
Box: 23, 11, 2
Box: 8, 10, 10
Box: 141, 26, 172
Box: 135, 61, 172
Box: 83, 9, 24
Box: 36, 19, 4
Box: 15, 35, 172
Box: 285, 196, 56
Box: 86, 53, 10
Box: 15, 8, 16
Box: 23, 87, 35
Box: 68, 196, 35
Box: 80, 4, 31
Box: 285, 67, 80
Box: 235, 19, 172
Box: 32, 131, 18
Box: 60, 196, 172
Box: 17, 9, 121
Box: 14, 68, 15
Box: 132, 53, 11
Box: 4, 4, 4
Box: 285, 87, 26
Box: 285, 7, 14
Box: 17, 99, 29
Box: 5, 31, 172
Box: 18, 2, 117
Box: 65, 35, 172
Box: 30, 196, 4
Box: 3, 24, 12
Box: 285, 43, 4
Box: 29, 3, 8
Box: 125, 2, 5
Box: 40, 3, 172
Box: 94, 22, 2
Box: 285, 196, 3
Box: 14, 11, 8
Box: 10, 53, 15
Box: 37, 38, 7
Box: 188, 61, 2
Box: 62, 196, 26
Box: 8, 196, 42
Box: 84, 14, 172
Box: 125, 22, 172
Box: 285, 24, 6
Box: 5, 19, 4
Box: 3, 5, 3
Box: 13, 2, 2
Box: 3, 31, 3
Box: 4, 12, 2
Box: 7, 196, 172
Box: 94, 196, 3
Box: 34, 83, 14
Box: 40, 102, 7
Box: 35, 196, 20
Box: 28, 55, 57
Box: 29, 2, 155
Box: 169, 43, 172
Box: 285, 15, 10
Box: 37, 43, 172
Box: 55, 2, 52
Box: 46, 79, 8
Box: 3, 5, 7
Box: 80, 16, 3
Box: 36, 63, 6
Box: 86, 2, 172
Box: 96, 8, 15
Box: 85, 196, 11
Box: 59, 22, 172
Box: 14, 110, 11
Box: 285, 9, 4
Box: 83, 68, 21
Box: 28, 17, 8
Box: 20, 176, 19
Box: 188, 196, 19
Box: 35, 88, 9
Box: 4, 38, 17
Box: 30, 22, 5
Box: 58, 196, 47
Box: 84, 15, 172
Box: 13, 5, 154
Box: 8, 2, 172
Box: 46, 171, 10
Box: 14, 7, 23
Box: 44, 16, 172
Box: 64, 5, 89
Box: 2, 9, 6
Box: 57, 95, 17
Box: 22, 3, 53
Box: 29, 55, 9
Box: 102, 196, 39
Box: 22, 10, 164
Box: 189, 15, 42
Box: 20, 23, 35
Box: 16, 102, 15
Box: 7, 28, 43
Box: 80, 2, 3
Box: 54, 136, 172
Box: 3, 17, 35
Box: 83, 38, 57
Box: 50, 19, 172
Box: 29, 3, 8
Box: 198, 43, 172
Box: 10, 22, 5
Box: 42, 58, 11
Box: 10, 71, 164
Box: 32, 44, 34
Box: 18, 2, 19
Box: 4, 112, 5
Box: 29, 5, 8
Box: 17, 99, 16
Box: 164, 196, 28
Box: 285, 59, 30
Box: 3, 28, 10
Box: 54, 196, 14
Box: 26, 196, 11
Box: 9, 11, 12
Box: 40, 196, 2
Box: 2, 9, 30
Box: 6, 3, 8
Box: 49, 30, 8
Box: 106, 92, 15
Box: 67, 38, 2
Box: 128, 21, 9
Box: 69, 23, 18
Box: 82, 196, 21
Box: 21, 196, 2
Box: 4, 22, 8
Box: 55, 6, 17
Box: 4, 6, 2
Box: 7, 13, 57
Box: 9, 11, 29
Box: 16, 7, 23
Box: 15, 31, 77
Box: 6, 53, 172
Box: 36, 124, 41
Box: 158, 62, 41
Box: 33, 196, 7
Box: 19, 52, 44
Box: 19, 6, 15
Box: 65, 52, 79
Box: 3, 13, 4
Box: 41, 20, 34
Box: 71, 44, 172
Box: 5, 196, 172
Box: 21, 87, 35
Box: 55, 2, 172
Box: 15, 14, 103
Box: 27, 12, 41
Box: 35, 88, 20
Box: 86, 19, 172
Box: 98, 196, 13
Box: 285, 21, 69
Box: 28, 19, 12
Box: 14, 3, 26
Box: 19, 2, 172
Box: 22, 12, 118
Box: 116, 20, 7
Box: 21, 9, 2
Box: 176, 75, 54
Box: 22, 27, 164
Box: 27, 196, 172
Box: 2, 4, 9
Box: 212, 17, 29
Box: 108, 57, 30
Box: 2, 24, 6
Box: 111, 19, 172
Box: 194, 8, 172
Box: 285, 27, 3
Box: 196, 9, 30
Box: 28, 11, 16
Box: 199, 18, 92
Box: 32, 77, 90
Box: 168, 196, 15
Box: 29, 144, 4
Box: 12, 14, 4
Box: 32, 26, 15
Box: 37, 7, 39
Box: 169, 49, 7
Box: 29, 55, 9
Box: 46, 125, 11
Box: 42, 90, 172
Box: 4, 196, 10
Box: 19, 16, 2
Box: 15, 11, 41
Box: 70, 196, 8
Box: 48, 134, 172
Box: 35, 10, 69
Box: 285, 28, 6
Box: 59, 196, 16
Box: 10, 68, 21
Box: 188, 151, 19
Box: 7, 2, 92
Box: 29, 11, 4
Box: 41, 31, 172
Box: 9, 20, 172
Box: 16, 19, 4
Box: 15, 196, 13
Box: 17, 15, 3
Box: 28, 18, 4
Box: 9, 44, 172
Box: 17, 2, 31
Box: 32, 21, 18
Box: 285, 196, 41
Box: 11, 49, 92
Box: 188, 196, 25
Box: 46, 196, 29
Box: 6, 196, 15
Box: 42, 8, 3
Box: 5, 90, 41
Box: 16, 196, 6
Box: 20, 3, 8
Box: 7, 13, 8
Box: 3, 4, 8
Box: 48, 19, 24
Box: 11, 29, 36
Box: 164, 196, 88
Box: 23, 20, 14
Box: 76, 110, 154
Box: 109, 84, 54
Box: 18, 37, 6
Box: 39, 9, 2
Box: 8, 53, 11
Box: 13, 19, 9
Box: 55, 4, 172
Box: 88, 2, 29
Box: 59, 87, 86
Box: 27, 8, 14
Box: 285, 10, 172
Box: 10, 196, 12
Box: 87, 9, 10
Box: 3, 2, 15
Box: 188, 47, 11
Box: 32, 14, 5
Box: 30, 57, 172
Box: 86, 39, 172
Box: 3, 7, 4
Box: 3, 196, 8
Box: 52, 17, 9
Box: 7, 4, 51
Box: 16, 9, 2
Box: 140, 196, 172
Box: 66, 196, 8
Box: 31, 5, 57
Box: 42, 18, 8
Box: 72, 196, 164
Box: 6, 2, 9
Box: 15, 27, 16
Box: 15, 14, 7
Box: 24, 8, 35
Box: 5, 4, 9
Box: 88, 16, 35
Box: 285, 3, 68
Box: 19, 25, 40
Box: 125, 196, 27
Box: 18, 2, 15
Box: 190, 24, 8
Box: 53, 43, 45
Box: 9, 4, 15
Box: 58, 28, 43
Box: 31, 19, 28
Box: 5, 4, 3
Box: 14, 4, 30
Box: 2, 38, 5
Box: 16, 17, 6
Box: 6, 10, 172
Box: 42, 58, 8
Box: 197, 14, 17
Box: 17, 22, 121
Box: 24, 20, 58
Box: 11, 6, 30
Box: 88, 66, 35
Box: 11, 37, 39
Box: 32, 7, 4
Box: 11, 121, 107
Box: 94, 10, 31
Box: 94, 39, 2
Box: 108, 31, 30
Box: 106, 9, 15
Box: 19, 6, 7
Box: 119, 13, 21
Box: 3, 63, 6
Box: 61, 28, 43
Box: 19, 99, 76
Box: 42, 168, 11
Box: 29, 12, 32
Box: 118, 2, 6
Box: 5, 20, 23
Box: 285, 104, 172
Box: 35, 10, 172
Box: 29, 17, 9
Box: 32, 25, 40
Box: 89, 174, 55
Box: 18, 56, 6
Box: 61, 43, 30
Box: 17, 102, 172
Box: 7, 19, 15
Box: 8, 82, 7
Box: 16, 102, 23
Box: 2, 6, 30
Box: 17, 13, 29
Box: 15, 39, 51
Box: 188, 196, 4
Box: 71, 13, 6
Box: 35, 10, 5
Box: 3, 9, 3
Box: 40, 102, 25
Box: 3, 20, 3
Box: 19, 2, 36
Box: 59, 27, 26
Box: 285, 3, 54
Box: 77, 196, 16
Box: 23, 36, 110
Box: 26, 11, 29
Box: 19, 17, 5
Box: 13, 196, 15
Box: 50, 196, 43
Box: 16, 37, 19
Box: 71, 43, 30
Box: 32, 25, 4
Box: 29, 196, 7
Box: 188, 196, 34
Box: 35, 88, 6
Box: 5, 9, 3
Box: 108, 196, 52
Box: 94, 74, 31
Box: 13, 31, 5
Box: 7, 147, 8
Box: 14, 30, 15
Box: 54, 172, 15
Box: 43, 11, 8
Box: 4, 5, 3
Box: 40, 31, 172
Box: 7, 13, 29
Box: 16, 135, 164
Box: 4, 20, 23
Box: 52, 69, 41
Box: 5, 196, 11
Box: 32, 83, 9
Box: 83, 196, 10
Box: 49, 6, 172
Box: 7, 16, 12
Box: 8, 6, 2
Box: 15, 27, 5
Box: 70, 7, 78
Box: 52, 3, 41
Box: 12, 7, 16
Box: 38, 14, 6
Box: 13, 13, 16
Box: 30, 18, 35
Box: 135, 69, 172
Box: 48, 19, 9
Box: 6, 4, 31
Box: 285, 46, 172
Box: 70, 196, 172
Box: 5, 12, 2
Box: 37, 4, 39
Box: 64, 75, 46
Box: 122, 196, 30
Box: 20, 51, 73
Box: 20, 4, 35
Box: 9, 31, 29
Box: 5, 12, 3
Box: 40, 182, 172
Box: 4, 32, 7
Box: 46, 196, 47
Box: 72, 55, 6
Box: 285, 27, 172
Box: 72, 196, 172
Box: 44, 19, 172
Box: 4, 14, 3
Box: 10, 3, 15
Box: 16, 21, 10
Box: 32, 117, 15
Box: 19, 196, 35
Box: 32, 14, 11
Box: 23, 196, 172
Box: 15, 20, 172
Box: 83, 196, 164
Box: 34, 33, 11
Box: 7, 196, 42
Box: 66, 196, 3
Box: 20, 8, 7
Box: 96, 69, 5
Box: 15, 54, 7
Box: 76, 23, 15
Box: 43, 9, 3
Box: 22, 6, 164
Box: 12, 4, 19
Box: 25, 17, 6
Box: 10, 196, 50
Box: 8, 14, 45
Box: 56, 184, 14
Box: 35, 90, 172
Box: 116, 2, 7
Box: 2, 44, 172
Box: 49, 15, 54
Box: 17, 4, 112
Box: 19, 12, 4
Box: 42, 24, 3
Box: 33, 67, 21
Box: 109, 59, 54
Box: 33, 196, 31
Box: 285, 25, 6
Box: 63, 5, 45
Box: 40, 79, 172
Box: 30, 117, 56
Box: 28, 5, 43
Box: 69, 196, 14
Box: 42, 28, 11
Box: 190, 33, 8
Box: 6, 25, 42
Box: 40, 43, 85
Box: 104, 65, 17
Box: 219, 20, 172
Box: 7, 17, 92
Box: 61, 8, 172
Box: 55, 9, 63
Box: 94, 12, 118
Box: 5, 4, 11
Box: 33, 10, 172
Box: 53, 17, 58
Box: 285, 196, 64
Box: 40, 102, 16
Box: 36, 115, 39
Box: 13, 3, 13
Box: 54, 196, 11
Box: 4, 51, 23
Box: 40, 76, 37
Box: 60, 54, 9
Box: 64, 56, 6
Box: 285, 8, 172
Box: 14, 38, 57
Box: 13, 13, 63
Box: 19, 20, 44
Box: 5, 10, 8
Box: 4, 44, 2
Box: 14, 48, 15
Box: 138, 35, 148
Box: 59, 9, 74
Box: 25, 196, 8
Box: 9, 2, 79
Box: 53, 196, 42
Box: 42, 196, 50
Box: 44, 13, 79
Box: 111, 3, 9
Box: 15, 21, 16
Box: 58, 56, 5
Box: 19, 9, 36
Box: 271, 8, 6
Box: 19, 20, 40
Box: 9, 196, 20
Box: 46, 16, 105
Box: 46, 196, 172
Box: 60, 54, 94
Box: 35, 31, 49
Box: 43, 9, 6
Box: 20, 4, 35
Box: 46, 41, 41
Box: 21, 121, 139
Box: 35, 51, 11
Box: 13, 54, 154
Box: 86, 49, 172
Box: 13, 37, 29
Box: 41, 53, 21
Box: 26, 196, 26
Box: 2, 144, 172
Box: 2, 63, 3
Box: 11, 23, 172
Box: 89, 196, 18
Box: 36, 5, 12
Box: 3, 13, 7
Box: 43, 4, 31
Box: 126, 31, 172
Box: 135, 5, 172
Box: 13, 196, 42
Box: 15, 2, 90
Box: 2, 44, 172
Box: 41, 31, 31
Box: 22, 49, 74
Box: 23, 22, 6
Box: 50, 7, 35
Box: 285, 154, 32
Box: 285, 2, 6
Box: 10, 4, 12
Box: 89, 39, 7
Box: 48, 53, 4
Box: 285, 18, 6
Box: 63, 5, 9
Box: 48, 19, 8
Box: 285, 34, 172
Box: 12, 6, 18
Box: 7, 2, 51
Box: 285, 2, 172
Box: 3, 196, 172
Box: 23, 4, 17
Box: 54, 196, 13
Box: 23, 11, 21
Box: 13, 38, 2
Box: 136, 15, 7
Box: 11, 15, 16
Box: 48, 4, 172
Box: 2, 3, 172
Box: 285, 165, 36
Box: 6, 52, 14
Box: 285, 196, 48
Box: 38, 35, 11
Box: 103, 28, 4
Box: 7, 14, 45
Box: 6, 71, 66
Box: 63, 4, 172
Box: 15, 17, 4
Box: 28, 67, 58
Box: 75, 52, 16
Box: 116, 37, 16
Box: 4, 11, 8
Box: 4, 196, 172
Box: 18, 90, 41
Box: 3, 52, 14
Box: 11, 73, 15
Box: 111, 37, 172
Box: 2, 21, 3
Box: 19, 2, 30
Box: 43, 9, 62
Box: 23, 12, 5
Box: 188, 124, 63
Box: 3, 4, 9
Box: 87, 35, 18
Box: 125, 196, 172
Box: 4, 196, 29
Box: 240, 9, 3
Box: 19, 34, 30
Box: 17, 12, 2
Box: 88, 87, 35
Box: 48, 28, 3
Box: 55, 55, 9
Box: 20, 3, 35
Box: 7, 44, 5
Box: 24, 9, 5
Box: 7, 13, 16
Box: 271, 8, 2
Box: 40, 76, 17
Box: 20, 7, 35
Box: 3, 9, 3
Box: 2, 49, 92
Box: 30, 3, 11
Box: 40, 8, 64
Box: 23, 52, 51
Box: 24, 63, 6
Box: 15, 4, 15
Box: 3, 2, 79
Box: 6, 12, 11
Box: 36, 115, 9
Box: 23, 44, 2
Box: 2, 46, 30
Box: 285, 196, 35
Box: 42, 61, 3
Box: 22, 39, 11
Box: 15, 40, 6
Box: 60, 54, 27
Box: 19, 16, 7
Box: 3, 13, 33
Box: 19, 196, 172
Box: 32, 83, 4
Box: 80, 2, 3
Box: 12, 31, 24
Box: 148, 122, 7
Box: 3, 28, 4
Box: 15, 41, 16
Box: 2, 196, 15
Box: 285, 134, 172
Box: 35, 3, 35
Box: 13, 196, 172
Box: 44, 196, 50
Box: 11, 15, 16
Box: 60, 16, 25
Box: 17, 17, 7
Box: 95, 3, 172
Box: 51, 196, 172
Box: 13, 36, 3
Box: 32, 12, 5
Box: 14, 74, 30
Box: 63, 5, 100
Box: 43, 24, 8
Box: 4, 18, 23
Box: 2, 6, 14
Box: 46, 196, 14
Box: 197, 4, 77
Box: 2, 196, 18
Box: 50, 43, 39
Box: 2, 10, 8
Box: 58, 45, 5
Box: 42, 31, 11
Box: 44, 2, 45
Box: 46, 196, 77
Box: 17, 99, 18
Box: 94, 16, 2
Box: 285, 49, 73
Box: 12, 6, 18
Box: 90, 37, 16
Box: 28, 29, 163
Box: 17, 9, 46
Box: 206, 5, 8
Box: 285, 165, 12
Box: 3, 9, 9
Box: 18, 23, 6
Box: 7, 52, 14
Box: 71, 67, 47
Box: 16, 4, 19
Box: 32, 3, 172
Box: 60, 79, 25
Box: 148, 20, 39
Box: 23, 67, 39
Box: 21, 17, 92
Box: 3, 16, 31
Box: 23, 45, 52
Box: 2, 24, 172
Box: 5, 4, 9
Box: 28, 8, 31
Box: 285, 196, 18
Box: 138, 35, 6
Box: 112, 9, 62
Box: 5, 128, 23
Box: 43, 196, 105
Box: 137, 163, 44
Box: 97, 196, 172
Box: 285, 13, 69
Box: 95, 21, 169
Box: 49, 14, 8
Box: 42, 15, 3
Box: 19, 6, 30
Box: 17, 99, 9
Box: 2, 38, 20
Box: 111, 14, 16
Box: 43, 43, 8
Box: 171, 20, 19
Box: 59, 18, 139
Box: 285, 53, 3
Box: 3, 6, 12
Box: 3, 45, 20
Box: 21, 45, 24
Box: 224, 18, 4
Box: 285, 4, 2
Box: 32, 8, 90
Box: 13, 36, 2
Box: 19, 7, 30
Box: 23, 4, 17
Box: 4, 196, 6
Box: 13, 25, 154
Box: 47, 196, 8
Box: 3, 30, 15
Box: 26, 21, 172
Box: 188, 196, 6
Box: 15, 9, 2
Box: 3, 6, 12
Box: 12, 10, 19
Box: 94, 57, 31
Box: 64, 12, 2
Box: 22, 11, 41
Box: 28, 19, 4
Box: 45, 6, 2
Box: 285, 196, 59
Box: 27, 24, 11
Box: 57, 48, 40
Box: 15, 40, 36
Box: 15, 54, 53
Box: 93, 40, 4
Box: 48, 53, 15
Box: 6, 7, 11
Box: 197, 60, 5
Box: 19, 11, 142
Box: 59, 42, 74
Box: 129, 94, 5
Box: 19, 30, 5
Box: 15, 30, 26
Box: 44, 2, 45
Box: 19, 16, 25
Box: 48, 35, 15
Box: 25, 196, 169
Box: 58, 42, 5
Box: 2, 176, 19
Box: 285, 29, 172
Box: 3, 16, 20
Box: 5, 31, 6
Box: 37, 196, 2
Box: 38, 40, 11
Box: 7, 13, 3
Box: 65, 67, 79
Box: 12, 50, 19
Box: 43, 13, 5
Box: 17, 2, 7
Box: 285, 49, 15
Box: 6, 2, 172
Box: 30, 89, 58
Box: 152, 196, 7
Box: 78, 196, 18
Box: 51, 9, 29
Box: 37, 69, 28
Box: 6, 3, 59
Box: 5, 85, 56
Box: 13, 2, 18
Box: 113, 196, 18
Box: 17, 19, 28
Box: 109, 196, 6
Box: 14, 60, 12
Box: 58, 82, 11
Box: 13, 36, 9
Box: 4, 47, 23
Box: 20, 18, 35
Box: 7, 19, 12
Box: 14, 196, 19
Box: 285, 70, 20
Box: 16, 17, 6
Box: 11, 19, 29
Box: 68, 15, 2
Box: 14, 31, 9
Box: 23, 40, 4
Box: 121, 60, 12
Box: 40, 4, 6
Box: 19, 15, 30
Box: 108, 196, 20
Box: 41, 31, 55
Box: 17, 28, 5
Box: 38, 61, 11
Box: 96, 86, 5
Box: 12, 15, 3
Box: 83, 7, 26
Box: 46, 15, 10
Box: 26, 196, 172
Box: 62, 64, 4
Box: 13, 5, 57
Box: 66, 20, 108
Box: 11, 86, 172
Box: 42, 196, 63
Box: 108, 196, 145
Box: 3, 2, 15
Box: 18, 2, 15
Box: 42, 2, 8
Box: 85, 32, 7
Box: 19, 43, 30
Box: 3, 59, 20
Box: 6, 196, 9
Box: 168, 41, 25
Box: 64, 196, 23
Box: 197, 125, 10
Box: 13, 7, 172
Box: 15, 8, 12
Box: 45, 17, 9
Box: 59, 48, 172
Box: 5, 6, 2
Box: 5, 31, 2
Box: 5, 99, 7
Box: 4, 8, 35
Box: 15, 54, 14
Box: 9, 196, 6
Box: 3, 33, 68
Box: 11, 15, 10
Box: 7, 7, 11
Box: 8, 80, 172
Box: 27, 12, 53
Box: 11, 196, 12
Box: 34, 83, 42
Box: 285, 33, 10
Box: 129, 94, 31
Box: 9, 9, 30
Box: 28, 17, 29
Box: 35, 8, 45
Box: 10, 52, 19
Box: 11, 21, 12
Box: 144, 28, 7
Box: 10, 53, 21
Box: 19, 20, 12
Box: 48, 19, 34
Box: 125, 4, 172
Box: 15, 196, 34
Box: 30, 196, 57
Box: 49, 20, 34
Box: 23, 25, 32
Box: 51, 196, 18
Box: 242, 28, 60
Box: 39, 53, 11
Box: 164, 52, 172
Box: 15, 196, 172
Box: 97, 2, 117
Box: 58, 28, 43
Box: 27, 57, 172
Box: 285, 9, 25
Box: 131, 41, 108
Box: 16, 40, 11
Box: 285, 7, 18
Box: 6, 9, 5
Box: 81, 196, 172
Box: 26, 176, 19
Box: 9, 9, 5
Box: 108, 196, 18
Box: 95, 7, 172
Box: 83, 56, 7
Box: 9, 2, 29
Box: 114, 49, 3
Box: 5, 38, 17
Box: 9, 71, 29
Box: 285, 35, 82
Box: 6, 196, 73
Box: 103, 28, 3
Box: 17, 2, 5
Box: 199, 3, 92
Box: 20, 17, 9
Box: 5, 7, 11
Box: 6, 121, 139
Box: 69, 4, 18
Box: 9, 196, 172
Box: 194, 28, 131
Box: 16, 30, 26
Box: 90, 12, 73
Box: 31, 196, 19
Box: 38, 60, 3
Box: 2, 13, 5
Box: 24, 38, 4
Box: 15, 98, 172
Box: 15, 7, 5
Box: 96, 196, 16
Box: 56, 12, 14
Box: 3, 196, 43
Box: 102, 31, 77
Box: 221, 53, 37
Box: 2, 2, 79
Box: 15, 11, 41
Box: 10, 60, 11
Box: 106, 196, 98
Box: 17, 23, 46
Box: 285, 65, 6
Box: 4, 4, 9
Box: 285, 89, 57
Box: 137, 11, 172
Box: 38, 38, 57
Box: 6, 39, 172
Box: 5, 60, 19
Box: 285, 196, 33
Box: 18, 21, 6
Box: 71, 35, 105
Box: 26, 132, 35
Box: 4, 7, 11
Box: 66, 7, 52
Box: 7, 196, 13
Box: 109, 196, 3
Box: 35, 5, 57
Box: 3, 35, 10
Box: 39, 53, 8
Box: 23, 7, 172
Box: 28, 38, 5
Box: 66, 20, 27
Box: 13, 194, 12
Box: 211, 196, 6
Box: 285, 30, 150
Box: 43, 15, 172
Box: 36, 3, 12
Box: 161, 121, 139
Box: 116, 13, 30
Box: 95, 11, 172
Box: 285, 114, 22
Box: 111, 34, 16
Box: 102, 3, 8
Box: 12, 3, 13
Box: 167, 7, 28
Box: 11, 44, 27
Box: 7, 20, 172
Box: 18, 21, 15
Box: 14, 20, 172
Box: 11, 29, 12
Box: 23, 2, 5
Box: 5, 25, 3
Box: 2, 31, 2
Box: 25, 196, 3
Box: 285, 13, 172
Box: 64, 5, 19
Box: 15, 88, 35
Box: 72, 40, 29
Box: 90, 19, 73
Box: 30, 26, 58
Box: 28, 45, 102
Box: 111, 11, 172
Box: 128, 196, 127
Box: 57, 55, 164
Box: 14, 196, 6
Box: 28, 43, 10
Box: 23, 22, 39
Box: 19, 196, 172
Box: 86, 53, 3
Box: 3, 6, 12
Box: 15, 19, 172
Box: 68, 196, 51
Box: 64, 25, 19
Box: 11, 2, 100
Box: 285, 66, 38
Box: 40, 5, 85
Box: 20, 3, 8
Box: 17, 28, 7
Box: 15, 19, 172
Box: 32, 14, 15
Box: 96, 196, 85
Box: 17, 17, 92
Box: 42, 15, 3
Box: 83, 132, 35
Box: 10, 28, 15
Box: 43, 24, 11
Box: 11, 21, 3
Box: 285, 7, 15
Box: 13, 2, 154
Box: 40, 39, 34
Box: 8, 20, 14
Box: 29, 7, 30
Box: 52, 92, 164
Box: 285, 196, 6
Box: 80, 2, 3
Box: 76, 86, 154
Box: 15, 196, 147
Box: 66, 20, 6
Box: 102, 25, 8
Box: 16, 8, 8
Box: 9, 48, 15
Box: 2, 9, 12
Box: 84, 31, 172
Box: 5, 20, 4
Box: 17, 28, 10
Box: 58, 53, 5
Box: 22, 3, 26
Box: 6, 165, 45
Box: 9, 18, 2
Box: 118, 18, 6
Box: 285, 45, 23
Box: 39, 196, 23
Box: 135, 25, 4
Box: 127, 48, 52
Box: 20, 3, 3
Box: 285, 30, 26
Box: 285, 32, 10
Box: 42, 39, 172
Box: 285, 7, 19
Box: 13, 196, 13
Box: 8, 3, 8
Box: 6, 31, 172
Box: 2, 35, 11
Box: 34, 19, 29
Box: 37, 196, 3
Box: 36, 11, 8
Box: 42, 7, 3
Box: 23, 25, 97
Box: 13, 196, 15
Box: 112, 196, 44
Box: 26, 56, 90
Box: 23, 11, 107
Box: 28, 7, 172
Box: 3, 44, 2
Box: 19, 49, 3
Box: 81, 196, 172
Box: 152, 196, 31
Box: 14, 4, 2
Box: 32, 25, 5
Box: 11, 15, 8
Box: 143, 93, 55
Box: 52, 196, 8
Box: 16, 97, 11
Box: 86, 12, 172
Box: 227, 196, 146
Box: 33, 196, 6
Box: 3, 60, 12
Box: 76, 196, 17
Box: 20, 12, 35
Box: 134, 6, 68
Box: 3, 105, 20
Box: 28, 8, 10
Box: 32, 4, 6
Box: 285, 35, 2
Box: 42, 4, 6
Box: 39, 53, 14
Box: 19, 12, 33
Box: 188, 9, 2
Box: 82, 7, 43
Box: 71, 22, 5
Box: 52, 30, 26
Box: 89, 22, 55
Box: 43, 20, 39
Box: 285, 7, 36
Box: 285, 55, 69
Box: 60, 196, 15
Box: 25, 196, 172
Box: 108, 196, 55
Box: 36, 71, 12
Box: 5, 15, 54
Box: 32, 196, 19
Box: 285, 149, 6
Box: 3, 4, 24
Box: 125, 53, 21
Box: 44, 20, 45
Box: 16, 13, 11
Box: 3, 22, 90
Box: 2, 9, 5
Box: 6, 102, 172
Box: 285, 9, 9
Box: 33, 9, 2
Box: 188, 5, 2
Box: 23, 11, 29
Box: 3, 2, 12
Box: 18, 53, 26
Box: 32, 25, 2
Box: 32, 40, 4
Box: 119, 55, 9
Box: 16, 24, 6
Box: 2, 3, 35
Box: 15, 2, 4
Box: 7, 4, 12
Box: 11, 4, 31
Box: 15, 19, 9
Box: 23, 158, 14
Box: 19, 18, 15
Box: 164, 9, 29
Box: 14, 33, 68
Box: 17, 2, 55
Box: 63, 10, 172
Box: 8, 12, 172
Box: 23, 2, 6
Box: 15, 13, 172
Box: 3, 196, 15
Box: 28, 11, 172
Box: 11, 196, 4
Box: 285, 196, 43
Box: 49, 35, 8
Box: 271, 8, 6
Box: 7, 196, 21
Box: 4, 60, 11
Box: 12, 5, 16
Box: 19, 66, 172
Box: 168, 196, 58
Box: 285, 76, 69
Box: 2, 31, 2
Box: 64, 10, 44
Box: 4, 10, 5
Box: 10, 39, 51
Box: 19, 17, 30
Box: 16, 3, 8
Box: 108, 20, 9
Box: 33, 13, 29
Box: 28, 15, 3
Box: 68, 17, 92
Box: 13, 196, 10
Box: 8, 196, 11
Box: 46, 196, 9
Box: 64, 151, 44
Box: 4, 10, 172
Box: 155, 54, 7
Box: 17, 14, 11
Box: 15, 4, 5
Box: 64, 75, 36
Box: 109, 196, 72
Box: 8, 67, 172
Box: 122, 15, 2
Box: 23, 68, 17
Box: 3, 12, 15
Box: 285, 33, 6
Box: 14, 17, 15
Box: 15, 196, 172
Box: 7, 44, 125
Box: 34, 65, 17
Box: 127, 112, 172
Box: 15, 6, 5
Box: 5, 6, 85
Box: 19, 16, 30
Box: 285, 196, 3
Box: 106, 196, 13
Box: 29, 12, 27
Box: 55, 9, 39
Box: 83, 196, 10
Box: 94, 196, 79
Box: 285, 44, 172
Box: 50, 74, 38
Box: 285, 10, 4
Box: 197, 109, 42
Box: 2, 38, 30
Box: 5, 31, 3
Box: 23, 11, 8
Box: 3, 54, 139
Box: 40, 6, 172
Box: 114, 196, 172
Box: 22, 7, 164
Box: 103, 28, 50
Box: 55, 22, 58
Box: 5, 14, 23
Box: 70, 9, 29
Box: 285, 69, 172
Box: 183, 111, 120
Box: 23, 63, 3
Box: 19, 5, 30
Box: 2, 90, 35
Box: 169, 5, 11
Box: 131, 12, 108
Box: 8, 20, 97
Box: 35, 10, 4
Box: 69, 16, 18
Box: 99, 151, 2
Box: 14, 21, 7
Box: 5, 31, 3
Box: 27, 52, 16
Box: 11, 5, 7
Box: 108, 108, 30
Box: 63, 5, 14
Box: 17, 19, 172
Box: 35, 31, 3
Box: 4, 3, 2
Box: 25, 55, 9
Box: 3, 52, 19
Box: 7, 4, 15
Box: 19, 21, 142
Box: 88, 13, 35
Box: 39, 40, 4
Box: 285, 143, 124
Box: 29, 53, 37
Box: 11, 43, 45
Box: 3, 13, 19
Box: 10, 15, 15
Box: 35, 8, 68
Box: 41, 196, 39
Box: 35, 8, 7
Box: 60, 54, 25
Box: 12, 31, 29
Box: 197, 196, 92
Box: 168, 55, 25
Box: 48, 49, 3
Box: 84, 111, 172
Box: 28, 17, 3
Box: 39, 97, 39
Box: 18, 44, 19
Box: 35, 5, 45
Box: 188, 196, 12
Box: 37, 14, 6
Box: 19, 4, 7
Box: 19, 3, 7
Box: 285, 196, 76
Box: 92, 63, 37
Box: 28, 82, 21
Box: 16, 58, 11
Box: 47, 15, 3
Box: 15, 6, 4
Box: 45, 9, 3
Box: 46, 4, 8
Box: 32, 35, 5
Box: 190, 22, 8
Box: 48, 48, 172
Box: 107, 19, 28
Box: 15, 40, 39
Box: 10, 4, 31
Box: 2, 31, 9
Box: 178, 63, 60
Box: 50, 21, 39
Box: 64, 99, 7
Box: 26, 49, 11
Box: 13, 2, 65
Box: 86, 47, 172
Box: 285, 51, 2
Box: 57, 31, 164
Box: 22, 49, 73
Box: 11, 196, 8
Box: 24, 39, 4
Box: 37, 70, 28
Box: 15, 15, 42
Box: 285, 7, 172
Box: 32, 44, 18
Box: 6, 3, 13
Box: 5, 31, 19
Box: 285, 70, 7
Box: 272, 10, 172
Box: 6, 125, 11
Box: 118, 63, 6
Box: 7, 4, 30
Box: 285, 32, 32
Box: 56, 17, 6
Box: 2, 6, 2
Box: 10, 47, 15
Box: 5, 71, 42
Box: 113, 4, 172
Box: 285, 41, 2
Box: 20, 28, 10
Box: 59, 54, 172
Box: 24, 33, 172
Box: 285, 20, 68
Box: 64, 3, 19
Box: 7, 52, 23
Box: 2, 80, 172
Box: 19, 10, 30
Box: 8, 3, 4
Box: 42, 3, 13
Box: 53, 38, 58
Box: 11, 49, 28
Box: 5, 7, 23
Box: 24, 20, 172
Box: 28, 17, 6
Box: 24, 32, 7
Box: 82, 7, 97
Box: 105, 38, 2
Box: 19, 196, 30
Box: 5, 53, 3
Box: 180, 52, 50
Box: 28, 45, 25
Box: 19, 3, 172
Box: 188, 142, 6
Box: 11, 99, 7
Box: 4, 85, 8
Box: 83, 65, 26
Box: 36, 7, 12
Box: 28, 19, 15
Box: 84, 22, 172
Box: 3, 2, 16
Box: 69, 25, 35
Box: 46, 3, 53
Box: 48, 35, 2
Box: 87, 196, 7
Box: 26, 67, 29
Box: 6, 6, 22
Box: 8, 17, 6
Box: 32, 42, 172
Box: 285, 7, 49
Box: 136, 15, 77
Box: 191, 196, 76
Box: 15, 70, 172
Box: 9, 37, 29
Box: 40, 102, 66
Box: 141, 34, 172
Box: 76, 39, 15
Box: 22, 3, 8
Box: 22, 82, 11
Box: 59, 36, 74
Box: 26, 33, 68
Box: 285, 196, 4
Box: 82, 31, 172
Box: 4, 7, 19
Box: 29, 9, 4
Box: 3, 27, 20
Box: 23, 7, 78
Box: 53, 52, 19
Box: 49, 14, 60
Box: 57, 110, 164
Box: 17, 41, 172
Box: 28, 8, 30
Box: 50, 13, 172
Box: 62, 196, 18
Box: 3, 16, 50
Box: 7, 196, 2
Box: 6, 2, 5
Box: 35, 196, 172
Box: 29, 10, 4
Box: 12, 196, 26
Box: 25, 52, 14
Box: 285, 19, 19
Box: 106, 31, 15
Box: 27, 12, 18
Box: 46, 18, 105
Box: 15, 40, 38
Box: 60, 25, 172
Box: 54, 196, 18
Box: 66, 12, 172
Box: 18, 47, 19
Box: 33, 31, 3
Box: 285, 84, 3
Box: 28, 34, 37
Box: 256, 2, 155
Box: 40, 6, 172
Box: 15, 40, 12
Box: 51, 13, 30
Box: 29, 12, 52
Box: 32, 51, 172
Box: 82, 7, 32
Box: 131, 80, 108
Box: 23, 21, 5
Box: 29, 196, 19
Box: 65, 52, 153
Box: 53, 196, 19
Box: 44, 2, 6
Box: 22, 31, 5
Box: 285, 116, 172
Box: 23, 21, 61
Box: 38, 4, 172
Box: 8, 22, 16
Box: 191, 196, 38
Box: 16, 26, 3
Box: 32, 69, 34
Box: 129, 94, 70
Box: 16, 5, 3
Box: 33, 7, 23
Box: 71, 114, 29
Box: 199, 4, 92
Box: 9, 6, 2
Box: 5, 11, 3
Box: 51, 49, 3
Box: 285, 29, 55
Box: 62, 67, 39
Box: 15, 177, 100
Box: 3, 22, 5
Box: 17, 196, 30
Box: 6, 45, 172
Box: 6, 4, 4
Box: 13, 52, 14
Box: 23, 8, 6
Box: 27, 60, 18
Box: 14, 15, 5
Box: 23, 196, 3
Box: 18, 21, 43
Box: 106, 15, 172
Box: 285, 6, 11
Box: 13, 59, 15
Box: 5, 35, 19
Box: 75, 196, 172
Box: 5, 10, 8
Box: 94, 44, 31
Box: 285, 108, 54
Box: 107, 53, 21
Box: 48, 19, 21
Box: 44, 18, 2
Box: 21, 82, 7
Box: 36, 35, 12
Box: 285, 70, 5
Box: 28, 34, 104
Box: 13, 9, 30
Box: 90, 28, 73
Box: 17, 31, 172
Box: 285, 14, 19
Box: 285, 69, 172
Box: 20, 54, 172
Box: 285, 196, 81
Box: 19, 23, 30
Box: 23, 96, 29
Box: 3, 196, 10
Box: 285, 39, 31
Box: 108, 99, 9
Box: 144, 4, 2
Box: 29, 180, 8
Box: 16, 21, 2
Box: 8, 33, 9
Box: 188, 196, 2
Box: 169, 24, 172
Box: 32, 68, 172
Box: 103, 28, 27
Box: 9, 196, 113
Box: 197, 29, 42
Box: 51, 31, 9
Box: 11, 38, 172
Box: 4, 196, 10
Box: 144, 196, 172
Box: 14, 4, 5
Box: 16, 102, 22
Box: 59, 65, 17
Box: 16, 196, 23
Box: 37, 9, 2
Box: 86, 2, 172
Box: 94, 66, 2
Box: 17, 18, 121
Box: 5, 18, 3
Box: 80, 14, 3
Box: 36, 196, 6
Box: 12, 4, 19
Box: 30, 196, 22
Box: 40, 68, 30
Box: 3, 10, 2
Box: 63, 20, 39
Box: 168, 196, 55
Box: 197, 4, 17
Box: 27, 4, 42
Box: 11, 13, 30
Box: 38, 41, 9
Box: 35, 68, 21
Box: 23, 43, 5
Box: 248, 16, 21
Box: 26, 49, 4
Box: 12, 196, 8
Box: 104, 20, 172
Box: 148, 196, 15
Box: 15, 89, 86
Box: 34, 52, 50
Box: 5, 13, 42
Box: 2, 2, 23
Box: 4, 30, 26
Box: 105, 64, 4
Box: 34, 20, 172
Box: 285, 3, 172
Box: 3, 43, 45
Box: 17, 9, 30
Box: 23, 12, 34
Box: 94, 63, 3
Box: 285, 196, 4
Box: 6, 93, 172
Box: 28, 64, 4
Box: 3, 13, 4
Box: 16, 196, 3
Box: 8, 71, 164
Box: 158, 15, 2
Box: 188, 54, 6
Box: 19, 55, 6
Box: 32, 35, 4
Box: 42, 5, 3
Box: 34, 29, 12
Box: 22, 4, 164
Box: 16, 102, 88
Box: 28, 64, 4
Box: 23, 25, 5
Box: 10, 4, 31
Box: 21, 20, 172
Box: 29, 152, 15
Box: 6, 15, 15
Box: 14, 196, 41
Box: 4, 10, 17
Box: 76, 80, 11
Box: 3, 3, 3
Box: 144, 149, 76
Box: 27, 61, 18
Box: 28, 18, 4
Box: 2, 51, 73
Box: 3, 196, 12
Box: 89, 196, 12
Box: 39, 46, 39
Box: 285, 196, 67
Box: 285, 7, 26
Box: 27, 12, 18
Box: 12, 18, 16
Box: 51, 196, 172
Box: 13, 75, 54
Box: 23, 36, 4
Box: 27, 12, 20
Box: 40, 5, 172
Box: 194, 28, 41
Box: 11, 49, 90
Box: 6, 196, 6
Box: 17, 53, 30
Box: 41, 39, 12
Box: 23, 9, 3
Box: 15, 15, 2
Box: 53, 78, 58
Box: 2, 21, 172
Box: 8, 30, 4
Box: 211, 196, 75
Box: 23, 32, 5
Box: 11, 196, 3
Box: 156, 196, 21
Box: 50, 59, 35
Box: 68, 196, 86
Box: 2, 8, 35
Box: 14, 15, 8
Box: 74, 4, 31
Box: 69, 10, 35
Box: 197, 35, 42
Box: 43, 196, 139
Box: 3, 5, 10
Box: 242, 40, 122
Box: 23, 196, 19
Box: 3, 62, 15
Box: 72, 22, 36
Box: 23, 4, 6
Box: 285, 17, 2
Box: 128, 105, 36
Box: 22, 3, 82
Box: 273, 31, 119
Box: 28, 19, 125
Box: 49, 3, 48
Box: 13, 196, 85
Box: 15, 39, 37
Box: 35, 21, 85
Box: 112, 196, 3
Box: 63, 5, 4
Box: 40, 6, 85
Box: 25, 15, 54
Box: 20, 6, 3
Box: 19, 12, 26
Box: 285, 22, 26
Box: 28, 55, 115
Box: 28, 5, 172
Box: 48, 35, 46
Box: 22, 6, 11
Box: 3, 136, 172
Box: 43, 8, 44
Box: 4, 30, 26
Box: 26, 14, 29
Box: 11, 23, 42
Box: 7, 52, 28
Box: 70, 196, 172
Box: 37, 38, 8
Box: 6, 34, 13
Box: 64, 75, 2
Box: 72, 196, 15
Box: 24, 196, 12
Box: 11, 2, 10
Box: 30, 20, 35
Box: 6, 9, 16
Box: 127, 8, 172
Box: 14, 196, 42
Box: 61, 80, 172
Box: 29, 31, 9
Box: 2, 22, 16
Box: 64, 165, 45
Box: 3, 4, 4
Box: 72, 7, 23
Box: 9, 196, 8
Box: 68, 196, 92
Box: 14, 110, 15
Box: 7, 15, 92
Box: 35, 115, 85
Box: 9, 4, 6
Box: 4, 35, 11
Box: 15, 54, 172
Box: 12, 31, 9
Box: 64, 70, 19
Box: 129, 49, 172
Box: 16, 4, 42
Box: 2, 53, 37
Box: 28, 16, 172
Box: 7, 13, 4
Box: 56, 196, 172
Box: 76, 41, 34
Box: 75, 53, 8
Box: 143, 92, 55
Box: 125, 16, 172
Box: 8, 196, 8
Box: 4, 49, 23
Box: 44, 3, 8
Box: 2, 7, 11
Box: 5, 3, 19
Box: 137, 53, 26
Box: 22, 20, 11
Box: 51, 35, 18
Box: 28, 17, 7
Box: 3, 12, 15
Box: 11, 3, 13
Box: 11, 15, 4
Box: 4, 196, 4
Box: 114, 7, 30
Box: 20, 37, 29
Box: 12, 3, 9
Box: 118, 63, 5
Box: 40, 19, 172
Box: 7, 19, 21
Box: 125, 15, 172
Box: 285, 31, 21
Box: 10, 50, 15
Box: 7, 48, 15
Box: 11, 32, 172
Box: 14, 110, 33
Box: 3, 165, 45
Box: 29, 6, 4
Box: 28, 17, 10
Box: 12, 196, 15
Box: 37, 16, 21
Box: 59, 15, 38
Box: 183, 46, 172
Box: 2, 3, 3
Box: 3, 25, 3
Box: 51, 9, 2
Box: 22, 56, 5
Box: 118, 63, 3
Box: 13, 36, 2
Box: 148, 11, 31
Box: 4, 14, 2
Box: 88, 27, 35
Box: 14, 87, 21
Box: 4, 11, 23
Box: 37, 2, 39
Box: 125, 5, 57
Box: 13, 2, 6
Box: 86, 75, 54
Box: 20, 196, 11
Box: 38, 27, 6
Box: 14, 22, 15
Box: 285, 196, 50
Box: 22, 196, 172
Box: 17, 22, 5
Box: 6, 3, 14
Box: 5, 32, 19
Box: 35, 196, 40
Box: 23, 178, 48
Box: 30, 25, 172
Box: 21, 6, 2
Box: 29, 196, 12
Box: 5, 3, 3
Box: 15, 196, 19
Box: 3, 2, 4
Box: 114, 12, 72
Box: 83, 6, 26
Box: 23, 12, 65
Box: 285, 63, 39
Box: 285, 7, 33
Box: 13, 196, 8
Box: 66, 20, 27
Box: 43, 17, 6
Box: 3, 51, 73
Box: 95, 3, 172
Box: 44, 4, 45
Box: 28, 19, 4
Box: 15, 38, 17
Box: 3, 9, 2
Box: 36, 196, 26
Box: 34, 3, 5
Box: 143, 7, 39
Box: 113, 57, 172
Box: 4, 15, 3
Box: 125, 2, 42
Box: 14, 87, 35
Box: 44, 4, 2
Box: 166, 196, 172
Box: 50, 196, 16
Box: 3, 13, 5
Box: 86, 2, 172
Box: 35, 88, 34
Box: 6, 13, 5
Box: 11, 26, 38
Box: 62, 7, 17
Box: 3, 49, 42
Box: 109, 38, 21
Box: 5, 12, 3
Box: 13, 80, 154
Box: 71, 33, 29
Box: 13, 30, 15
Box: 19, 164, 142
Box: 76, 3, 53
Box: 285, 7, 11
Box: 116, 4, 7
Box: 156, 196, 172
Box: 23, 40, 19
Box: 32, 25, 172
Box: 285, 2, 69
Box: 7, 11, 51
Box: 49, 109, 8
Box: 3, 13, 11
Box: 4, 196, 9
Box: 197, 60, 2
Box: 54, 53, 30
Box: 14, 17, 30
Box: 103, 28, 55
Box: 14, 3, 13
Box: 188, 72, 63
Box: 3, 3, 3
Box: 69, 8, 18
Box: 4, 9, 12
Box: 6, 20, 172
Box: 12, 3, 7
Box: 38, 5, 6
Box: 8, 14, 4
Box: 64, 29, 19
Box: 23, 196, 42
Box: 4, 4, 15
Box: 131, 19, 5
Box: 7, 24, 172
Box: 40, 12, 2
Box: 27, 196, 87
Box: 46, 60, 11
Box: 13, 48, 15
Box: 37, 4, 172
Box: 40, 12, 172
Box: 5, 8, 3
Box: 11, 33, 68
Box: 29, 12, 40
Box: 19, 38, 30
Box: 24, 80, 172
Box: 285, 29, 39
Box: 36, 49, 63
Box: 97, 3, 35
Box: 26, 4, 42
Box: 55, 7, 17
Box: 285, 53, 8
Box: 8, 6, 18
Box: 57, 196, 2
Box: 26, 196, 13
Box: 33, 24, 172
Box: 15, 65, 16
Box: 17, 134, 172
Box: 5, 4, 2
Box: 5, 18, 4
Box: 15, 89, 27
Box: 6, 3, 2
Box: 17, 2, 3
Box: 19, 25, 39
Box: 285, 53, 124
Box: 285, 52, 8
Box: 30, 13, 54
Box: 33, 196, 4
Box: 285, 196, 33
Box: 28, 43, 31
Box: 5, 22, 16
Box: 30, 196, 12
Box: 64, 196, 112
Box: 86, 53, 57
Box: 49, 2, 172
Box: 23, 196, 172
Box: 8, 55, 9
Box: 22, 49, 22
Box: 17, 196, 172
Box: 23, 13, 61
Box: 285, 53, 38
Box: 26, 3, 172
Box: 108, 8, 7
Box: 42, 5, 8
Box: 61, 44, 172
Box: 6, 53, 42
Box: 83, 196, 4
Box: 40, 15, 172
Box: 285, 9, 57
Box: 98, 110, 172
Box: 6, 196, 30
Box: 48, 19, 29
Box: 169, 34, 172
Box: 5, 13, 79
Box: 59, 15, 2
Box: 46, 11, 8
Box: 8, 33, 20
Box: 84, 21, 172
Box: 285, 196, 4
Box: 177, 196, 58
Box: 80, 44, 18
Box: 103, 57, 172
Box: 13, 59, 12
Box: 47, 44, 2
Box: 285, 21, 43
Box: 60, 19, 25
Box: 30, 2, 11
Box: 52, 104, 164
Box: 102, 196, 120
Box: 76, 196, 90
Box: 40, 102, 38
Box: 102, 196, 5
Box: 125, 196, 5
Box: 8, 6, 24
Box: 49, 14, 31
Box: 44, 124, 35
Box: 8, 17, 4
Box: 106, 196, 3
Box: 285, 196, 6
Box: 23, 2, 110
Box: 43, 196, 3
Box: 38, 49, 11
Box: 6, 165, 45
Box: 103, 28, 27
Box: 43, 41, 34
Box: 13, 42, 6
Box: 3, 25, 172
Box: 60, 63, 25
Box: 23, 12, 7
Box: 13, 10, 8
Box: 2, 196, 2
Box: 11, 17, 6
Box: 15, 19, 9
Box: 19, 196, 7
Box: 11, 2, 57
Box: 24, 12, 4
Box: 28, 9, 2
Box: 118, 11, 6
Box: 46, 10, 105
Box: 19, 196, 24
Box: 4, 14, 5
Box: 285, 76, 3
Box: 93, 24, 172
Box: 20, 55, 9
Box: 30, 30, 35
Box: 19, 9, 36
Box: 80, 3, 53
Box: 34, 165, 45
Box: 285, 65, 172
Box: 9, 196, 71
Box: 22, 5, 164
Box: 18, 3, 10
Box: 3, 22, 19
Box: 197, 56, 17
Box: 194, 68, 172
Box: 11, 8, 38
Box: 27, 7, 17
Box: 108, 19, 9
Box: 5, 6, 18
Box: 13, 2, 90
Box: 8, 196, 8
Box: 49, 63, 3
Box: 44, 26, 45
Box: 17, 9, 30
Box: 86, 21, 172
Box: 114, 12, 28
Box: 17, 17, 22
Box: 14, 15, 2
Box: 7, 87, 35
Box: 8, 20, 3
Box: 2, 24, 6
Box: 114, 12, 18
Box: 18, 52, 19
Box: 20, 5, 35
Box: 3, 6, 15
Box: 15, 89, 14
Box: 43, 9, 15
Box: 4, 3, 10
Box: 35, 10, 79
Box: 5, 196, 30
Box: 53, 196, 87
Box: 24, 3, 53
Box: 49, 14, 14
Box: 78, 77, 15
Box: 11, 15, 5
Box: 97, 4, 172
Box: 109, 196, 15
Box: 118, 63, 11
Box: 26, 21, 12
Box: 14, 67, 39
Box: 19, 25, 34
Box: 285, 20, 12
Box: 3, 53, 11
Box: 92, 12, 172
Box: 17, 12, 159
Box: 3, 2, 35
Box: 22, 196, 15
Box: 6, 6, 30
Box: 197, 196, 95
Box: 13, 36, 8
Box: 8, 33, 3
Box: 55, 2, 120
Box: 11, 30, 26
Box: 64, 40, 6
Box: 15, 8, 26
Box: 31, 19, 29
Box: 23, 11, 5
Box: 113, 62, 41
Box: 32, 58, 4
Box: 30, 2, 54
Box: 19, 6, 20
Box: 25, 54, 172
Box: 2, 75, 7
Box: 17, 2, 11
Box: 66, 196, 3
Box: 2, 196, 42
Box: 94, 8, 2
Box: 94, 196, 14
Box: 46, 49, 42
Box: 4, 2, 90
Box: 29, 12, 3
Box: 197, 2, 17
Box: 27, 196, 10
Box: 64, 26, 6
Box: 30, 69, 56
Box: 14, 33, 30
Box: 41, 31, 65
Box: 54, 85, 172
Box: 28, 71, 172
Box: 42, 17, 3
Box: 3, 37, 172
Box: 64, 196, 41
Box: 126, 196, 55
Box: 29, 123, 73
Box: 5, 31, 172
Box: 19, 66, 21
Box: 13, 59, 2
Box: 16, 7, 23
Box: 20, 35, 11
Box: 9, 196, 78
Box: 72, 3, 8
Box: 26, 49, 48
Box: 14, 196, 85
Box: 7, 13, 30
Box: 127, 28, 172
Box: 75, 41, 8
Box: 39, 53, 3
Box: 31, 20, 39
Box: 23, 38, 172
Box: 80, 2, 3
Box: 17, 12, 13
Box: 33, 19, 172
Box: 46, 28, 8
Box: 211, 196, 33
Box: 285, 191, 8
Box: 285, 196, 15
Box: 116, 165, 8
Box: 19, 70, 7
Box: 30, 10, 56
Box: 6, 3, 21
Box: 5, 53, 11
Box: 55, 68, 33
Box: 7, 44, 42
Box: 118, 10, 6
Box: 125, 2, 8
Box: 11, 50, 12
Box: 48, 27, 26
Box: 5, 196, 8
Box: 6, 196, 2
Box: 32, 8, 7
Box: 30, 64, 4
Box: 35, 6, 85
Box: 2, 31, 2
Box: 4, 4, 9
Box: 102, 177, 55
Box: 9, 196, 13
Box: 96, 44, 23
Box: 285, 196, 57
Box: 94, 6, 31
Box: 8, 42, 4
Box: 32, 196, 4
Box: 5, 35, 19
Box: 12, 49, 16
Box: 50, 82, 38
Box: 3, 49, 46
Box: 53, 63, 58
Box: 3, 9, 5
Box: 11, 98, 12
Box: 102, 40, 4
Box: 30, 31, 18
Box: 108, 27, 9
Box: 6, 196, 6
Box: 83, 9, 2
Box: 13, 30, 154
Box: 7, 7, 15
Box: 36, 12, 12
Box: 15, 64, 113
Box: 28, 43, 29
Box: 28, 11, 82
Box: 20, 196, 172
Box: 7, 7, 2
Box: 11, 104, 15
Box: 127, 48, 107
Box: 55, 9, 2
Box: 7, 196, 172
Box: 22, 4, 164
Box: 95, 24, 40
Box: 3, 25, 139
Box: 32, 25, 5
Box: 17, 196, 5
####################
#Expected Output: 75
#Number of Bins: 75.
