Bin: 61, 73, 149
Box: 26, 22, 21
Box: 61, 18, 30
Box: 24, 3, 149
Box: 16, 10, 5
Box: 61, 11, 2
Box: 4, 12, 2
Box: 24, 9, 33
Box: 7, 22, 34
Box: 7, 6, 94
Box: 61, 73, 4
Box: 7, 48, 25
Box: 25, 6, 24
Box: 40, 3, 6
Box: 5, 6, 9
Box: 61, 4, 68
Box: 8, 36, 22
Box: 21, 22, 149
Box: 9, 3, 6
Box: 21, 36, 30
Box: 38, 16, 38
Box: 61, 9, 4
Box: 20, 18, 3
Box: 3, 5, 5
Box: 5, 16, 54
Box: 17, 13, 7
Box: 6, 4, 24
Box: 15, 16, 24
Box: 36, 13, 48
Box: 26, 19, 30
Box: 61, 9, 18
Box: 61, 4, 110
Box: 7, 22, 27
Box: 14, 32, 43
Box: 3, 40, 5
Box: 4, 13, 7
Box: 5, 2, 6
Box: 22, 73, 3
Box: 15, 15, 34
Box: 61, 3, 8
Box: 4, 3, 49
Box: 10, 73, 17
Box: 61, 11, 10
Box: 6, 31, 2
Box: 19, 21, 3
Box: 11, 3, 5
Box: 61, 3, 149
Box: 18, 9, 117
Box: 61, 2, 25
Box: 4, 73, 9
Box: 2, 20, 10
Box: 61, 21, 14
Box: 32, 25, 149
Box: 4, 3, 8
Box: 7, 73, 11
Box: 5, 65, 11
Box: 13, 27, 23
Box: 4, 5, 15
Box: 7, 4, 48
Box: 6, 73, 149
Box: 61, 2, 5
Box: 30, 23, 6
Box: 61, 12, 8
Box: 27, 14, 16
Box: 61, 73, 11
Box: 13, 68, 104
Box: 7, 5, 2
Box: 61, 73, 5
Box: 15, 3, 10
Box: 61, 62, 83
Box: 15, 7, 22
Box: 15, 28, 20
Box: 61, 73, 25
Box: 22, 3, 4
Box: 61, 4, 37
Box: 23, 10, 2
Box: 61, 7, 11
Box: 5, 73, 83
Box: 15, 11, 149
Box: 4, 5, 2
Box: 2, 5, 9
Box: 38, 4, 4
Box: 13, 3, 4
Box: 28, 17, 14
Box: 4, 73, 9
Box: 26, 73, 50
Box: 61, 5, 3
Box: 34, 5, 5
Box: 33, 73, 98
Box: 8, 15, 20
Box: 21, 7, 22
Box: 6, 8, 12
Box: 3, 5, 15
Box: 7, 7, 4
Box: 24, 3, 3
Box: 23, 73, 67
Box: 61, 27, 3
Box: 9, 26, 3
Box: 18, 21, 6
Box: 19, 28, 14
Box: 16, 3, 149
Box: 24, 7, 31
Box: 2, 10, 2
Box: 14, 24, 61
Box: 22, 11, 36
Box: 41, 39, 37
Box: 19, 26, 79
Box: 61, 13, 7
Box: 13, 10, 12
Box: 61, 6, 25
Box: 13, 24, 42
Box: 8, 8, 5
Box: 13, 2, 8
Box: 11, 19, 11
Box: 17, 32, 47
Box: 11, 13, 10
Box: 21, 2, 90
Box: 61, 4, 14
Box: 24, 4, 149
Box: 14, 50, 60
Box: 32, 2, 14
Box: 3, 14, 26
Box: 5, 10, 31
Box: 3, 5, 9
Box: 29, 2, 5
Box: 2, 10, 44
Box: 61, 2, 97
Box: 7, 16, 24
Box: 3, 24, 61
Box: 2, 19, 149
Box: 7, 73, 18
Box: 2, 21, 34
Box: 61, 12, 12
Box: 61, 10, 14
Box: 4, 28, 11
Box: 9, 24, 7
Box: 24, 12, 15
Box: 27, 9, 32
Box: 38, 6, 3
Box: 2, 4, 2
Box: 61, 3, 19
Box: 16, 17, 4
Box: 61, 24, 6
Box: 5, 28, 26
Box: 30, 73, 5
Box: 17, 16, 38
Box: 13, 18, 82
Box: 21, 73, 5
Box: 61, 22, 31
Box: 3, 37, 9
Box: 19, 73, 51
Box: 8, 47, 5
Box: 10, 9, 41
Box: 6, 5, 9
Box: 3, 18, 17
Box: 61, 73, 3
Box: 21, 73, 5
Box: 8, 11, 22
Box: 61, 27, 6
Box: 7, 22, 3
Box: 3, 21, 11
Box: 40, 4, 6
Box: 3, 40, 44
Box: 13, 2, 16
Box: 12, 4, 8
Box: 44, 9, 12
Box: 6, 16, 12
Box: 8, 10, 11
Box: 11, 8, 14
Box: 13, 8, 7
Box: 41, 18, 5
Box: 52, 62, 29
Box: 9, 19, 51
Box: 13, 73, 34
Box: 5, 7, 13
Box: 61, 73, 34
Box: 18, 3, 8
Box: 61, 23, 57
Box: 15, 5, 32
Box: 13, 9, 3
Box: 38, 24, 12
Box: 10, 73, 16
Box: 9, 3, 24
Box: 6, 50, 20
Box: 8, 3, 8
Box: 17, 7, 45
Box: 7, 15, 46
Box: 4, 73, 86
Box: 25, 15, 5
Box: 9, 27, 15
Box: 10, 73, 149
Box: 16, 73, 46
Box: 61, 13, 4
Box: 4, 5, 2
Box: 22, 8, 35
Box: 61, 2, 26
Box: 61, 25, 2
Box: 61, 73, 9
Box: 22, 22, 27
Box: 61, 73, 41
Box: 4, 19, 9
Box: 13, 4, 149
Box: 11, 4, 5
Box: 22, 21, 28
Box: 3, 9, 29
Box: 9, 4, 37
Box: 61, 4, 5
Box: 16, 4, 12
Box: 18, 9, 7
Box: 5, 13, 32
Box: 6, 7, 15
Box: 3, 73, 39
Box: 13, 28, 19
Box: 2, 7, 26
Box: 57, 43, 149
Box: 13, 7, 2
Box: 61, 69, 23
Box: 6, 28, 42
Box: 20, 3, 26
Box: 3, 62, 83
Box: 13, 73, 26
Box: 4, 23, 8
Box: 3, 26, 79
Box: 3, 3, 16
Box: 5, 5, 43
Box: 3, 31, 2
Box: 2, 5, 17
Box: 11, 13, 6
Box: 61, 73, 77
Box: 61, 14, 49
Box: 3, 38, 13
Box: 61, 6, 7
Box: 61, 4, 41
Box: 10, 2, 3
Box: 61, 73, 10
Box: 3, 5, 28
Box: 11, 49, 10
Box: 48, 5, 2
Box: 5, 10, 13
Box: 61, 73, 37
Box: 61, 4, 16
Box: 3, 16, 8
Box: 13, 73, 9
Box: 51, 6, 10
Box: 4, 5, 2
Box: 61, 73, 4
Box: 34, 68, 30
Box: 49, 26, 8
Box: 32, 20, 35
Box: 9, 32, 20
Box: 17, 22, 27
Box: 9, 28, 23
Box: 24, 13, 13
Box: 6, 11, 43
Box: 23, 14, 6
Box: 12, 18, 17
Box: 10, 2, 9
Box: 9, 73, 46
Box: 13, 11, 12
Box: 32, 3, 37
Box: 9, 7, 6
Box: 61, 4, 54
Box: 9, 16, 5
Box: 61, 73, 17
Box: 18, 23, 149
Box: 22, 33, 21
Box: 16, 73, 149
Box: 2, 5, 18
Box: 11, 3, 3
Box: 6, 7, 18
Box: 9, 62, 22
Box: 13, 4, 9
Box: 16, 4, 17
Box: 61, 46, 4
Box: 10, 73, 50
Box: 61, 23, 5
Box: 18, 12, 31
Box: 61, 19, 29
Box: 61, 6, 35
Box: 61, 24, 120
Box: 61, 4, 84
Box: 6, 71, 9
Box: 61, 73, 56
Box: 2, 4, 8
Box: 36, 3, 12
Box: 41, 31, 8
Box: 4, 22, 11
Box: 61, 4, 15
Box: 3, 7, 28
Box: 3, 73, 13
Box: 22, 15, 18
Box: 32, 24, 11
Box: 3, 2, 11
Box: 17, 73, 18
Box: 4, 73, 2
Box: 22, 5, 3
Box: 8, 17, 10
Box: 61, 5, 26
Box: 9, 10, 2
Box: 27, 5, 4
Box: 9, 25, 149
Box: 44, 25, 12
Box: 25, 19, 3
Box: 10, 20, 48
Box: 61, 15, 49
Box: 61, 22, 44
Box: 61, 4, 17
Box: 18, 8, 5
Box: 11, 3, 22
Box: 61, 4, 9
Box: 61, 4, 22
Box: 18, 14, 18
Box: 61, 15, 43
Box: 61, 31, 30
Box: 49, 19, 34
Box: 2, 9, 17
Box: 18, 21, 6
Box: 13, 24, 16
Box: 61, 16, 39
Box: 10, 48, 2
Box: 40, 3, 6
Box: 6, 3, 4
Box: 18, 73, 39
Box: 18, 73, 19
Box: 6, 8, 5
Box: 4, 18, 6
Box: 61, 24, 4
Box: 6, 73, 2
Box: 19, 73, 8
Box: 61, 26, 7
Box: 11, 7, 3
Box: 4, 13, 10
Box: 29, 22, 16
Box: 5, 27, 11
Box: 61, 4, 141
Box: 32, 2, 14
Box: 6, 39, 24
Box: 41, 11, 3
Box: 61, 21, 149
Box: 22, 6, 36
Box: 41, 73, 11
Box: 10, 28, 19
Box: 5, 18, 3
Box: 12, 3, 17
Box: 61, 3, 73
Box: 61, 7, 4
Box: 5, 19, 5
Box: 8, 18, 10
Box: 9, 10, 13
Box: 3, 3, 22
Box: 7, 7, 7
Box: 17, 19, 15
Box: 7, 13, 11
Box: 21, 57, 90
Box: 6, 14, 20
Box: 2, 26, 3
Box: 23, 17, 22
Box: 6, 73, 22
Box: 61, 2, 149
Box: 2, 7, 9
Box: 8, 13, 17
Box: 12, 73, 5
Box: 3, 14, 112
Box: 61, 18, 15
Box: 12, 73, 2
Box: 61, 73, 3
Box: 12, 23, 13
Box: 40, 36, 30
Box: 61, 19, 8
Box: 9, 19, 149
Box: 61, 2, 8
Box: 39, 23, 149
Box: 16, 23, 8
Box: 7, 73, 149
Box: 4, 9, 4
Box: 5, 73, 13
Box: 10, 4, 111
Box: 10, 14, 23
Box: 6, 18, 6
Box: 11, 4, 56
Box: 19, 9, 61
Box: 61, 39, 112
Box: 61, 10, 3
Box: 7, 13, 7
Box: 24, 73, 149
Box: 3, 9, 6
Box: 61, 5, 54
Box: 35, 5, 10
Box: 29, 27, 5
Box: 61, 73, 11
Box: 2, 29, 14
Box: 38, 40, 3
Box: 2, 4, 26
Box: 22, 73, 2
Box: 41, 33, 3
Box: 19, 12, 4
Box: 28, 9, 149
Box: 3, 73, 18
Box: 61, 5, 31
Box: 7, 4, 33
Box: 20, 34, 149
Box: 8, 6, 2
Box: 32, 9, 6
Box: 61, 5, 149
Box: 61, 73, 22
Box: 8, 28, 149
Box: 3, 2, 15
Box: 12, 16, 26
Box: 23, 3, 11
Box: 27, 26, 49
Box: 61, 2, 26
Box: 11, 4, 21
Box: 14, 5, 6
Box: 5, 46, 40
Box: 61, 4, 6
Box: 8, 2, 5
Box: 2, 6, 8
Box: 28, 10, 12
Box: 9, 36, 6
Box: 11, 4, 4
Box: 3, 9, 42
Box: 61, 21, 22
Box: 12, 48, 14
Box: 34, 4, 4
Box: 19, 21, 25
Box: 2, 8, 127
Box: 61, 73, 74
Box: 13, 2, 42
Box: 4, 10, 2
Box: 29, 13, 89
Box: 5, 2, 7
Box: 5, 3, 8
Box: 61, 36, 9
Box: 2, 6, 26
Box: 61, 7, 149
Box: 26, 14, 97
Box: 61, 5, 72
Box: 3, 73, 50
Box: 36, 4, 18
Box: 38, 9, 7
Box: 27, 5, 5
Box: 61, 4, 12
Box: 8, 16, 5
Box: 32, 3, 27
Box: 6, 73, 149
Box: 61, 2, 7
Box: 24, 7, 14
Box: 22, 21, 11
Box: 59, 73, 17
Box: 8, 41, 12
Box: 41, 24, 12
Box: 4, 3, 14
Box: 12, 22, 111
Box: 61, 7, 6
Box: 23, 3, 11
Box: 18, 36, 5
Box: 61, 22, 57
Box: 10, 19, 48
Box: 16, 31, 5
Box: 7, 73, 8
Box: 17, 37, 85
Box: 9, 27, 23
Box: 40, 7, 25
Box: 61, 23, 13
Box: 14, 73, 4
Box: 61, 10, 2
Box: 5, 11, 19
Box: 61, 28, 9
Box: 42, 15, 5
Box: 7, 24, 8
Box: 17, 4, 13
Box: 26, 4, 6
Box: 8, 18, 23
Box: 61, 3, 6
Box: 16, 5, 86
Box: 2, 73, 28
Box: 34, 11, 33
Box: 10, 10, 12
Box: 34, 65, 46
Box: 17, 4, 8
Box: 5, 16, 24
Box: 7, 7, 2
Box: 61, 73, 88
Box: 28, 2, 149
Box: 61, 4, 55
Box: 18, 22, 6
Box: 38, 73, 42
Box: 4, 14, 8
Box: 41, 70, 28
Box: 23, 3, 9
Box: 20, 68, 37
Box: 10, 8, 6
Box: 61, 6, 3
Box: 6, 73, 5
Box: 24, 73, 149
Box: 61, 3, 111
Box: 61, 5, 76
Box: 61, 73, 8
Box: 2, 44, 10
Box: 11, 73, 2
Box: 7, 19, 58
Box: 61, 9, 100
Box: 12, 4, 8
Box: 61, 19, 61
Box: 11, 9, 25
Box: 61, 2, 31
Box: 41, 24, 20
Box: 11, 3, 8
Box: 7, 65, 3
Box: 61, 49, 11
Box: 5, 73, 50
Box: 12, 10, 16
Box: 2, 73, 6
Box: 61, 6, 49
Box: 61, 27, 6
Box: 5, 73, 141
Box: 11, 15, 6
Box: 32, 44, 14
Box: 19, 7, 22
Box: 61, 19, 42
Box: 6, 5, 11
Box: 61, 4, 43
Box: 42, 20, 17
Box: 55, 12, 5
Box: 17, 12, 15
Box: 61, 36, 48
Box: 61, 73, 4
Box: 61, 4, 16
Box: 31, 4, 5
Box: 13, 7, 14
Box: 13, 3, 4
Box: 17, 12, 16
Box: 2, 10, 30
Box: 12, 7, 3
Box: 10, 8, 3
Box: 12, 10, 9
Box: 8, 16, 14
Box: 14, 2, 10
Box: 7, 19, 54
Box: 21, 50, 6
Box: 8, 4, 22
Box: 5, 7, 16
Box: 9, 73, 149
Box: 11, 5, 7
Box: 2, 27, 4
Box: 7, 3, 14
Box: 8, 37, 9
Box: 27, 73, 13
Box: 9, 73, 7
Box: 10, 73, 26
Box: 2, 2, 18
Box: 7, 7, 23
Box: 7, 38, 8
Box: 15, 73, 3
Box: 30, 4, 2
Box: 16, 4, 69
Box: 4, 26, 3
Box: 16, 3, 38
Box: 3, 16, 4
Box: 33, 21, 39
Box: 61, 73, 18
Box: 61, 73, 7
Box: 4, 10, 6
Box: 16, 6, 9
Box: 15, 3, 4
Box: 61, 4, 9
Box: 61, 3, 11
Box: 61, 12, 47
Box: 49, 26, 2
Box: 18, 15, 31
Box: 14, 73, 6
Box: 17, 9, 4
Box: 2, 36, 4
Box: 14, 73, 6
Box: 3, 2, 15
Box: 61, 5, 8
Box: 7, 73, 8
Box: 9, 73, 50
Box: 61, 20, 12
Box: 2, 14, 30
Box: 25, 22, 5
Box: 11, 15, 4
Box: 4, 21, 149
Box: 61, 7, 100
Box: 13, 19, 4
Box: 61, 73, 5
Box: 11, 2, 7
Box: 16, 7, 51
Box: 7, 49, 5
Box: 24, 19, 4
Box: 4, 38, 149
Box: 61, 8, 149
Box: 3, 73, 5
Box: 32, 7, 42
Box: 61, 2, 111
Box: 61, 6, 6
Box: 7, 2, 11
Box: 28, 39, 8
Box: 2, 4, 20
Box: 61, 59, 25
Box: 61, 2, 57
Box: 8, 7, 13
Box: 61, 27, 9
Box: 27, 8, 18
Box: 5, 9, 6
Box: 32, 3, 38
Box: 2, 11, 143
Box: 18, 9, 15
Box: 9, 3, 2
Box: 61, 73, 65
Box: 16, 10, 23
Box: 3, 2, 2
Box: 25, 6, 24
Box: 61, 73, 125
Box: 61, 9, 149
Box: 16, 9, 149
Box: 22, 73, 17
Box: 61, 8, 17
Box: 12, 22, 10
Box: 6, 10, 9
Box: 16, 9, 3
Box: 13, 4, 27
Box: 61, 38, 30
Box: 48, 10, 14
Box: 20, 73, 149
Box: 61, 8, 25
Box: 30, 31, 7
Box: 12, 73, 4
Box: 61, 3, 22
Box: 18, 9, 9
Box: 61, 65, 17
Box: 61, 6, 20
Box: 13, 19, 25
Box: 3, 16, 38
Box: 40, 4, 24
Box: 11, 2, 6
Box: 2, 43, 15
Box: 5, 6, 9
Box: 36, 73, 149
Box: 5, 43, 4
Box: 11, 8, 33
Box: 2, 6, 17
Box: 5, 6, 149
Box: 61, 25, 2
Box: 34, 3, 15
Box: 61, 9, 37
Box: 61, 73, 13
Box: 9, 2, 2
Box: 18, 10, 5
Box: 9, 6, 47
Box: 3, 12, 42
Box: 4, 4, 12
Box: 9, 6, 4
Box: 4, 10, 2
Box: 4, 12, 4
Box: 16, 4, 10
Box: 61, 39, 7
Box: 61, 27, 13
Box: 2, 10, 32
Box: 6, 22, 108
Box: 9, 6, 13
Box: 24, 3, 37
Box: 8, 14, 11
Box: 7, 73, 149
Box: 30, 5, 7
Box: 9, 27, 8
Box: 61, 10, 16
Box: 49, 25, 14
Box: 13, 3, 17
Box: 8, 19, 6
Box: 61, 18, 58
Box: 15, 19, 32
Box: 61, 33, 11
Box: 3, 11, 6
Box: 61, 24, 4
Box: 13, 2, 6
Box: 61, 2, 149
Box: 61, 62, 57
Box: 4, 24, 20
Box: 32, 4, 4
Box: 5, 2, 6
Box: 32, 20, 74
Box: 4, 28, 38
Box: 61, 11, 18
Box: 7, 6, 17
Box: 8, 3, 5
Box: 13, 18, 15
Box: 39, 73, 15
Box: 28, 4, 9
Box: 19, 18, 32
Box: 10, 73, 89
Box: 2, 43, 19
Box: 19, 73, 3
Box: 13, 10, 14
Box: 61, 2, 4
Box: 19, 21, 28
Box: 11, 3, 2
Box: 8, 73, 13
Box: 61, 73, 3
Box: 30, 2, 10
Box: 7, 73, 70
Box: 4, 4, 24
Box: 61, 2, 37
Box: 38, 23, 5
Box: 7, 6, 6
Box: 22, 23, 149
Box: 17, 38, 5
Box: 15, 73, 149
Box: 22, 17, 22
Box: 61, 12, 5
Box: 2, 4, 5
Box: 7, 3, 2
Box: 2, 5, 5
Box: 2, 6, 109
Box: 25, 5, 5
Box: 5, 11, 26
Box: 26, 73, 8
Box: 61, 23, 60
Box: 6, 14, 46
Box: 3, 17, 10
Box: 8, 2, 112
Box: 61, 24, 36
Box: 3, 20, 6
Box: 3, 61, 38
Box: 8, 35, 6
Box: 4, 16, 32
Box: 24, 5, 15
Box: 33, 39, 8
Box: 6, 21, 9
Box: 10, 10, 26
Box: 11, 8, 5
Box: 30, 43, 20
Box: 61, 73, 9
Box: 49, 2, 14
Box: 11, 22, 5
Box: 2, 9, 7
Box: 11, 19, 11
Box: 61, 28, 4
Box: 8, 4, 5
Box: 9, 27, 2
Box: 39, 73, 80
Box: 10, 50, 60
Box: 5, 2, 2
Box: 16, 4, 2
Box: 9, 23, 46
Box: 4, 3, 5
Box: 61, 28, 26
Box: 7, 9, 5
Box: 13, 73, 20
Box: 10, 73, 149
Box: 23, 73, 21
Box: 5, 73, 39
Box: 13, 18, 21
Box: 14, 4, 30
Box: 10, 3, 3
Box: 12, 73, 59
Box: 6, 2, 8
Box: 2, 3, 2
Box: 25, 12, 4
Box: 44, 18, 12
Box: 4, 2, 15
Box: 61, 4, 54
Box: 36, 18, 27
Box: 11, 3, 14
Box: 7, 12, 49
Box: 2, 2, 2
Box: 11, 4, 6
Box: 5, 4, 111
Box: 32, 9, 56
Box: 5, 3, 20
Box: 16, 4, 3
Box: 32, 4, 9
Box: 18, 9, 4
Box: 30, 43, 6
Box: 3, 11, 4
Box: 2, 4, 6
Box: 9, 27, 22
Box: 6, 25, 8
Box: 9, 27, 3
Box: 31, 18, 15
Box: 61, 11, 5
Box: 5, 73, 31
Box: 6, 12, 3
Box: 6, 31, 19
Box: 5, 5, 4
Box: 18, 12, 6
Box: 61, 2, 49
Box: 5, 17, 11
Box: 5, 57, 3
Box: 61, 4, 56
Box: 7, 7, 16
Box: 10, 6, 6
Box: 2, 3, 8
Box: 61, 19, 12
Box: 61, 7, 34
Box: 4, 34, 3
Box: 17, 4, 13
Box: 61, 3, 61
Box: 34, 73, 11
Box: 17, 19, 8
Box: 10, 25, 20
Box: 6, 4, 46
Box: 9, 5, 9
Box: 18, 8, 5
Box: 4, 46, 16
Box: 6, 19, 149
Box: 28, 7, 149
Box: 2, 9, 13
Box: 3, 7, 9
Box: 61, 12, 32
Box: 2, 16, 12
Box: 16, 73, 29
Box: 5, 7, 9
Box: 61, 42, 149
Box: 3, 73, 83
Box: 13, 73, 15
Box: 9, 73, 31
Box: 13, 14, 149
Box: 2, 10, 4
Box: 6, 73, 36
Box: 2, 27, 11
Box: 61, 17, 74
Box: 12, 25, 149
Box: 61, 7, 15
Box: 61, 73, 10
Box: 61, 73, 46
Box: 28, 3, 149
Box: 20, 73, 34
Box: 6, 22, 2
Box: 13, 7, 8
Box: 13, 16, 26
Box: 61, 73, 12
Box: 8, 14, 8
Box: 4, 11, 7
Box: 19, 2, 9
Box: 61, 73, 3
Box: 2, 21, 97
Box: 11, 9, 26
Box: 31, 10, 118
Box: 8, 8, 8
Box: 61, 12, 7
Box: 18, 19, 25
Box: 61, 27, 14
Box: 61, 10, 49
Box: 11, 4, 16
Box: 61, 4, 58
Box: 22, 7, 6
Box: 12, 11, 12
Box: 9, 4, 47
Box: 9, 28, 7
Box: 2, 5, 18
Box: 5, 5, 6
Box: 5, 73, 2
Box: 11, 21, 28
Box: 61, 73, 56
Box: 24, 40, 15
Box: 10, 73, 32
Box: 10, 7, 14
Box: 2, 10, 6
Box: 32, 33, 10
Box: 2, 22, 3
Box: 11, 6, 16
Box: 9, 7, 108
Box: 61, 69, 7
Box: 5, 60, 31
Box: 3, 11, 25
Box: 9, 13, 89
Box: 61, 3, 22
Box: 61, 20, 54
Box: 13, 57, 5
Box: 12, 6, 24
Box: 6, 14, 5
Box: 33, 3, 6
Box: 61, 3, 9
Box: 2, 22, 2
Box: 12, 37, 30
Box: 6, 2, 2
Box: 3, 5, 12
Box: 5, 10, 6
Box: 19, 36, 3
Box: 25, 2, 3
Box: 61, 13, 6
Box: 17, 2, 9
Box: 28, 27, 149
Box: 31, 3, 6
Box: 3, 5, 18
Box: 9, 3, 4
Box: 31, 9, 7
Box: 2, 17, 38
Box: 31, 73, 31
Box: 11, 8, 29
Box: 9, 68, 68
Box: 61, 5, 18
Box: 2, 11, 26
Box: 61, 73, 11
Box: 2, 73, 38
Box: 20, 13, 25
Box: 19, 28, 2
Box: 61, 5, 13
Box: 61, 66, 6
Box: 61, 73, 9
Box: 2, 17, 16
Box: 61, 3, 3
Box: 14, 24, 61
Box: 5, 10, 8
Box: 12, 4, 26
Box: 9, 5, 9
Box: 2, 5, 12
Box: 13, 3, 21
Box: 22, 73, 2
Box: 18, 10, 5
Box: 34, 3, 14
Box: 10, 22, 20
Box: 61, 3, 14
Box: 61, 6, 51
Box: 2, 2, 15
Box: 18, 21, 2
Box: 13, 37, 42
Box: 10, 5, 13
Box: 17, 73, 5
Box: 10, 8, 26
Box: 6, 73, 20
Box: 11, 2, 2
Box: 19, 19, 4
Box: 48, 20, 21
Box: 33, 52, 18
Box: 9, 24, 2
Box: 7, 73, 5
Box: 9, 73, 26
Box: 12, 73, 118
Box: 10, 7, 36
Box: 61, 18, 149
Box: 10, 48, 130
Box: 22, 73, 3
Box: 5, 6, 6
Box: 61, 6, 33
Box: 61, 17, 149
Box: 24, 7, 91
Box: 5, 11, 18
Box: 61, 35, 26
Box: 39, 28, 42
Box: 5, 9, 37
Box: 8, 7, 20
Box: 19, 73, 46
Box: 21, 3, 63
Box: 61, 16, 101
Box: 16, 73, 6
Box: 18, 12, 4
Box: 35, 5, 3
Box: 27, 32, 50
Box: 32, 7, 13
Box: 8, 3, 14
Box: 3, 2, 2
Box: 2, 73, 36
Box: 17, 3, 24
Box: 9, 73, 9
Box: 15, 55, 15
Box: 16, 23, 2
Box: 22, 6, 4
Box: 61, 19, 5
Box: 30, 12, 5
Box: 19, 73, 3
Box: 3, 59, 26
Box: 5, 4, 2
Box: 32, 4, 24
Box: 17, 9, 24
Box: 9, 21, 13
Box: 32, 5, 149
Box: 26, 4, 6
Box: 10, 2, 6
Box: 19, 73, 22
Box: 9, 11, 4
Box: 2, 22, 10
Box: 13, 16, 57
Box: 61, 73, 7
Box: 16, 13, 3
Box: 61, 23, 68
Box: 61, 49, 3
Box: 24, 28, 19
Box: 18, 4, 13
Box: 15, 2, 11
Box: 8, 7, 9
Box: 14, 73, 28
Box: 12, 9, 4
Box: 13, 18, 14
Box: 16, 7, 18
Box: 61, 6, 43
Box: 10, 15, 149
Box: 22, 2, 5
Box: 61, 14, 113
Box: 4, 4, 29
Box: 5, 65, 11
Box: 8, 4, 59
Box: 2, 4, 22
Box: 14, 73, 10
Box: 2, 73, 83
Box: 61, 20, 19
Box: 16, 23, 6
Box: 4, 3, 3
Box: 61, 10, 62
Box: 15, 4, 11
Box: 13, 18, 2
Box: 61, 22, 80
Box: 12, 73, 2
Box: 2, 14, 35
Box: 5, 73, 14
Box: 18, 21, 56
Box: 13, 6, 5
Box: 13, 73, 11
Box: 61, 73, 39
Box: 61, 2, 110
Box: 61, 23, 11
Box: 12, 3, 9
Box: 17, 38, 19
Box: 15, 54, 149
Box: 29, 22, 46
Box: 5, 73, 32
Box: 13, 2, 39
Box: 9, 10, 14
Box: 13, 6, 149
Box: 6, 8, 7
Box: 13, 21, 149
Box: 14, 69, 4
Box: 18, 5, 35
Box: 28, 6, 149
Box: 9, 73, 11
Box: 3, 10, 5
Box: 61, 73, 64
Box: 5, 73, 33
Box: 18, 10, 6
Box: 26, 22, 3
Box: 4, 17, 2
Box: 2, 71, 9
Box: 14, 6, 12
Box: 14, 19, 149
Box: 38, 6, 4
Box: 9, 3, 17
Box: 6, 24, 7
Box: 47, 55, 49
Box: 13, 14, 20
Box: 10, 5, 2
Box: 30, 43, 8
Box: 35, 49, 10
Box: 22, 8, 16
Box: 7, 5, 16
Box: 61, 31, 5
Box: 15, 7, 18
Box: 61, 73, 28
Box: 9, 73, 23
Box: 11, 19, 71
Box: 31, 73, 50
Box: 34, 11, 2
Box: 9, 4, 8
Box: 9, 5, 6
Box: 11, 13, 10
Box: 16, 8, 10
Box: 5, 10, 2
Box: 61, 8, 149
Box: 61, 73, 19
Box: 61, 22, 9
Box: 32, 26, 18
Box: 61, 22, 34
Box: 5, 3, 49
Box: 11, 3, 51
Box: 61, 9, 39
Box: 8, 12, 13
Box: 25, 9, 20
Box: 7, 7, 12
Box: 9, 27, 17
Box: 19, 18, 5
Box: 27, 4, 46
Box: 13, 3, 42
Box: 4, 2, 7
Box: 12, 21, 15
Box: 19, 12, 2
Box: 16, 31, 6
Box: 9, 38, 62
Box: 3, 11, 10
Box: 9, 4, 5
Box: 5, 19, 4
Box: 7, 23, 61
Box: 16, 22, 6
Box: 9, 73, 40
Box: 8, 4, 6
Box: 9, 50, 4
Box: 12, 73, 54
Box: 5, 6, 149
Box: 26, 19, 6
Box: 5, 22, 11
Box: 61, 10, 32
Box: 18, 68, 12
Box: 61, 4, 27
Box: 4, 4, 4
Box: 9, 3, 6
Box: 16, 16, 54
Box: 21, 5, 8
Box: 7, 73, 9
Box: 8, 7, 108
Box: 2, 46, 4
Box: 12, 18, 3
Box: 61, 5, 22
Box: 61, 13, 11
Box: 19, 6, 17
Box: 5, 5, 4
Box: 61, 6, 10
Box: 30, 8, 7
Box: 11, 17, 10
Box: 61, 16, 6
Box: 61, 16, 42
Box: 27, 3, 17
Box: 61, 8, 48
Box: 19, 12, 6
Box: 3, 73, 5
Box: 61, 7, 4
Box: 18, 21, 5
Box: 9, 24, 3
Box: 9, 37, 50
Box: 9, 27, 28
Box: 2, 73, 42
Box: 24, 38, 149
Box: 27, 11, 39
Box: 27, 32, 19
Box: 4, 7, 7
Box: 42, 73, 39
Box: 4, 5, 2
Box: 13, 5, 9
Box: 61, 13, 11
Box: 61, 73, 13
Box: 5, 5, 4
Box: 8, 5, 6
Box: 10, 73, 3
Box: 23, 3, 6
Box: 2, 15, 34
Box: 17, 16, 48
Box: 41, 27, 109
Box: 21, 11, 22
Box: 61, 30, 74
Box: 10, 18, 82
Box: 5, 28, 6
Box: 61, 19, 22
Box: 22, 6, 4
Box: 61, 73, 24
Box: 11, 5, 6
Box: 34, 21, 41
Box: 10, 6, 41
Box: 61, 9, 7
Box: 61, 21, 7
Box: 61, 45, 149
Box: 31, 12, 42
Box: 61, 9, 4
Box: 61, 31, 149
Box: 28, 73, 17
Box: 2, 6, 4
Box: 8, 46, 26
Box: 15, 4, 19
Box: 36, 13, 58
Box: 61, 10, 17
Box: 16, 31, 7
Box: 5, 73, 149
Box: 5, 9, 149
Box: 2, 5, 35
Box: 8, 73, 5
Box: 19, 37, 3
Box: 61, 12, 149
Box: 61, 6, 149
Box: 25, 13, 17
Box: 5, 73, 8
Box: 2, 5, 35
Box: 2, 58, 34
Box: 61, 41, 10
Box: 9, 27, 6
Box: 16, 5, 3
Box: 8, 9, 25
Box: 3, 73, 90
Box: 13, 3, 16
Box: 61, 27, 2
Box: 10, 14, 3
Box: 61, 48, 2
Box: 61, 2, 11
Box: 61, 16, 4
Box: 37, 15, 15
Box: 61, 9, 11
Box: 42, 73, 44
Box: 40, 73, 8
Box: 61, 15, 68
Box: 61, 8, 6
Box: 2, 4, 8
Box: 61, 2, 5
Box: 5, 19, 54
Box: 9, 19, 15
Box: 4, 27, 11
Box: 40, 22, 16
Box: 20, 31, 6
Box: 10, 3, 3
Box: 11, 46, 40
Box: 2, 49, 6
Box: 9, 2, 4
Box: 6, 5, 28
Box: 14, 5, 32
Box: 8, 33, 11
Box: 61, 49, 39
Box: 61, 24, 117
Box: 7, 26, 18
Box: 18, 4, 6
Box: 9, 8, 13
Box: 4, 3, 14
Box: 2, 10, 143
Box: 16, 11, 90
Box: 61, 8, 45
Box: 6, 53, 15
Box: 61, 73, 9
Box: 14, 32, 2
Box: 16, 73, 40
Box: 3, 6, 6
Box: 9, 6, 4
Box: 5, 4, 8
Box: 61, 19, 42
Box: 32, 21, 56
Box: 16, 73, 11
Box: 61, 4, 149
Box: 10, 28, 9
Box: 3, 6, 19
Box: 61, 73, 12
Box: 61, 73, 19
Box: 61, 12, 22
Box: 8, 9, 149
Box: 61, 49, 23
Box: 2, 5, 9
Box: 8, 4, 3
Box: 10, 32, 6
Box: 4, 4, 31
Box: 8, 21, 13
Box: 61, 17, 73
Box: 6, 2, 6
Box: 5, 5, 5
Box: 31, 73, 19
Box: 4, 4, 13
Box: 27, 5, 9
Box: 26, 73, 45
Box: 2, 4, 5
Box: 41, 43, 7
Box: 2, 73, 86
Box: 41, 73, 5
Box: 5, 37, 20
Box: 8, 3, 4
Box: 9, 15, 46
Box: 32, 33, 4
Box: 61, 34, 149
Box: 11, 4, 18
Box: 61, 8, 24
Box: 42, 14, 10
Box: 2, 4, 13
Box: 61, 43, 82
Box: 15, 12, 8
Box: 12, 18, 6
Box: 61, 3, 5
Box: 9, 19, 11
Box: 12, 73, 16
Box: 16, 23, 3
Box: 61, 12, 6
Box: 12, 58, 7
Box: 9, 7, 41
Box: 23, 10, 8
Box: 18, 34, 3
Box: 35, 36, 49
Box: 19, 26, 16
Box: 34, 11, 13
Box: 27, 2, 2
Box: 61, 8, 125
Box: 61, 19, 24
Box: 4, 28, 18
Box: 61, 7, 3
Box: 10, 73, 9
Box: 2, 2, 2
Box: 13, 3, 51
Box: 42, 12, 149
Box: 23, 3, 5
Box: 2, 47, 7
Box: 2, 46, 16
Box: 10, 19, 2
Box: 61, 8, 2
Box: 4, 73, 13
Box: 3, 4, 9
Box: 61, 7, 8
Box: 14, 17, 22
Box: 11, 3, 18
Box: 3, 12, 7
Box: 61, 26, 15
Box: 6, 21, 5
Box: 61, 16, 5
Box: 33, 44, 23
Box: 9, 73, 18
Box: 7, 25, 30
Box: 61, 73, 10
Box: 61, 16, 5
Box: 61, 26, 149
Box: 10, 5, 5
Box: 10, 48, 7
Box: 7, 7, 11
Box: 8, 19, 25
Box: 3, 73, 18
Box: 3, 4, 19
Box: 61, 19, 6
Box: 21, 73, 67
Box: 2, 2, 4
Box: 5, 3, 8
Box: 61, 11, 149
Box: 3, 4, 12
Box: 4, 9, 149
Box: 10, 10, 4
Box: 40, 73, 55
Box: 9, 4, 3
Box: 28, 4, 149
Box: 10, 13, 19
Box: 6, 18, 22
Box: 2, 68, 2
Box: 4, 21, 61
Box: 3, 13, 6
Box: 61, 4, 22
Box: 4, 4, 30
Box: 61, 23, 149
Box: 22, 73, 27
Box: 10, 9, 3
Box: 2, 7, 14
Box: 61, 23, 3
Box: 13, 34, 33
Box: 2, 31, 44
Box: 30, 8, 10
Box: 11, 68, 104
Box: 61, 73, 33
Box: 14, 23, 46
Box: 2, 21, 18
Box: 61, 18, 75
Box: 43, 3, 5
Box: 9, 7, 5
Box: 15, 26, 16
Box: 37, 46, 62
Box: 22, 39, 24
Box: 14, 13, 89
Box: 31, 5, 3
Box: 61, 73, 10
Box: 22, 6, 21
Box: 14, 5, 3
Box: 21, 22, 20
Box: 61, 4, 51
Box: 49, 56, 10
Box: 61, 16, 57
Box: 61, 9, 30
Box: 14, 58, 32
Box: 61, 5, 4
Box: 26, 6, 17
Box: 16, 73, 149
Box: 8, 73, 49
Box: 38, 6, 4
Box: 21, 2, 6
Box: 25, 19, 3
Box: 2, 19, 127
Box: 42, 41, 4
Box: 61, 16, 39
Box: 61, 10, 12
Box: 19, 9, 23
Box: 49, 21, 34
Box: 7, 16, 11
Box: 22, 25, 4
Box: 26, 73, 8
Box: 4, 4, 5
Box: 6, 73, 57
Box: 61, 73, 67
Box: 34, 73, 5
Box: 2, 6, 2
Box: 61, 73, 38
Box: 10, 6, 6
Box: 61, 6, 13
Box: 4, 28, 35
Box: 28, 11, 149
Box: 61, 10, 8
Box: 6, 34, 3
Box: 11, 4, 5
Box: 2, 12, 149
Box: 33, 73, 25
Box: 61, 5, 70
Box: 61, 8, 18
Box: 10, 2, 3
Box: 3, 2, 6
Box: 2, 3, 5
Box: 20, 5, 35
Box: 10, 14, 24
Box: 7, 7, 39
Box: 19, 12, 3
Box: 8, 11, 10
Box: 4, 5, 6
Box: 2, 73, 2
Box: 10, 58, 32
Box: 10, 3, 36
Box: 5, 15, 18
Box: 2, 13, 89
Box: 61, 18, 97
Box: 61, 5, 7
Box: 3, 14, 18
Box: 61, 26, 20
Box: 8, 21, 22
Box: 56, 5, 6
Box: 27, 42, 15
Box: 9, 19, 50
Box: 61, 5, 3
Box: 4, 6, 20
Box: 26, 68, 2
Box: 9, 18, 64
Box: 47, 7, 46
Box: 18, 21, 6
Box: 3, 11, 15
Box: 2, 19, 48
Box: 32, 3, 2
Box: 19, 5, 29
Box: 61, 16, 11
Box: 9, 73, 7
Box: 49, 5, 36
Box: 61, 6, 5
Box: 4, 27, 34
Box: 4, 47, 90
Box: 9, 38, 15
Box: 2, 73, 12
Box: 27, 7, 14
Box: 8, 18, 11
Box: 5, 5, 9
Box: 24, 73, 18
Box: 11, 19, 3
Box: 49, 26, 37
Box: 16, 22, 11
Box: 61, 73, 35
Box: 19, 12, 12
Box: 3, 4, 12
Box: 5, 16, 12
Box: 3, 3, 2
Box: 10, 6, 5
Box: 31, 12, 10
Box: 9, 9, 149
Box: 15, 3, 3
Box: 8, 69, 4
Box: 13, 3, 42
Box: 7, 73, 2
Box: 8, 5, 20
Box: 4, 24, 8
Box: 2, 24, 7
Box: 34, 20, 6
Box: 61, 5, 27
Box: 5, 32, 32
Box: 61, 12, 14
Box: 61, 16, 149
Box: 2, 18, 41
Box: 5, 73, 49
Box: 61, 40, 49
Box: 61, 29, 11
Box: 16, 30, 6
Box: 2, 6, 18
Box: 4, 3, 2
Box: 4, 2, 36
Box: 18, 16, 48
Box: 10, 54, 9
Box: 61, 6, 35
Box: 3, 19, 7
Box: 3, 3, 41
Box: 61, 10, 8
Box: 10, 10, 41
Box: 19, 14, 97
Box: 30, 7, 7
Box: 10, 9, 20
Box: 10, 8, 9
Box: 61, 42, 5
Box: 2, 2, 13
Box: 61, 73, 13
Box: 61, 26, 9
Box: 3, 5, 12
Box: 4, 19, 149
Box: 4, 22, 57
Box: 2, 73, 81
Box: 61, 14, 49
Box: 31, 12, 39
Box: 7, 6, 17
Box: 8, 14, 5
Box: 61, 73, 37
Box: 7, 73, 149
Box: 3, 50, 20
Box: 18, 3, 9
Box: 17, 45, 5
Box: 27, 40, 14
Box: 61, 22, 29
Box: 5, 18, 10
Box: 6, 13, 8
Box: 18, 7, 149
Box: 7, 12, 10
Box: 6, 73, 17
Box: 15, 2, 29
Box: 61, 5, 2
Box: 5, 37, 9
Box: 61, 46, 30
Box: 61, 66, 13
Box: 3, 11, 4
Box: 49, 4, 6
Box: 41, 46, 109
Box: 55, 73, 14
Box: 18, 2, 6
Box: 20, 4, 8
Box: 2, 24, 7
Box: 3, 73, 149
Box: 61, 16, 32
Box: 10, 73, 6
Box: 5, 5, 20
Box: 6, 73, 85
Box: 9, 4, 23
Box: 32, 4, 91
Box: 61, 73, 52
Box: 61, 15, 149
Box: 4, 73, 12
Box: 16, 14, 6
Box: 61, 27, 40
Box: 17, 38, 5
Box: 4, 4, 26
Box: 12, 22, 17
Box: 61, 3, 16
Box: 9, 14, 6
Box: 31, 12, 15
Box: 5, 4, 149
Box: 5, 16, 48
Box: 2, 22, 8
Box: 61, 4, 149
Box: 61, 16, 16
Box: 2, 19, 12
Box: 11, 22, 149
Box: 27, 32, 10
Box: 4, 4, 16
Box: 17, 38, 47
Box: 11, 10, 85
Box: 3, 11, 35
Box: 9, 48, 11
Box: 8, 10, 20
Box: 7, 7, 5
Box: 4, 4, 5
Box: 5, 27, 11
Box: 31, 58, 32
Box: 61, 14, 30
Box: 7, 18, 11
Box: 61, 27, 11
Box: 11, 46, 26
Box: 7, 4, 3
Box: 61, 5, 46
Box: 13, 3, 7
Box: 5, 5, 6
Box: 16, 15, 4
Box: 29, 7, 5
Box: 5, 5, 23
Box: 61, 73, 5
Box: 61, 6, 13
Box: 2, 31, 149
Box: 3, 9, 6
Box: 8, 8, 149
Box: 28, 7, 149
Box: 61, 14, 6
Box: 61, 9, 14
Box: 61, 23, 149
Box: 17, 43, 45
Box: 61, 73, 10
Box: 2, 10, 12
Box: 61, 18, 15
Box: 21, 28, 56
Box: 12, 23, 9
Box: 18, 4, 13
Box: 3, 13, 25
Box: 61, 9, 2
Box: 41, 6, 3
Box: 5, 4, 9
Box: 21, 22, 51
Box: 26, 39, 8
Box: 61, 8, 22
Box: 61, 35, 9
Box: 3, 18, 22
Box: 11, 8, 4
Box: 61, 7, 24
Box: 5, 18, 23
Box: 61, 7, 18
Box: 21, 3, 12
Box: 8, 73, 20
Box: 21, 23, 22
Box: 61, 57, 13
Box: 29, 36, 16
Box: 11, 26, 6
Box: 51, 71, 16
Box: 19, 73, 9
Box: 29, 73, 29
Box: 2, 6, 34
Box: 32, 9, 14
Box: 61, 19, 115
Box: 34, 4, 55
Box: 61, 3, 7
Box: 61, 52, 11
Box: 13, 64, 6
Box: 14, 3, 22
Box: 61, 19, 7
Box: 61, 24, 7
Box: 6, 5, 8
Box: 8, 4, 13
Box: 61, 3, 62
Box: 2, 2, 17
Box: 7, 7, 2
Box: 3, 16, 3
Box: 61, 73, 10
Box: 61, 73, 65
Box: 35, 43, 10
Box: 51, 3, 12
Box: 3, 26, 49
Box: 3, 5, 6
Box: 2, 20, 8
Box: 61, 15, 11
Box: 61, 48, 149
Box: 2, 73, 13
Box: 61, 5, 3
Box: 10, 10, 90
Box: 61, 8, 6
Box: 42, 7, 98
Box: 5, 26, 3
Box: 8, 22, 86
Box: 7, 9, 45
Box: 5, 6, 48
Box: 10, 2, 3
Box: 2, 7, 14
Box: 15, 5, 149
Box: 37, 25, 3
Box: 34, 20, 18
Box: 61, 21, 23
Box: 3, 11, 83
Box: 13, 11, 149
Box: 6, 5, 4
Box: 15, 12, 5
Box: 61, 24, 17
Box: 10, 4, 24
Box: 5, 22, 111
Box: 7, 7, 12
Box: 23, 73, 15
Box: 12, 18, 6
Box: 61, 16, 15
Box: 12, 15, 18
Box: 61, 73, 9
Box: 5, 17, 5
Box: 29, 22, 7
Box: 8, 11, 22
Box: 9, 10, 11
Box: 18, 12, 27
Box: 12, 73, 2
Box: 11, 73, 39
Box: 20, 2, 24
Box: 45, 24, 3
Box: 9, 28, 9
Box: 61, 73, 15
Box: 5, 7, 13
Box: 4, 68, 72
Box: 27, 5, 5
Box: 4, 4, 22
Box: 24, 19, 15
Box: 18, 4, 6
Box: 5, 50, 60
Box: 14, 10, 6
Box: 10, 73, 24
Box: 7, 4, 24
Box: 61, 7, 39
Box: 11, 6, 4
Box: 22, 19, 21
Box: 4, 73, 27
Box: 61, 5, 20
Box: 61, 20, 149
Box: 9, 8, 31
Box: 61, 28, 6
Box: 5, 7, 9
Box: 23, 3, 2
Box: 5, 5, 7
Box: 41, 64, 5
Box: 9, 5, 5
Box: 61, 73, 9
Box: 7, 23, 88
Box: 38, 2, 12
Box: 4, 15, 46
Box: 5, 9, 17
Box: 10, 2, 30
Box: 9, 5, 47
Box: 3, 18, 17
Box: 7, 2, 6
Box: 61, 73, 16
Box: 4, 8, 23
Box: 61, 21, 28
Box: 61, 7, 18
Box: 61, 43, 16
Box: 2, 73, 3
Box: 61, 19, 21
Box: 3, 10, 44
Box: 32, 3, 23
Box: 4, 24, 3
Box: 61, 41, 73
Box: 27, 3, 63
Box: 2, 10, 45
Box: 61, 4, 62
Box: 2, 11, 7
Box: 24, 3, 15
Box: 2, 18, 149
Box: 61, 5, 58
Box: 61, 17, 18
Box: 17, 12, 15
Box: 4, 7, 149
Box: 25, 6, 9
Box: 5, 8, 5
Box: 6, 3, 4
Box: 2, 9, 44
Box: 3, 73, 20
Box: 5, 3, 12
Box: 7, 65, 11
Box: 12, 16, 7
Box: 9, 38, 33
Box: 30, 43, 81
Box: 5, 5, 3
Box: 25, 6, 42
Box: 9, 38, 16
Box: 10, 4, 3
Box: 19, 73, 40
Box: 17, 10, 12
Box: 9, 27, 7
Box: 10, 9, 13
Box: 10, 6, 7
Box: 11, 22, 5
Box: 61, 18, 16
Box: 61, 73, 35
Box: 61, 16, 6
Box: 22, 4, 14
Box: 10, 73, 8
Box: 3, 2, 6
Box: 12, 21, 17
Box: 11, 13, 32
Box: 3, 2, 5
Box: 10, 21, 15
Box: 2, 3, 21
Box: 5, 73, 127
Box: 3, 24, 11
Box: 9, 8, 5
Box: 12, 5, 3
Box: 17, 9, 31
Box: 61, 73, 6
Box: 4, 4, 19
Box: 13, 14, 4
Box: 13, 3, 2
Box: 10, 20, 5
Box: 2, 46, 4
Box: 4, 21, 18
Box: 2, 9, 6
Box: 34, 26, 5
Box: 61, 4, 11
Box: 38, 40, 18
Box: 61, 73, 35
Box: 9, 8, 149
Box: 9, 5, 10
Box: 2, 43, 64
Box: 5, 5, 32
Box: 61, 12, 2
Box: 61, 35, 4
Box: 41, 13, 33
Box: 22, 73, 12
Box: 13, 73, 5
Box: 17, 3, 5
Box: 6, 5, 3
Box: 4, 38, 149
Box: 61, 28, 2
Box: 61, 15, 49
Box: 36, 73, 20
Box: 27, 8, 29
Box: 35, 3, 8
Box: 7, 73, 43
Box: 4, 50, 20
Box: 40, 17, 6
Box: 3, 62, 149
Box: 15, 13, 7
Box: 3, 16, 38
Box: 61, 18, 10
Box: 7, 7, 7
Box: 25, 5, 5
Box: 11, 2, 55
Box: 5, 15, 13
Box: 17, 12, 3
Box: 5, 60, 36
Box: 7, 16, 12
Box: 61, 73, 81
Box: 9, 11, 17
Box: 4, 4, 3
Box: 13, 11, 6
Box: 61, 8, 29
Box: 61, 2, 100
Box: 11, 73, 13
Box: 61, 28, 6
Box: 44, 9, 13
Box: 61, 5, 6
Box: 61, 6, 87
Box: 32, 50, 20
Box: 32, 73, 90
Box: 11, 19, 6
Box: 19, 21, 56
Box: 61, 10, 70
Box: 10, 16, 24
Box: 9, 18, 25
Box: 4, 73, 13
Box: 22, 73, 9
Box: 10, 4, 5
Box: 19, 68, 2
Box: 4, 24, 7
Box: 16, 73, 13
Box: 3, 17, 10
Box: 2, 73, 4
Box: 31, 3, 14
Box: 3, 16, 32
Box: 3, 73, 13
Box: 2, 8, 149
Box: 10, 4, 6
Box: 6, 7, 122
Box: 5, 2, 9
Box: 61, 4, 55
Box: 7, 22, 46
Box: 35, 2, 3
Box: 61, 19, 29
Box: 33, 3, 22
Box: 22, 73, 15
Box: 2, 12, 16
Box: 13, 7, 16
Box: 3, 21, 2
Box: 2, 4, 2
Box: 6, 2, 7
Box: 15, 4, 30
Box: 24, 15, 46
Box: 9, 3, 7
Box: 12, 73, 29
Box: 2, 20, 7
Box: 7, 20, 54
Box: 21, 6, 16
Box: 13, 3, 6
Box: 4, 8, 5
Box: 2, 36, 9
Box: 61, 12, 13
Box: 9, 14, 2
Box: 61, 6, 4
Box: 35, 73, 48
Box: 11, 15, 12
Box: 21, 34, 7
Box: 61, 9, 57
Box: 19, 4, 29
Box: 24, 2, 33
Box: 4, 4, 4
Box: 8, 8, 149
Box: 8, 6, 3
Box: 11, 4, 16
Box: 61, 16, 12
Box: 6, 16, 5
Box: 10, 18, 6
Box: 2, 73, 11
Box: 61, 73, 34
Box: 15, 73, 50
Box: 19, 21, 2
Box: 3, 40, 11
Box: 61, 73, 43
Box: 2, 14, 61
Box: 61, 24, 4
Box: 61, 12, 57
Box: 3, 2, 4
Box: 32, 16, 56
Box: 7, 55, 149
Box: 9, 10, 44
Box: 13, 3, 4
Box: 7, 27, 28
Box: 4, 24, 5
Box: 24, 2, 15
Box: 16, 7, 86
Box: 8, 73, 2
Box: 25, 73, 3
Box: 39, 5, 18
Box: 2, 7, 36
Box: 3, 6, 54
Box: 61, 40, 5
Box: 24, 24, 4
Box: 11, 16, 57
Box: 4, 44, 59
Box: 5, 7, 23
Box: 61, 73, 18
Box: 17, 3, 45
Box: 5, 5, 7
Box: 13, 3, 12
Box: 11, 8, 4
Box: 3, 71, 9
Box: 53, 4, 6
Box: 61, 20, 26
Box: 17, 4, 20
Box: 6, 19, 9
Box: 4, 4, 2
Box: 8, 5, 5
Box: 13, 7, 15
Box: 17, 6, 13
Box: 13, 5, 26
Box: 12, 37, 149
Box: 21, 5, 35
Box: 61, 11, 2
Box: 61, 4, 40
Box: 9, 73, 34
Box: 61, 7, 6
Box: 2, 7, 4
Box: 61, 2, 3
Box: 61, 10, 11
Box: 4, 11, 32
Box: 10, 9, 20
Box: 5, 49, 6
Box: 9, 8, 51
Box: 2, 14, 2
Box: 16, 73, 27
Box: 24, 27, 16
Box: 3, 3, 19
Box: 49, 73, 56
Box: 61, 9, 18
Box: 10, 73, 12
Box: 10, 73, 66
Box: 3, 14, 8
Box: 16, 10, 12
Box: 18, 15, 149
Box: 61, 9, 15
Box: 61, 73, 41
Box: 2, 5, 5
Box: 17, 22, 19
Box: 9, 21, 14
Box: 3, 2, 2
Box: 61, 51, 16
Box: 6, 29, 28
Box: 16, 26, 86
Box: 7, 7, 8
Box: 61, 3, 46
Box: 12, 9, 27
Box: 6, 73, 11
Box: 27, 5, 4
Box: 3, 73, 12
Box: 15, 5, 16
Box: 10, 8, 4
Box: 23, 3, 2
Box: 10, 2, 2
Box: 61, 10, 4
Box: 14, 4, 8
Box: 49, 21, 17
Box: 13, 21, 2
Box: 4, 24, 42
Box: 61, 28, 10
Box: 12, 10, 4
Box: 11, 73, 4
Box: 22, 46, 40
Box: 12, 13, 5
Box: 41, 30, 20
Box: 4, 73, 39
Box: 10, 6, 13
Box: 2, 33, 18
Box: 23, 10, 12
Box: 61, 73, 72
Box: 16, 6, 3
Box: 61, 2, 6
Box: 61, 19, 54
Box: 3, 73, 98
Box: 7, 14, 2
Box: 10, 2, 12
Box: 23, 41, 11
Box: 8, 3, 4
Box: 61, 8, 57
Box: 61, 10, 9
Box: 40, 7, 6
Box: 24, 4, 102
Box: 3, 12, 2
Box: 6, 73, 2
Box: 16, 19, 48
Box: 2, 10, 5
Box: 9, 21, 4
Box: 61, 25, 27
Box: 61, 65, 4
Box: 61, 6, 38
Box: 2, 5, 6
Box: 4, 24, 5
Box: 18, 9, 4
Box: 6, 54, 72
Box: 4, 2, 7
Box: 5, 22, 19
Box: 25, 12, 12
Box: 61, 73, 39
Box: 4, 28, 10
Box: 3, 11, 51
Box: 9, 22, 4
Box: 7, 9, 149
Box: 30, 15, 38
Box: 11, 9, 61
Box: 35, 8, 7
Box: 2, 4, 6
Box: 61, 16, 5
Box: 22, 4, 21
Box: 4, 12, 84
Box: 12, 2, 2
Box: 27, 34, 5
Box: 8, 6, 13
Box: 6, 5, 28
Box: 7, 73, 19
Box: 61, 73, 3
Box: 9, 19, 54
Box: 27, 7, 32
Box: 61, 13, 43
Box: 15, 13, 34
Box: 31, 73, 6
Box: 3, 3, 14
Box: 15, 3, 3
Box: 3, 4, 20
Box: 12, 73, 12
Box: 61, 26, 14
Box: 7, 32, 38
Box: 4, 38, 16
Box: 2, 58, 32
Box: 9, 27, 12
Box: 13, 12, 48
Box: 2, 22, 6
Box: 6, 4, 18
Box: 9, 13, 25
Box: 24, 4, 14
Box: 61, 5, 39
Box: 2, 22, 10
Box: 8, 4, 4
Box: 23, 7, 39
Box: 10, 46, 8
Box: 61, 4, 12
Box: 34, 73, 8
Box: 9, 11, 39
Box: 61, 73, 13
Box: 8, 2, 5
Box: 3, 26, 4
Box: 3, 29, 17
Box: 61, 4, 35
Box: 61, 10, 22
Box: 22, 8, 36
Box: 14, 8, 6
Box: 24, 27, 25
Box: 34, 12, 5
Box: 2, 8, 7
Box: 27, 33, 16
Box: 11, 45, 11
Box: 7, 13, 89
Box: 39, 11, 43
Box: 16, 5, 9
Box: 61, 10, 17
Box: 8, 6, 13
Box: 23, 5, 29
Box: 59, 73, 28
Box: 6, 73, 6
Box: 61, 38, 4
Box: 11, 16, 48
Box: 2, 73, 12
Box: 18, 2, 13
Box: 10, 40, 19
Box: 33, 43, 18
Box: 61, 73, 31
Box: 7, 19, 12
Box: 59, 73, 6
Box: 61, 69, 5
Box: 61, 23, 43
Box: 15, 18, 15
Box: 23, 73, 38
Box: 26, 5, 17
Box: 21, 22, 2
Box: 61, 27, 9
Box: 61, 13, 26
Box: 13, 5, 149
Box: 14, 2, 12
Box: 4, 28, 11
Box: 8, 9, 149
Box: 61, 73, 2
Box: 11, 6, 54
Box: 7, 37, 9
Box: 9, 4, 149
Box: 7, 7, 8
Box: 61, 4, 11
Box: 9, 9, 14
Box: 2, 13, 28
Box: 2, 20, 34
Box: 6, 73, 68
Box: 6, 4, 16
Box: 13, 3, 12
Box: 7, 73, 31
Box: 38, 73, 28
Box: 32, 4, 56
Box: 16, 3, 4
Box: 61, 27, 7
Box: 15, 10, 2
Box: 3, 68, 37
Box: 19, 12, 2
Box: 61, 4, 17
Box: 61, 73, 16
Box: 24, 13, 20
Box: 15, 3, 41
Box: 61, 18, 144
Box: 7, 48, 42
Box: 10, 33, 4
Box: 13, 73, 32
Box: 3, 11, 5
Box: 61, 13, 8
Box: 12, 16, 2
Box: 3, 12, 11
Box: 16, 36, 22
Box: 23, 22, 2
Box: 2, 8, 6
Box: 51, 73, 89
Box: 12, 2, 17
Box: 35, 40, 4
Box: 2, 51, 68
Box: 30, 12, 14
Box: 9, 2, 28
Box: 20, 24, 11
Box: 16, 73, 6
Box: 48, 5, 2
Box: 16, 9, 27
Box: 61, 22, 20
Box: 10, 7, 14
Box: 61, 6, 3
Box: 2, 73, 28
Box: 24, 73, 90
Box: 22, 5, 7
Box: 61, 2, 27
Box: 16, 9, 4
Box: 3, 71, 2
Box: 3, 2, 2
Box: 33, 4, 3
Box: 32, 33, 2
Box: 10, 17, 10
Box: 12, 73, 6
Box: 2, 4, 26
Box: 6, 9, 32
Box: 14, 17, 6
Box: 2, 26, 3
Box: 19, 2, 19
Box: 7, 15, 18
Box: 61, 17, 15
Box: 5, 5, 32
Box: 7, 5, 6
Box: 51, 3, 149
Box: 18, 12, 31
Box: 4, 73, 78
Box: 61, 43, 10
Box: 61, 14, 149
Box: 10, 5, 5
Box: 4, 43, 35
Box: 9, 12, 11
Box: 17, 73, 14
Box: 61, 13, 34
Box: 14, 31, 15
Box: 14, 2, 6
Box: 15, 2, 34
Box: 3, 73, 16
Box: 9, 2, 6
Box: 14, 10, 16
Box: 2, 73, 55
Box: 6, 51, 46
Box: 10, 2, 16
Box: 61, 7, 29
Box: 42, 9, 25
Box: 13, 73, 16
Box: 9, 8, 32
Box: 4, 73, 47
Box: 30, 19, 38
Box: 11, 73, 32
Box: 2, 27, 5
Box: 12, 7, 11
Box: 61, 73, 3
Box: 22, 39, 46
Box: 61, 3, 42
Box: 61, 15, 7
Box: 22, 6, 4
Box: 19, 28, 48
Box: 4, 4, 40
Box: 9, 10, 4
Box: 30, 2, 8
Box: 7, 24, 2
Box: 9, 4, 8
Box: 20, 2, 5
Box: 61, 2, 40
Box: 2, 19, 54
Box: 7, 9, 3
Box: 11, 40, 13
Box: 61, 73, 16
Box: 8, 32, 4
Box: 61, 68, 3
Box: 61, 2, 27
Box: 2, 10, 6
Box: 9, 4, 26
Box: 4, 5, 29
Box: 9, 2, 9
Box: 61, 10, 117
Box: 8, 32, 6
Box: 18, 21, 4
Box: 13, 14, 2
Box: 7, 5, 3
Box: 11, 18, 17
Box: 41, 42, 12
Box: 4, 18, 83
Box: 27, 5, 46
Box: 10, 16, 26
Box: 25, 67, 42
Box: 3, 11, 2
Box: 61, 6, 14
Box: 61, 73, 42
Box: 10, 17, 90
Box: 10, 19, 6
Box: 8, 3, 41
Box: 8, 23, 23
Box: 11, 39, 37
Box: 7, 26, 49
Box: 19, 2, 11
Box: 6, 2, 7
Box: 7, 73, 49
Box: 24, 12, 47
Box: 2, 24, 149
Box: 11, 18, 4
Box: 61, 40, 2
Box: 21, 6, 57
Box: 12, 22, 43
Box: 38, 73, 7
Box: 61, 10, 34
Box: 61, 29, 21
Box: 42, 73, 50
Box: 61, 49, 12
Box: 2, 37, 14
Box: 61, 31, 20
Box: 4, 73, 13
Box: 61, 7, 6
Box: 6, 9, 3
Box: 2, 6, 4
Box: 61, 19, 97
Box: 22, 4, 5
Box: 59, 73, 4
Box: 10, 14, 36
Box: 61, 7, 77
Box: 2, 24, 7
Box: 6, 19, 54
Box: 4, 2, 21
Box: 13, 4, 104
Box: 28, 73, 4
Box: 9, 7, 15
Box: 10, 16, 14
Box: 10, 35, 24
Box: 61, 5, 48
Box: 2, 19, 149
Box: 10, 3, 13
Box: 17, 2, 5
Box: 19, 73, 118
Box: 13, 4, 15
Box: 19, 28, 13
Box: 61, 2, 72
Box: 14, 11, 3
Box: 21, 3, 118
Box: 61, 39, 57
Box: 12, 12, 5
Box: 6, 4, 44
Box: 11, 73, 14
Box: 33, 73, 40
Box: 61, 13, 16
Box: 17, 65, 11
Box: 12, 16, 22
Box: 15, 6, 44
Box: 4, 7, 4
Box: 7, 7, 26
Box: 9, 4, 8
Box: 4, 21, 15
Box: 2, 16, 2
Box: 18, 10, 45
Box: 61, 8, 9
Box: 32, 6, 42
Box: 2, 5, 9
Box: 4, 20, 100
Box: 11, 21, 85
Box: 11, 73, 3
Box: 3, 11, 17
Box: 11, 4, 141
Box: 61, 42, 3
Box: 61, 6, 12
Box: 20, 6, 9
Box: 53, 15, 22
Box: 6, 3, 8
Box: 9, 17, 13
Box: 15, 3, 38
Box: 49, 26, 22
Box: 19, 73, 5
Box: 3, 3, 17
Box: 9, 25, 30
Box: 18, 19, 54
Box: 40, 7, 10
Box: 40, 3, 4
Box: 4, 23, 46
Box: 42, 18, 5
Box: 10, 6, 6
Box: 61, 6, 22
Box: 8, 73, 16
Box: 61, 9, 18
Box: 37, 26, 149
Box: 43, 3, 9
Box: 40, 2, 25
Box: 8, 22, 149
Box: 3, 16, 9
Box: 61, 68, 73
Box: 21, 22, 5
Box: 9, 11, 4
Box: 2, 37, 143
Box: 6, 8, 6
Box: 32, 73, 11
Box: 3, 30, 43
Box: 16, 3, 12
Box: 22, 11, 22
Box: 13, 3, 5
Box: 7, 22, 11
Box: 61, 70, 73
Box: 61, 73, 41
Box: 27, 6, 54
Box: 4, 12, 7
Box: 42, 8, 7
Box: 4, 44, 15
Box: 14, 73, 4
Box: 24, 23, 13
Box: 3, 19, 58
Box: 20, 4, 9
Box: 4, 8, 12
Box: 49, 73, 13
Box: 4, 17, 64
Box: 3, 3, 2
Box: 61, 13, 22
Box: 7, 5, 11
Box: 61, 21, 4
Box: 4, 4, 22
Box: 61, 27, 149
Box: 15, 27, 5
Box: 4, 12, 53
Box: 17, 27, 34
Box: 61, 9, 149
Box: 12, 73, 12
Box: 61, 9, 6
Box: 15, 73, 11
Box: 2, 28, 42
Box: 61, 73, 10
Box: 61, 60, 22
Box: 4, 19, 149
Box: 2, 4, 2
Box: 49, 73, 7
Box: 61, 12, 49
Box: 7, 73, 11
Box: 3, 3, 49
Box: 61, 6, 4
Box: 61, 73, 17
Box: 13, 4, 20
Box: 61, 17, 2
Box: 7, 29, 11
Box: 24, 73, 29
Box: 10, 18, 8
Box: 61, 7, 4
Box: 12, 4, 50
Box: 61, 28, 28
Box: 6, 73, 21
Box: 61, 5, 2
Box: 22, 73, 14
Box: 3, 4, 28
Box: 13, 5, 5
Box: 61, 9, 25
Box: 32, 73, 58
Box: 7, 5, 11
Box: 18, 21, 6
Box: 25, 73, 5
Box: 8, 28, 10
Box: 10, 2, 5
Box: 61, 4, 4
Box: 2, 6, 32
Box: 61, 13, 26
Box: 29, 22, 25
Box: 61, 3, 12
Box: 16, 2, 3
Box: 61, 73, 18
Box: 61, 19, 7
Box: 17, 73, 51
Box: 12, 6, 8
Box: 21, 73, 42
Box: 11, 21, 52
Box: 61, 21, 15
Box: 61, 6, 18
Box: 28, 21, 11
Box: 3, 22, 18
Box: 61, 8, 17
Box: 61, 6, 4
Box: 17, 19, 6
Box: 23, 73, 11
Box: 4, 73, 6
Box: 9, 32, 32
Box: 21, 2, 11
Box: 30, 9, 26
Box: 8, 9, 22
Box: 61, 36, 62
Box: 13, 73, 3
Box: 13, 4, 22
Box: 3, 9, 6
Box: 18, 73, 35
Box: 14, 73, 45
Box: 32, 33, 4
Box: 61, 4, 17
Box: 7, 73, 18
Box: 14, 39, 12
Box: 61, 19, 8
Box: 4, 24, 21
Box: 3, 8, 38
Box: 13, 9, 6
Box: 7, 48, 46
Box: 14, 17, 2
Box: 19, 73, 12
Box: 61, 5, 77
Box: 8, 32, 60
Box: 42, 61, 64
Box: 13, 23, 46
Box: 37, 40, 15
Box: 6, 4, 8
Box: 7, 3, 11
Box: 12, 20, 42
Box: 16, 73, 79
Box: 40, 3, 16
Box: 9, 8, 15
Box: 10, 46, 9
Box: 12, 14, 24
Box: 61, 6, 7
Box: 61, 28, 6
Box: 61, 73, 13
Box: 61, 73, 51
Box: 61, 10, 17
Box: 2, 73, 14
Box: 61, 14, 42
Box: 5, 4, 9
Box: 9, 28, 16
Box: 13, 2, 8
Box: 10, 10, 4
Box: 29, 2, 12
Box: 10, 20, 8
Box: 61, 5, 59
Box: 7, 7, 9
Box: 5, 5, 9
Box: 5, 5, 6
Box: 9, 2, 12
Box: 2, 73, 39
Box: 5, 6, 6
Box: 28, 4, 14
Box: 4, 19, 6
Box: 6, 73, 44
Box: 61, 5, 2
Box: 27, 73, 13
Box: 3, 11, 4
Box: 3, 16, 25
Box: 9, 6, 15
Box: 36, 27, 11
Box: 24, 12, 15
Box: 9, 10, 12
Box: 61, 13, 60
Box: 61, 14, 9
Box: 4, 22, 86
Box: 26, 35, 6
Box: 3, 3, 14
Box: 61, 24, 105
Box: 12, 18, 8
Box: 18, 16, 5
Box: 21, 22, 52
Box: 36, 4, 11
Box: 61, 28, 3
Box: 25, 10, 30
Box: 10, 73, 67
Box: 24, 36, 85
Box: 4, 5, 6
Box: 9, 22, 47
Box: 61, 28, 70
Box: 8, 73, 39
Box: 18, 3, 5
Box: 61, 73, 27
Box: 61, 3, 2
Box: 13, 20, 21
Box: 4, 10, 38
Box: 3, 73, 45
Box: 4, 7, 30
Box: 61, 7, 35
Box: 61, 3, 24
Box: 2, 11, 4
Box: 8, 2, 11
Box: 17, 12, 3
Box: 11, 24, 85
Box: 16, 12, 10
Box: 19, 19, 44
Box: 61, 31, 27
Box: 41, 43, 2
Box: 27, 19, 48
Box: 14, 32, 12
Box: 61, 10, 6
Box: 23, 4, 49
Box: 9, 27, 8
Box: 7, 9, 25
Box: 18, 7, 13
Box: 19, 73, 149
Box: 11, 6, 39
Box: 10, 3, 118
Box: 13, 23, 12
Box: 4, 15, 17
Box: 7, 16, 2
Box: 34, 42, 15
Box: 61, 5, 26
Box: 61, 73, 6
Box: 4, 9, 57
Box: 18, 3, 6
Box: 13, 12, 33
Box: 7, 4, 69
Box: 5, 5, 16
Box: 4, 5, 3
Box: 7, 73, 3
Box: 6, 8, 38
Box: 4, 27, 34
Box: 6, 73, 2
Box: 10, 16, 4
Box: 19, 7, 133
Box: 4, 38, 33
Box: 16, 23, 2
Box: 10, 73, 16
Box: 61, 16, 2
Box: 61, 49, 32
Box: 12, 10, 20
Box: 9, 3, 14
Box: 5, 5, 26
Box: 8, 4, 2
Box: 13, 11, 9
Box: 23, 14, 3
Box: 10, 2, 36
Box: 8, 8, 11
Box: 7, 73, 2
Box: 9, 3, 49
Box: 61, 4, 8
Box: 33, 52, 13
Box: 13, 14, 16
Box: 42, 61, 56
Box: 9, 19, 54
Box: 3, 10, 17
Box: 6, 45, 29
Box: 3, 6, 44
Box: 22, 2, 94
Box: 34, 3, 11
Box: 29, 22, 30
Box: 17, 10, 13
Box: 11, 5, 4
Box: 15, 73, 149
Box: 3, 8, 28
Box: 21, 73, 15
Box: 61, 16, 33
Box: 9, 5, 14
Box: 13, 6, 12
Box: 5, 24, 7
Box: 3, 71, 2
Box: 20, 5, 11
Box: 3, 73, 32
Box: 28, 20, 149
Box: 3, 73, 6
Box: 7, 7, 2
Box: 3, 21, 61
Box: 24, 27, 7
Box: 41, 3, 3
Box: 22, 5, 14
Box: 17, 2, 5
Box: 12, 53, 24
Box: 12, 73, 8
Box: 16, 37, 24
Box: 12, 73, 8
Box: 2, 4, 2
Box: 61, 73, 4
Box: 5, 7, 6
Box: 11, 31, 141
Box: 11, 17, 4
Box: 27, 7, 16
Box: 5, 46, 40
Box: 13, 3, 2
Box: 61, 10, 4
Box: 61, 4, 15
Box: 8, 14, 59
Box: 10, 73, 32
Box: 24, 24, 17
Box: 61, 19, 29
Box: 47, 10, 16
Box: 3, 3, 2
Box: 2, 14, 5
Box: 21, 73, 54
Box: 11, 73, 21
Box: 2, 10, 15
Box: 61, 73, 9
Box: 61, 2, 149
Box: 25, 9, 5
Box: 28, 4, 149
Box: 61, 4, 36
Box: 6, 16, 48
Box: 17, 38, 59
Box: 11, 73, 8
Box: 6, 2, 5
Box: 7, 2, 11
Box: 7, 18, 12
Box: 31, 48, 7
Box: 16, 61, 6
Box: 16, 9, 15
Box: 4, 4, 12
Box: 61, 6, 5
Box: 32, 10, 5
Box: 4, 73, 6
Box: 14, 9, 117
Box: 9, 48, 31
Box: 61, 8, 5
Box: 17, 9, 22
Box: 7, 73, 8
Box: 25, 32, 38
Box: 61, 19, 25
Box: 61, 2, 102
Box: 12, 5, 23
Box: 2, 16, 5
Box: 61, 21, 149
Box: 61, 23, 15
Box: 2, 11, 6
Box: 6, 4, 22
Box: 17, 14, 78
Box: 12, 17, 2
Box: 6, 3, 7
Box: 10, 73, 149
Box: 31, 12, 4
Box: 11, 47, 10
Box: 3, 73, 14
Box: 6, 7, 11
Box: 40, 9, 16
Box: 40, 17, 6
Box: 20, 29, 5
Box: 61, 73, 8
Box: 61, 4, 127
Box: 13, 35, 45
Box: 14, 5, 12
Box: 61, 73, 12
Box: 11, 5, 133
Box: 11, 21, 9
Box: 5, 2, 3
Box: 21, 28, 18
Box: 10, 73, 149
Box: 6, 22, 2
Box: 11, 6, 4
Box: 11, 24, 42
Box: 12, 11, 9
Box: 59, 73, 58
Box: 61, 3, 10
Box: 5, 73, 83
Box: 61, 73, 18
Box: 2, 14, 20
Box: 61, 2, 17
Box: 12, 3, 17
Box: 7, 4, 6
Box: 11, 2, 10
Box: 10, 73, 50
Box: 3, 73, 29
Box: 8, 2, 5
Box: 61, 73, 14
Box: 29, 15, 16
Box: 13, 36, 45
Box: 6, 73, 3
Box: 10, 73, 20
Box: 2, 2, 6
Box: 61, 12, 16
Box: 61, 73, 8
Box: 21, 4, 37
Box: 61, 13, 65
Box: 2, 73, 40
Box: 2, 4, 5
Box: 61, 31, 53
Box: 8, 73, 8
Box: 5, 73, 8
Box: 12, 37, 9
Box: 13, 5, 15
Box: 16, 73, 111
Box: 4, 17, 11
Box: 12, 18, 16
Box: 7, 14, 6
Box: 10, 14, 3
Box: 41, 31, 6
Box: 61, 24, 37
Box: 61, 5, 2
Box: 8, 6, 10
Box: 23, 7, 14
Box: 3, 4, 13
Box: 18, 21, 20
Box: 11, 5, 10
Box: 61, 5, 8
Box: 3, 22, 17
Box: 5, 22, 27
Box: 31, 18, 9
Box: 4, 2, 7
Box: 3, 13, 79
Box: 5, 73, 30
Box: 61, 5, 18
Box: 7, 73, 29
Box: 16, 32, 32
Box: 24, 52, 102
Box: 26, 3, 10
Box: 2, 2, 12
Box: 12, 68, 3
Box: 22, 73, 18
Box: 41, 3, 8
Box: 61, 23, 68
Box: 3, 6, 4
Box: 22, 16, 6
Box: 51, 3, 12
Box: 8, 4, 18
Box: 11, 28, 10
Box: 47, 24, 20
Box: 61, 8, 14
Box: 2, 51, 68
Box: 61, 3, 79
Box: 2, 5, 52
Box: 2, 20, 21
Box: 61, 73, 51
Box: 17, 25, 3
Box: 61, 73, 4
Box: 5, 73, 6
Box: 3, 2, 16
Box: 19, 21, 3
Box: 6, 3, 6
Box: 61, 23, 149
Box: 12, 9, 17
Box: 24, 4, 149
Box: 9, 12, 12
Box: 61, 71, 5
Box: 6, 46, 16
Box: 13, 5, 7
Box: 61, 73, 10
Box: 20, 5, 5
Box: 15, 23, 127
Box: 10, 37, 5
Box: 10, 7, 9
Box: 5, 18, 23
Box: 4, 7, 42
Box: 3, 40, 21
Box: 10, 8, 5
Box: 6, 7, 9
Box: 10, 22, 19
Box: 2, 5, 149
Box: 14, 57, 6
Box: 32, 40, 11
Box: 20, 12, 33
Box: 17, 73, 111
Box: 41, 3, 28
Box: 4, 8, 149
Box: 9, 73, 149
Box: 40, 7, 39
Box: 61, 4, 6
Box: 61, 6, 6
Box: 9, 10, 23
Box: 61, 73, 36
Box: 6, 51, 149
Box: 8, 5, 59
Box: 5, 7, 11
Box: 21, 2, 6
Box: 61, 10, 3
Box: 24, 4, 49
Box: 3, 13, 10
Box: 6, 73, 149
Box: 21, 23, 6
Box: 4, 7, 19
Box: 20, 73, 54
Box: 27, 19, 149
Box: 4, 4, 9
Box: 7, 13, 3
Box: 61, 29, 13
Box: 13, 10, 10
Box: 2, 5, 39
Box: 18, 23, 149
Box: 4, 9, 6
Box: 2, 19, 54
Box: 27, 18, 5
Box: 32, 4, 45
Box: 3, 73, 46
Box: 9, 73, 45
Box: 23, 10, 3
Box: 61, 9, 33
Box: 2, 18, 5
Box: 61, 17, 123
Box: 9, 34, 3
Box: 61, 12, 12
Box: 61, 3, 13
Box: 7, 3, 2
Box: 7, 9, 37
Box: 15, 73, 13
Box: 21, 5, 18
Box: 35, 12, 3
Box: 61, 62, 11
Box: 12, 37, 8
Box: 10, 21, 6
Box: 61, 16, 27
Box: 4, 11, 63
Box: 20, 22, 9
Box: 61, 12, 2
Box: 17, 19, 14
Box: 61, 68, 14
Box: 30, 21, 7
Box: 13, 24, 5
Box: 29, 27, 2
Box: 61, 4, 3
Box: 10, 73, 17
Box: 16, 3, 6
Box: 61, 24, 37
Box: 9, 18, 15
Box: 39, 2, 5
Box: 4, 73, 22
Box: 5, 2, 6
Box: 12, 73, 23
Box: 5, 19, 18
Box: 9, 28, 89
Box: 25, 7, 23
Box: 6, 8, 2
Box: 61, 21, 4
Box: 23, 7, 17
Box: 14, 50, 60
Box: 6, 73, 35
Box: 11, 15, 15
Box: 10, 13, 12
Box: 61, 49, 21
Box: 9, 73, 20
Box: 3, 8, 149
Box: 2, 46, 16
Box: 27, 3, 46
Box: 5, 73, 2
Box: 61, 5, 72
Box: 2, 8, 6
Box: 9, 27, 9
Box: 12, 20, 38
Box: 11, 4, 3
Box: 61, 9, 14
Box: 61, 11, 149
Box: 19, 2, 33
Box: 5, 73, 17
Box: 14, 7, 39
Box: 6, 8, 9
Box: 23, 19, 12
Box: 14, 9, 149
Box: 8, 5, 7
Box: 2, 58, 32
Box: 37, 4, 15
Box: 15, 68, 2
Box: 8, 73, 15
Box: 7, 9, 51
Box: 3, 40, 44
Box: 11, 73, 23
Box: 10, 19, 4
Box: 12, 2, 16
Box: 4, 28, 26
Box: 14, 7, 46
Box: 4, 4, 4
Box: 23, 14, 3
Box: 10, 7, 13
Box: 4, 12, 5
Box: 4, 11, 2
Box: 11, 12, 42
Box: 15, 5, 35
Box: 15, 12, 21
Box: 61, 20, 2
Box: 31, 12, 7
Box: 31, 18, 20
Box: 2, 8, 16
Box: 2, 14, 78
Box: 2, 18, 22
Box: 2, 69, 33
Box: 2, 9, 23
Box: 61, 19, 9
Box: 30, 4, 7
Box: 19, 4, 47
Box: 40, 2, 6
Box: 12, 10, 2
Box: 5, 73, 35
Box: 61, 4, 39
Box: 2, 7, 15
Box: 13, 6, 42
Box: 16, 69, 8
Box: 61, 33, 149
Box: 61, 73, 117
Box: 5, 4, 9
Box: 32, 3, 56
Box: 4, 28, 7
Box: 43, 10, 52
Box: 24, 73, 59
Box: 61, 18, 30
Box: 39, 9, 57
Box: 61, 30, 23
Box: 6, 14, 20
Box: 10, 10, 6
Box: 6, 20, 8
Box: 7, 9, 117
Box: 7, 4, 111
Box: 7, 24, 61
Box: 23, 24, 6
Box: 27, 53, 46
Box: 14, 73, 15
Box: 61, 25, 26
Box: 28, 17, 135
Box: 61, 73, 39
Box: 61, 6, 9
Box: 5, 49, 11
Box: 2, 3, 149
Box: 3, 10, 30
Box: 21, 73, 20
Box: 13, 6, 3
Box: 3, 46, 16
Box: 61, 27, 8
Box: 18, 22, 15
Box: 15, 20, 2
Box: 17, 13, 7
Box: 7, 2, 2
Box: 54, 18, 17
Box: 61, 12, 21
Box: 10, 18, 10
Box: 4, 4, 48
Box: 11, 2, 39
Box: 10, 6, 3
Box: 20, 5, 24
Box: 61, 9, 7
Box: 23, 5, 18
Box: 61, 73, 26
Box: 10, 4, 6
Box: 4, 10, 23
Box: 40, 5, 12
Box: 16, 71, 11
Box: 19, 7, 29
Box: 3, 73, 18
Box: 4, 11, 22
Box: 28, 4, 13
Box: 61, 73, 7
Box: 9, 19, 14
Box: 33, 23, 31
Box: 31, 12, 27
Box: 20, 4, 9
Box: 61, 73, 19
Box: 16, 15, 26
Box: 6, 3, 3
Box: 61, 19, 6
Box: 10, 3, 5
Box: 20, 73, 5
Box: 4, 13, 7
Box: 61, 17, 54
Box: 61, 21, 2
Box: 10, 4, 33
Box: 17, 13, 7
Box: 3, 11, 4
Box: 2, 8, 7
Box: 35, 69, 33
Box: 55, 73, 44
Box: 9, 56, 22
Box: 32, 20, 20
Box: 16, 10, 4
Box: 27, 73, 149
Box: 12, 8, 5
Box: 13, 8, 25
Box: 61, 20, 14
Box: 25, 13, 24
Box: 57, 5, 26
Box: 18, 22, 5
Box: 24, 13, 21
Box: 32, 8, 56
Box: 10, 13, 10
Box: 38, 8, 2
Box: 32, 29, 22
Box: 24, 13, 38
Box: 14, 73, 43
Box: 61, 73, 22
Box: 3, 3, 21
Box: 16, 23, 10
Box: 4, 5, 11
Box: 11, 6, 15
Box: 61, 16, 5
Box: 10, 6, 36
Box: 13, 5, 16
Box: 9, 73, 6
Box: 6, 73, 15
Box: 4, 73, 8
Box: 41, 73, 39
Box: 61, 13, 83
Box: 4, 42, 5
Box: 5, 17, 4
Box: 3, 8, 17
Box: 27, 8, 61
Box: 6, 73, 35
Box: 38, 18, 83
Box: 6, 2, 9
Box: 16, 14, 90
Box: 20, 32, 149
Box: 6, 5, 2
Box: 11, 73, 23
Box: 7, 73, 32
Box: 61, 14, 58
Box: 7, 24, 7
Box: 61, 39, 149
Box: 41, 2, 33
Box: 15, 19, 149
Box: 21, 16, 54
Box: 12, 5, 9
Box: 61, 73, 43
Box: 16, 6, 6
Box: 61, 42, 2
Box: 18, 16, 6
Box: 24, 3, 15
Box: 61, 12, 8
Box: 7, 14, 6
Box: 8, 73, 85
Box: 10, 16, 14
Box: 11, 10, 2
Box: 61, 3, 10
Box: 14, 17, 2
Box: 3, 14, 21
Box: 17, 10, 36
Box: 11, 8, 10
Box: 8, 8, 5
Box: 7, 73, 5
Box: 3, 9, 5
Box: 4, 4, 24
Box: 8, 69, 4
Box: 13, 18, 64
Box: 15, 32, 38
Box: 4, 44, 6
Box: 61, 27, 38
Box: 10, 6, 24
Box: 61, 7, 3
Box: 6, 73, 5
Box: 25, 12, 2
Box: 61, 2, 15
Box: 17, 24, 7
Box: 25, 9, 37
Box: 33, 73, 5
Box: 17, 73, 145
Box: 4, 4, 3
Box: 12, 39, 24
Box: 7, 3, 5
Box: 3, 4, 7
Box: 53, 4, 22
Box: 24, 10, 10
Box: 7, 12, 20
Box: 4, 10, 12
Box: 2, 4, 13
Box: 3, 9, 17
Box: 21, 8, 5
Box: 7, 73, 29
Box: 16, 11, 22
Box: 12, 10, 5
Box: 19, 73, 3
Box: 61, 73, 25
Box: 18, 22, 31
Box: 3, 73, 36
Box: 2, 73, 9
Box: 16, 46, 40
Box: 2, 2, 12
Box: 4, 21, 15
Box: 10, 46, 16
Box: 15, 3, 12
Box: 35, 2, 10
Box: 8, 73, 12
Box: 55, 28, 5
Box: 30, 19, 25
Box: 2, 10, 5
Box: 9, 2, 11
Box: 61, 15, 62
Box: 9, 2, 13
Box: 61, 21, 45
Box: 61, 4, 28
Box: 34, 68, 16
Box: 3, 5, 7
Box: 41, 19, 20
Box: 61, 5, 4
Box: 17, 5, 18
Box: 28, 8, 45
Box: 22, 7, 12
Box: 2, 4, 22
Box: 36, 2, 6
Box: 61, 2, 39
Box: 10, 19, 9
Box: 11, 68, 2
Box: 26, 3, 16
Box: 17, 17, 2
Box: 4, 4, 111
Box: 8, 32, 61
Box: 24, 4, 149
Box: 61, 73, 6
Box: 9, 2, 16
Box: 14, 73, 43
Box: 2, 43, 36
Box: 3, 4, 22
Box: 40, 2, 25
Box: 8, 26, 16
Box: 20, 43, 8
Box: 61, 15, 89
Box: 61, 21, 72
Box: 12, 73, 111
Box: 61, 6, 27
Box: 12, 73, 50
Box: 10, 13, 13
Box: 61, 7, 18
Box: 16, 3, 26
Box: 8, 21, 12
Box: 3, 16, 5
Box: 19, 27, 5
Box: 61, 42, 18
Box: 13, 3, 149
Box: 13, 3, 7
Box: 61, 29, 149
Box: 13, 9, 17
Box: 10, 19, 5
Box: 3, 2, 13
Box: 2, 73, 44
Box: 10, 34, 3
Box: 4, 38, 39
Box: 61, 62, 26
Box: 34, 11, 2
Box: 3, 73, 9
Box: 9, 71, 149
Box: 7, 7, 43
Box: 61, 16, 4
Box: 11, 18, 6
Box: 8, 41, 12
Box: 61, 6, 2
Box: 13, 2, 4
Box: 35, 73, 6
Box: 12, 73, 29
Box: 5, 3, 2
Box: 16, 42, 40
Box: 4, 2, 15
Box: 6, 13, 15
Box: 61, 63, 149
Box: 9, 38, 10
Box: 61, 73, 7
Box: 61, 4, 2
Box: 9, 14, 20
Box: 3, 73, 2
Box: 11, 4, 5
Box: 14, 18, 5
Box: 61, 29, 3
Box: 9, 48, 20
Box: 6, 3, 2
Box: 28, 56, 149
Box: 5, 16, 57
Box: 11, 7, 14
Box: 35, 5, 17
Box: 13, 18, 7
Box: 41, 12, 5
Box: 54, 4, 3
Box: 7, 14, 21
Box: 61, 25, 9
Box: 5, 5, 6
Box: 35, 2, 5
Box: 7, 73, 9
Box: 15, 22, 33
Box: 19, 73, 14
Box: 61, 9, 6
Box: 24, 2, 149
Box: 61, 17, 149
Box: 61, 24, 149
Box: 61, 73, 38
Box: 6, 73, 149
Box: 18, 14, 18
Box: 16, 13, 3
Box: 6, 9, 37
Box: 15, 10, 9
Box: 7, 2, 7
Box: 17, 4, 46
Box: 32, 7, 22
Box: 61, 18, 8
Box: 61, 7, 5
Box: 61, 73, 4
Box: 7, 73, 14
Box: 4, 9, 61
Box: 3, 13, 28
Box: 6, 73, 2
Box: 3, 3, 14
Box: 22, 11, 36
Box: 3, 11, 22
Box: 61, 5, 5
Box: 37, 73, 42
Box: 21, 73, 31
Box: 8, 40, 13
Box: 7, 43, 6
Box: 4, 19, 12
Box: 5, 40, 13
Box: 14, 18, 10
Box: 18, 68, 19
Box: 12, 73, 14
Box: 16, 10, 52
Box: 2, 73, 21
Box: 31, 32, 32
Box: 2, 21, 4
Box: 3, 73, 149
Box: 34, 22, 15
Box: 7, 9, 70
Box: 2, 68, 2
Box: 61, 17, 149
Box: 61, 3, 39
Box: 13, 3, 21
Box: 61, 2, 7
Box: 17, 13, 7
Box: 61, 59, 14
Box: 13, 10, 14
Box: 6, 16, 57
Box: 2, 68, 2
Box: 27, 6, 66
Box: 61, 4, 4
Box: 7, 36, 11
Box: 2, 3, 6
Box: 4, 8, 6
Box: 7, 7, 3
Box: 10, 3, 36
Box: 61, 28, 26
Box: 33, 23, 23
Box: 35, 6, 10
Box: 9, 23, 42
Box: 2, 6, 57
Box: 61, 10, 11
Box: 25, 12, 13
Box: 11, 3, 5
Box: 27, 49, 39
Box: 44, 3, 12
Box: 7, 9, 5
Box: 61, 6, 18
Box: 4, 5, 4
Box: 33, 73, 12
Box: 11, 3, 37
Box: 61, 4, 16
Box: 5, 16, 3
Box: 4, 7, 2
Box: 4, 29, 6
Box: 61, 10, 56
Box: 12, 8, 17
Box: 9, 3, 4
Box: 14, 16, 14
Box: 12, 18, 2
Box: 25, 55, 23
Box: 13, 15, 104
Box: 13, 21, 33
Box: 3, 8, 38
Box: 61, 23, 3
Box: 27, 2, 8
Box: 7, 3, 38
Box: 10, 12, 24
Box: 61, 15, 35
Box: 16, 51, 68
Box: 9, 21, 2
Box: 61, 5, 32
Box: 4, 73, 5
Box: 26, 8, 12
Box: 13, 10, 4
Box: 22, 22, 93
Box: 4, 21, 90
Box: 16, 8, 9
Box: 12, 16, 42
Box: 2, 10, 39
Box: 13, 3, 28
Box: 39, 49, 31
Box: 27, 19, 16
Box: 3, 19, 54
Box: 9, 27, 5
Box: 4, 29, 96
Box: 9, 73, 7
Box: 9, 16, 47
Box: 61, 73, 19
Box: 41, 73, 6
Box: 61, 73, 45
Box: 19, 2, 47
Box: 61, 68, 31
Box: 11, 19, 41
Box: 36, 2, 3
Box: 8, 3, 30
Box: 61, 73, 8
Box: 18, 10, 39
Box: 10, 4, 11
Box: 4, 5, 2
Box: 9, 73, 6
Box: 7, 10, 3
Box: 11, 14, 112
Box: 3, 73, 14
Box: 61, 2, 24
Box: 7, 12, 17
Box: 61, 6, 100
Box: 5, 26, 149
Box: 15, 22, 4
Box: 15, 27, 23
Box: 25, 47, 79
Box: 22, 73, 9
Box: 61, 4, 7
Box: 7, 4, 14
Box: 9, 27, 4
Box: 61, 41, 8
Box: 11, 3, 28
Box: 10, 25, 7
Box: 10, 2, 13
Box: 2, 13, 7
Box: 4, 29, 38
Box: 12, 11, 64
Box: 29, 25, 30
Box: 61, 39, 37
Box: 41, 12, 8
Box: 10, 73, 44
Box: 14, 5, 7
Box: 7, 11, 6
Box: 2, 68, 10
Box: 2, 4, 2
Box: 61, 21, 3
Box: 4, 27, 11
Box: 30, 11, 38
Box: 32, 20, 20
Box: 10, 20, 16
Box: 23, 29, 149
Box: 13, 73, 50
Box: 16, 10, 23
Box: 28, 3, 12
Box: 61, 4, 12
Box: 22, 7, 23
Box: 33, 2, 23
Box: 61, 5, 27
Box: 6, 26, 3
Box: 17, 3, 12
Box: 4, 27, 41
Box: 5, 10, 27
Box: 3, 9, 15
Box: 12, 73, 18
Box: 10, 11, 18
Box: 18, 8, 12
Box: 14, 10, 12
Box: 6, 12, 5
Box: 22, 8, 13
Box: 7, 7, 39
Box: 9, 46, 26
Box: 9, 5, 14
Box: 6, 15, 26
Box: 29, 27, 46
Box: 6, 73, 8
Box: 13, 7, 6
Box: 2, 7, 41
Box: 12, 11, 36
Box: 4, 73, 15
Box: 61, 43, 7
Box: 11, 73, 15
Box: 61, 16, 35
Box: 50, 20, 100
Box: 61, 20, 10
Box: 32, 4, 45
Box: 61, 73, 16
Box: 7, 35, 11
Box: 18, 10, 45
Box: 6, 7, 11
Box: 24, 4, 104
Box: 8, 37, 59
Box: 24, 13, 12
Box: 61, 5, 2
Box: 6, 4, 17
Box: 27, 28, 10
Box: 11, 4, 69
Box: 8, 8, 12
Box: 2, 5, 6
Box: 37, 10, 10
Box: 61, 3, 68
Box: 9, 11, 11
Box: 46, 4, 19
Box: 29, 23, 8
Box: 61, 4, 20
Box: 4, 5, 3
Box: 6, 3, 3
Box: 32, 16, 56
Box: 61, 5, 2
Box: 40, 28, 25
Box: 25, 6, 23
Box: 61, 23, 13
Box: 35, 40, 2
Box: 28, 2, 45
Box: 10, 3, 149
Box: 5, 16, 5
Box: 5, 13, 25
Box: 7, 5, 11
Box: 61, 73, 3
Box: 61, 9, 6
Box: 9, 2, 6
Box: 19, 7, 16
Box: 4, 17, 34
Box: 6, 10, 12
Box: 32, 10, 9
Box: 10, 35, 3
Box: 14, 23, 8
Box: 61, 73, 2
Box: 11, 73, 8
Box: 5, 60, 33
Box: 2, 10, 39
Box: 61, 73, 97
Box: 23, 3, 2
Box: 61, 73, 15
Box: 5, 5, 30
Box: 7, 21, 9
Box: 61, 13, 21
Box: 3, 2, 7
Box: 11, 19, 35
Box: 61, 73, 10
Box: 15, 3, 29
Box: 29, 43, 149
Box: 12, 11, 5
Box: 18, 9, 149
Box: 6, 14, 112
Box: 9, 10, 13
Box: 11, 7, 149
Box: 61, 17, 9
Box: 7, 4, 37
Box: 4, 6, 71
Box: 61, 12, 22
Box: 61, 16, 13
Box: 61, 7, 14
Box: 37, 5, 13
Box: 61, 73, 40
Box: 11, 2, 19
Box: 61, 19, 47
Box: 61, 12, 3
Box: 49, 26, 33
Box: 61, 20, 83
Box: 53, 32, 8
Box: 7, 5, 7
Box: 6, 13, 9
Box: 61, 26, 149
Box: 6, 73, 22
Box: 41, 7, 3
Box: 61, 3, 2
Box: 9, 14, 100
Box: 6, 73, 4
Box: 19, 28, 63
Box: 2, 2, 33
Box: 39, 73, 31
Box: 8, 66, 4
Box: 11, 2, 27
Box: 55, 11, 22
Box: 22, 45, 8
Box: 2, 29, 32
Box: 5, 4, 6
Box: 23, 9, 32
Box: 6, 47, 3
Box: 2, 9, 18
Box: 10, 73, 20
Box: 24, 26, 47
Box: 12, 4, 9
Box: 4, 4, 28
Box: 4, 24, 9
Box: 3, 16, 15
Box: 14, 2, 13
Box: 4, 10, 14
Box: 61, 68, 8
Box: 11, 15, 39
Box: 14, 34, 3
Box: 32, 21, 5
Box: 18, 9, 95
Box: 6, 13, 18
Box: 4, 22, 81
Box: 16, 19, 90
Box: 27, 32, 29
Box: 3, 29, 28
Box: 28, 5, 149
Box: 8, 32, 7
Box: 61, 73, 3
Box: 21, 39, 24
Box: 61, 11, 8
Box: 3, 73, 49
Box: 9, 19, 80
Box: 9, 5, 3
Box: 2, 4, 33
Box: 18, 17, 32
Box: 61, 73, 11
Box: 32, 14, 112
Box: 61, 27, 20
Box: 3, 5, 5
Box: 4, 43, 6
Box: 8, 2, 5
Box: 17, 73, 12
Box: 61, 6, 10
Box: 14, 28, 46
Box: 4, 10, 2
Box: 6, 19, 16
Box: 19, 2, 5
Box: 13, 7, 18
Box: 61, 69, 7
Box: 28, 19, 6
Box: 10, 17, 3
Box: 2, 73, 29
Box: 12, 7, 5
Box: 18, 68, 20
Box: 22, 8, 2
Box: 11, 19, 11
Box: 61, 22, 77
Box: 61, 5, 149
Box: 9, 15, 13
Box: 22, 3, 17
Box: 3, 12, 4
Box: 54, 13, 11
Box: 18, 17, 33
Box: 2, 73, 22
Box: 61, 32, 29
Box: 18, 10, 6
Box: 14, 16, 57
Box: 61, 3, 97
Box: 2, 6, 16
Box: 2, 8, 2
Box: 5, 13, 149
Box: 2, 14, 7
Box: 10, 10, 39
Box: 7, 12, 2
Box: 18, 4, 6
Box: 61, 73, 7
Box: 5, 19, 149
Box: 10, 3, 37
Box: 23, 16, 12
Box: 9, 7, 13
Box: 12, 10, 6
Box: 9, 4, 47
Box: 49, 73, 2
Box: 6, 19, 11
Box: 23, 73, 113
Box: 61, 25, 149
Box: 61, 7, 9
Box: 2, 5, 35
Box: 34, 4, 7
Box: 13, 11, 2
Box: 61, 6, 27
Box: 61, 3, 5
Box: 5, 5, 13
Box: 6, 19, 12
Box: 7, 7, 9
Box: 10, 12, 26
Box: 35, 40, 8
Box: 61, 22, 26
Box: 16, 21, 6
Box: 13, 23, 8
Box: 23, 4, 8
Box: 61, 17, 72
Box: 4, 19, 149
Box: 9, 73, 5
Box: 38, 15, 12
Box: 4, 3, 49
Box: 17, 13, 32
Box: 11, 4, 3
Box: 5, 2, 36
Box: 2, 4, 143
Box: 61, 66, 119
Box: 61, 8, 10
Box: 61, 49, 13
Box: 5, 8, 149
Box: 3, 4, 16
Box: 6, 3, 15
Box: 61, 69, 26
Box: 12, 8, 7
Box: 3, 5, 15
Box: 5, 29, 6
Box: 61, 38, 4
Box: 12, 73, 46
Box: 8, 9, 11
Box: 61, 73, 15
Box: 13, 27, 104
Box: 8, 33, 13
Box: 61, 24, 8
Box: 24, 22, 13
Box: 7, 12, 15
Box: 61, 36, 20
Box: 32, 3, 30
Box: 9, 2, 23
Box: 17, 4, 13
Box: 5, 3, 49
Box: 4, 13, 28
Box: 5, 73, 4
Box: 7, 10, 23
Box: 8, 13, 17
Box: 61, 7, 14
Box: 12, 9, 37
Box: 44, 42, 5
Box: 7, 3, 8
Box: 61, 8, 3
Box: 26, 68, 37
Box: 22, 73, 2
Box: 50, 19, 41
Box: 24, 24, 2
Box: 18, 73, 54
Box: 15, 38, 2
Box: 34, 73, 36
Box: 3, 73, 13
Box: 14, 73, 24
Box: 61, 9, 28
Box: 19, 73, 13
Box: 55, 40, 38
Box: 10, 73, 49
Box: 61, 12, 11
Box: 17, 3, 2
Box: 11, 9, 37
Box: 12, 73, 118
Box: 61, 9, 22
Box: 12, 9, 14
Box: 10, 10, 17
Box: 13, 18, 5
Box: 5, 36, 22
Box: 2, 5, 6
Box: 4, 5, 15
Box: 9, 2, 35
Box: 3, 73, 39
Box: 48, 5, 3
Box: 61, 16, 18
Box: 16, 6, 54
Box: 2, 6, 10
Box: 5, 73, 98
Box: 6, 73, 16
Box: 61, 8, 24
Box: 12, 22, 38
Box: 16, 10, 12
Box: 3, 5, 15
Box: 33, 40, 17
Box: 2, 7, 2
Box: 6, 40, 38
Box: 13, 21, 6
Box: 10, 7, 36
Box: 8, 7, 17
Box: 54, 27, 28
Box: 9, 20, 47
Box: 2, 3, 8
Box: 61, 7, 12
Box: 21, 17, 2
Box: 44, 2, 12
Box: 31, 12, 48
Box: 13, 3, 23
Box: 13, 23, 26
Box: 16, 27, 34
Box: 31, 73, 21
Box: 9, 73, 2
Box: 2, 9, 37
Box: 2, 3, 49
Box: 4, 4, 12
Box: 18, 50, 60
Box: 7, 73, 19
Box: 61, 28, 62
Box: 18, 14, 149
Box: 4, 24, 8
Box: 2, 73, 9
Box: 37, 14, 2
Box: 61, 6, 19
Box: 43, 2, 36
Box: 4, 73, 27
Box: 21, 73, 36
Box: 30, 8, 2
Box: 33, 4, 23
Box: 8, 4, 8
Box: 61, 4, 51
Box: 61, 73, 66
Box: 9, 10, 47
Box: 3, 16, 20
Box: 61, 68, 6
Box: 21, 10, 22
Box: 23, 14, 4
Box: 8, 7, 14
Box: 14, 7, 12
Box: 49, 27, 14
Box: 61, 73, 60
Box: 8, 11, 59
Box: 12, 12, 26
Box: 11, 6, 54
Box: 61, 16, 5
Box: 61, 7, 20
Box: 24, 73, 9
Box: 5, 5, 9
Box: 61, 25, 4
Box: 25, 13, 58
Box: 8, 14, 22
Box: 61, 18, 14
Box: 61, 73, 113
Box: 21, 73, 20
Box: 17, 17, 45
Box: 61, 21, 13
Box: 13, 2, 11
Box: 14, 19, 8
Box: 61, 12, 7
Box: 9, 2, 37
Box: 10, 11, 21
Box: 6, 5, 46
Box: 61, 48, 3
Box: 2, 2, 2
Box: 21, 4, 14
Box: 11, 6, 8
Box: 10, 21, 12
Box: 21, 32, 7
Box: 61, 40, 7
Box: 61, 38, 4
Box: 7, 7, 3
Box: 2, 73, 39
Box: 61, 24, 7
Box: 61, 42, 7
Box: 61, 33, 49
Box: 25, 43, 7
Box: 34, 3, 3
Box: 8, 13, 7
Box: 2, 3, 14
Box: 7, 8, 6
Box: 6, 10, 36
Box: 21, 3, 30
Box: 61, 38, 55
Box: 16, 38, 4
Box: 10, 2, 36
Box: 4, 13, 9
Box: 3, 73, 18
Box: 5, 73, 2
Box: 61, 30, 6
Box: 61, 12, 51
Box: 9, 31, 4
Box: 31, 12, 5
Box: 34, 29, 41
Box: 8, 2, 6
Box: 31, 45, 34
Box: 4, 16, 24
Box: 8, 14, 97
Box: 16, 2, 149
Box: 9, 4, 4
Box: 9, 4, 33
Box: 34, 9, 15
Box: 41, 43, 19
Box: 3, 11, 13
Box: 11, 15, 4
Box: 6, 8, 2
Box: 4, 73, 7
Box: 61, 51, 3
Box: 61, 39, 3
Box: 61, 4, 97
Box: 61, 7, 9
Box: 10, 4, 2
Box: 61, 11, 149
Box: 61, 12, 19
Box: 12, 12, 5
Box: 37, 24, 2
Box: 12, 4, 5
Box: 8, 40, 14
Box: 32, 3, 42
Box: 21, 4, 20
Box: 9, 2, 15
Box: 9, 5, 16
Box: 8, 73, 5
Box: 16, 68, 2
Box: 61, 73, 20
Box: 35, 15, 10
Box: 9, 5, 47
Box: 61, 29, 3
Box: 61, 18, 6
Box: 9, 2, 13
Box: 61, 5, 113
Box: 4, 2, 2
Box: 22, 8, 3
Box: 15, 4, 17
Box: 61, 49, 21
Box: 15, 3, 6
Box: 61, 3, 3
Box: 61, 6, 34
Box: 11, 9, 4
Box: 7, 41, 12
Box: 12, 73, 3
Box: 6, 4, 8
Box: 61, 9, 6
Box: 26, 22, 22
Box: 3, 4, 13
Box: 3, 19, 48
Box: 21, 4, 79
Box: 9, 12, 20
Box: 61, 73, 8
Box: 24, 13, 7
Box: 61, 19, 8
Box: 10, 30, 43
Box: 61, 22, 4
Box: 2, 4, 11
Box: 22, 7, 22
Box: 61, 28, 4
Box: 10, 8, 18
Box: 33, 73, 6
Box: 22, 22, 4
Box: 22, 73, 18
Box: 21, 11, 90
Box: 3, 24, 11
Box: 24, 8, 47
Box: 18, 73, 13
Box: 7, 7, 22
Box: 15, 3, 22
Box: 61, 4, 21
Box: 49, 19, 6
Box: 61, 6, 18
Box: 61, 21, 11
Box: 25, 2, 6
Box: 61, 21, 3
Box: 17, 12, 12
Box: 61, 58, 7
Box: 61, 2, 9
Box: 38, 40, 40
Box: 38, 19, 12
Box: 11, 2, 2
Box: 53, 23, 22
Box: 9, 5, 11
Box: 3, 17, 10
Box: 14, 7, 3
Box: 21, 9, 5
Box: 61, 73, 12
Box: 10, 73, 18
Box: 3, 2, 33
Box: 25, 9, 20
Box: 15, 22, 28
Box: 61, 16, 3
Box: 16, 73, 21
Box: 26, 15, 26
Box: 21, 73, 47
Box: 4, 71, 9
Box: 61, 13, 5
Box: 8, 5, 7
Box: 10, 10, 36
Box: 9, 4, 11
Box: 6, 19, 25
Box: 5, 2, 8
Box: 29, 68, 3
Box: 61, 73, 15
Box: 31, 12, 24
Box: 12, 16, 13
Box: 6, 2, 5
Box: 21, 73, 22
Box: 7, 5, 18
Box: 4, 18, 3
Box: 9, 8, 13
Box: 16, 10, 3
Box: 2, 18, 41
Box: 3, 7, 17
Box: 3, 73, 8
Box: 4, 8, 63
Box: 12, 10, 9
Box: 8, 32, 21
Box: 2, 33, 17
Box: 8, 32, 4
Box: 13, 9, 104
Box: 12, 23, 46
Box: 18, 4, 23
Box: 5, 18, 10
Box: 2, 3, 2
Box: 5, 73, 30
Box: 22, 4, 69
Box: 61, 3, 8
Box: 12, 4, 9
Box: 21, 22, 7
Box: 35, 14, 10
Box: 61, 49, 49
Box: 5, 8, 149
Box: 11, 2, 21
Box: 9, 5, 149
Box: 10, 5, 36
Box: 40, 4, 26
Box: 2, 20, 149
Box: 54, 58, 5
Box: 11, 40, 14
Box: 17, 9, 2
Box: 10, 48, 17
Box: 16, 73, 23
Box: 8, 13, 25
Box: 4, 9, 117
Box: 61, 6, 6
Box: 3, 14, 2
Box: 9, 48, 59
Box: 12, 37, 12
Box: 8, 5, 5
Box: 13, 13, 16
Box: 12, 33, 21
Box: 4, 2, 12
Box: 43, 43, 26
Box: 4, 10, 2
Box: 9, 73, 78
Box: 6, 28, 19
Box: 3, 71, 5
Box: 4, 44, 12
Box: 2, 8, 18
Box: 8, 7, 22
Box: 11, 4, 147
Box: 8, 5, 12
Box: 61, 73, 4
Box: 8, 2, 4
Box: 61, 8, 70
Box: 10, 8, 3
Box: 29, 21, 5
Box: 9, 7, 4
Box: 31, 4, 113
Box: 8, 24, 22
Box: 61, 3, 14
Box: 6, 4, 8
Box: 61, 73, 41
Box: 8, 8, 18
Box: 9, 73, 17
Box: 11, 40, 17
Box: 40, 73, 7
Box: 9, 14, 14
Box: 17, 12, 15
Box: 7, 5, 11
Box: 46, 73, 13
Box: 61, 4, 5
Box: 18, 2, 16
Box: 11, 28, 39
Box: 2, 43, 17
Box: 23, 66, 14
Box: 4, 5, 63
Box: 43, 73, 31
Box: 4, 9, 8
Box: 17, 12, 14
Box: 61, 51, 149
Box: 61, 18, 4
Box: 61, 9, 14
Box: 7, 24, 11
Box: 13, 2, 8
Box: 22, 73, 49
Box: 2, 73, 16
Box: 61, 3, 80
Box: 5, 2, 8
Box: 61, 13, 7
Box: 19, 45, 2
Box: 10, 19, 9
Box: 20, 4, 30
Box: 32, 57, 6
Box: 14, 73, 14
Box: 13, 4, 48
Box: 24, 12, 33
Box: 13, 3, 4
Box: 13, 4, 14
Box: 3, 51, 29
Box: 61, 6, 4
Box: 21, 28, 4
Box: 61, 4, 5
Box: 3, 8, 79
Box: 21, 13, 22
Box: 9, 4, 12
Box: 15, 22, 111
Box: 3, 10, 12
Box: 3, 2, 18
Box: 27, 32, 38
Box: 18, 21, 3
Box: 4, 4, 8
Box: 61, 5, 30
Box: 6, 14, 30
Box: 4, 5, 12
Box: 3, 3, 12
Box: 11, 35, 5
Box: 4, 4, 4
Box: 9, 73, 85
Box: 28, 5, 45
Box: 9, 33, 25
Box: 24, 6, 94
Box: 4, 3, 9
Box: 12, 28, 9
Box: 41, 5, 12
Box: 9, 17, 10
Box: 61, 11, 39
Box: 35, 40, 6
Box: 6, 73, 51
Box: 9, 7, 18
Box: 61, 4, 2
Box: 16, 10, 10
Box: 4, 2, 6
Box: 3, 21, 18
Box: 61, 4, 29
Box: 33, 9, 149
Box: 3, 50, 20
Box: 12, 11, 16
Box: 25, 4, 22
Box: 24, 13, 64
Box: 3, 71, 5
Box: 3, 4, 17
Box: 61, 18, 6
Box: 8, 3, 21
Box: 9, 11, 21
Box: 32, 4, 4
Box: 2, 73, 14
Box: 5, 2, 6
Box: 24, 27, 4
Box: 2, 73, 17
Box: 2, 13, 10
Box: 34, 10, 12
Box: 61, 10, 58
Box: 9, 46, 16
Box: 61, 10, 15
Box: 7, 54, 44
Box: 18, 17, 84
Box: 55, 73, 27
Box: 61, 12, 25
Box: 7, 16, 14
Box: 25, 12, 8
Box: 11, 18, 41
Box: 16, 7, 9
Box: 4, 3, 49
Box: 40, 8, 25
Box: 4, 12, 20
Box: 14, 21, 46
Box: 2, 11, 127
Box: 14, 14, 3
Box: 8, 8, 4
Box: 7, 18, 3
Box: 23, 10, 7
Box: 8, 11, 10
Box: 25, 18, 3
Box: 61, 49, 9
Box: 2, 73, 2
Box: 7, 5, 6
Box: 4, 5, 32
Box: 3, 24, 7
Box: 9, 5, 4
Box: 12, 73, 38
Box: 5, 3, 6
Box: 26, 73, 149
Box: 28, 43, 17
Box: 17, 8, 5
Box: 61, 6, 139
Box: 13, 73, 20
Box: 10, 12, 5
Box: 3, 19, 6
Box: 4, 18, 10
Box: 61, 15, 2
Box: 13, 73, 42
Box: 2, 10, 127
Box: 4, 12, 12
Box: 9, 11, 4
Box: 61, 14, 6
Box: 61, 2, 8
Box: 53, 3, 40
Box: 61, 8, 22
Box: 15, 22, 7
Box: 7, 73, 11
Box: 61, 38, 8
Box: 61, 17, 83
Box: 6, 73, 22
Box: 2, 36, 28
Box: 61, 11, 59
Box: 30, 56, 2
Box: 5, 4, 26
Box: 46, 30, 43
Box: 2, 41, 13
Box: 7, 2, 3
Box: 7, 3, 2
Box: 17, 4, 24
Box: 6, 31, 2
Box: 61, 26, 32
Box: 22, 5, 5
Box: 3, 2, 3
Box: 61, 63, 57
Box: 9, 20, 47
Box: 19, 13, 3
Box: 61, 13, 45
Box: 61, 12, 2
Box: 61, 4, 12
Box: 9, 15, 11
Box: 61, 10, 149
Box: 18, 21, 5
Box: 13, 10, 104
Box: 6, 73, 24
Box: 44, 6, 4
Box: 5, 14, 26
Box: 16, 16, 54
Box: 4, 4, 8
Box: 8, 7, 18
Box: 20, 2, 72
Box: 61, 6, 38
Box: 61, 42, 2
Box: 18, 6, 44
Box: 8, 4, 20
Box: 61, 6, 29
Box: 16, 24, 12
Box: 2, 12, 17
Box: 18, 4, 13
Box: 31, 73, 2
Box: 27, 4, 30
Box: 61, 4, 41
Box: 12, 16, 11
Box: 10, 2, 4
Box: 29, 73, 9
Box: 2, 68, 94
Box: 24, 4, 31
Box: 61, 25, 14
Box: 5, 8, 18
Box: 4, 12, 13
Box: 4, 27, 41
Box: 61, 4, 114
Box: 3, 5, 4
Box: 4, 28, 4
Box: 3, 7, 11
Box: 13, 49, 31
Box: 4, 17, 51
Box: 61, 12, 3
Box: 13, 3, 21
Box: 11, 18, 17
Box: 61, 12, 13
Box: 19, 69, 8
Box: 61, 51, 61
Box: 25, 27, 24
Box: 61, 27, 6
Box: 7, 2, 11
Box: 61, 12, 3
Box: 9, 26, 43
Box: 9, 3, 37
Box: 61, 13, 2
Box: 15, 51, 68
Box: 6, 73, 35
Box: 61, 73, 31
Box: 9, 5, 24
Box: 13, 9, 16
Box: 3, 71, 12
Box: 54, 20, 54
Box: 15, 50, 6
Box: 6, 3, 46
Box: 13, 2, 12
Box: 6, 28, 5
Box: 61, 4, 5
Box: 3, 12, 10
Box: 34, 20, 3
Box: 44, 9, 22
Box: 5, 5, 6
Box: 41, 9, 5
Box: 2, 4, 8
Box: 9, 4, 3
Box: 10, 6, 47
Box: 11, 4, 9
Box: 61, 4, 17
Box: 5, 6, 3
Box: 33, 12, 18
Box: 14, 73, 149
Box: 5, 8, 9
Box: 59, 27, 8
Box: 6, 19, 25
Box: 13, 50, 20
Box: 61, 3, 26
Box: 19, 7, 22
Box: 26, 13, 30
Box: 13, 2, 45
Box: 29, 73, 149
Box: 53, 2, 22
Box: 61, 5, 149
Box: 29, 62, 22
Box: 61, 17, 7
Box: 5, 7, 11
Box: 61, 25, 19
Box: 12, 22, 27
Box: 20, 7, 14
Box: 61, 7, 20
Box: 61, 73, 6
Box: 61, 42, 74
Box: 17, 16, 24
Box: 25, 6, 25
Box: 10, 73, 21
Box: 61, 73, 3
Box: 61, 8, 94
Box: 61, 73, 38
Box: 9, 2, 4
Box: 7, 54, 12
Box: 29, 2, 18
Box: 61, 5, 14
Box: 6, 14, 97
Box: 49, 26, 7
Box: 6, 4, 30
Box: 13, 2, 8
Box: 3, 73, 37
Box: 61, 20, 4
Box: 14, 55, 49
Box: 61, 32, 37
Box: 7, 31, 48
Box: 61, 54, 62
Box: 9, 24, 12
Box: 31, 5, 6
Box: 12, 73, 2
Box: 61, 7, 4
Box: 8, 23, 149
Box: 7, 36, 3
Box: 12, 20, 27
Box: 10, 13, 13
Box: 17, 62, 22
Box: 2, 8, 7
Box: 12, 3, 37
Box: 29, 73, 48
Box: 11, 9, 42
Box: 18, 4, 26
Box: 14, 2, 12
Box: 21, 2, 6
Box: 61, 11, 54
Box: 23, 9, 7
Box: 40, 3, 21
Box: 13, 18, 27
Box: 9, 9, 13
Box: 16, 73, 6
Box: 29, 73, 58
Box: 5, 8, 5
Box: 3, 2, 28
Box: 2, 5, 5
Box: 61, 73, 13
Box: 61, 3, 49
Box: 12, 37, 4
Box: 61, 21, 61
Box: 48, 7, 14
Box: 2, 11, 4
Box: 61, 3, 23
Box: 61, 3, 30
Box: 11, 73, 9
Box: 9, 73, 5
Box: 10, 2, 21
Box: 61, 25, 8
Box: 61, 6, 5
Box: 61, 21, 5
Box: 61, 73, 12
Box: 4, 7, 23
Box: 61, 24, 13
Box: 11, 26, 133
Box: 61, 27, 24
Box: 3, 18, 17
Box: 61, 2, 51
Box: 61, 15, 97
Box: 3, 73, 149
Box: 61, 73, 47
Box: 61, 2, 19
Box: 61, 17, 59
Box: 7, 73, 5
Box: 53, 10, 22
Box: 28, 10, 6
Box: 9, 4, 13
Box: 61, 6, 149
Box: 47, 32, 2
Box: 9, 13, 6
Box: 7, 9, 6
Box: 61, 5, 149
Box: 61, 40, 105
Box: 2, 46, 2
Box: 15, 28, 14
Box: 19, 73, 26
Box: 32, 19, 149
Box: 61, 10, 5
Box: 61, 39, 68
Box: 8, 5, 5
Box: 61, 19, 39
Box: 58, 28, 53
Box: 5, 73, 16
Box: 61, 10, 4
Box: 61, 4, 3
Box: 16, 14, 2
Box: 5, 32, 20
Box: 31, 13, 6
Box: 10, 10, 5
Box: 61, 8, 2
Box: 61, 16, 17
Box: 3, 71, 4
Box: 34, 18, 15
Box: 61, 73, 9
Box: 22, 24, 8
Box: 2, 73, 50
Box: 3, 73, 18
Box: 9, 7, 4
Box: 13, 11, 21
Box: 9, 73, 29
Box: 6, 9, 17
Box: 7, 48, 69
Box: 25, 73, 5
Box: 6, 15, 6
Box: 12, 3, 9
Box: 61, 73, 77
Box: 13, 3, 3
Box: 61, 73, 3
Box: 27, 11, 57
Box: 17, 8, 18
Box: 40, 4, 14
Box: 15, 18, 17
Box: 21, 27, 23
Box: 61, 17, 149
Box: 2, 9, 17
Box: 2, 2, 2
Box: 15, 16, 14
Box: 20, 5, 8
Box: 2, 16, 6
Box: 27, 32, 3
Box: 33, 52, 8
Box: 7, 21, 6
Box: 4, 28, 21
Box: 3, 73, 21
Box: 7, 7, 42
Box: 4, 73, 149
Box: 10, 24, 7
Box: 61, 65, 65
Box: 4, 29, 15
Box: 5, 73, 11
Box: 9, 6, 7
Box: 2, 5, 12
Box: 61, 2, 5
Box: 2, 20, 8
Box: 61, 18, 49
Box: 3, 11, 9
Box: 61, 4, 57
Box: 8, 73, 16
Box: 9, 23, 149
Box: 38, 6, 2
Box: 61, 7, 21
Box: 10, 22, 11
Box: 12, 4, 17
Box: 28, 13, 32
Box: 24, 4, 15
Box: 61, 4, 78
Box: 7, 73, 67
Box: 2, 8, 6
Box: 44, 16, 12
Box: 34, 27, 30
Box: 16, 73, 14
Box: 14, 17, 46
Box: 13, 10, 44
Box: 61, 9, 54
Box: 8, 26, 5
Box: 23, 24, 6
Box: 61, 73, 18
Box: 17, 26, 13
Box: 15, 3, 60
Box: 2, 12, 7
Box: 11, 69, 33
Box: 10, 5, 2
Box: 10, 23, 6
Box: 2, 7, 7
Box: 8, 5, 14
Box: 29, 12, 12
Box: 61, 3, 10
Box: 2, 10, 52
Box: 26, 6, 94
Box: 10, 8, 4
Box: 2, 17, 5
Box: 6, 28, 9
Box: 27, 7, 5
Box: 10, 4, 6
Box: 2, 4, 26
Box: 9, 3, 47
Box: 9, 3, 4
Box: 61, 73, 18
Box: 10, 35, 5
Box: 61, 9, 5
Box: 61, 8, 12
Box: 2, 73, 13
Box: 10, 2, 2
Box: 9, 21, 12
Box: 61, 7, 34
Box: 19, 3, 26
Box: 61, 25, 4
Box: 14, 32, 38
Box: 12, 17, 22
Box: 4, 5, 5
Box: 61, 73, 47
Box: 14, 17, 7
Box: 61, 73, 4
Box: 4, 51, 68
Box: 47, 5, 13
Box: 5, 26, 2
Box: 61, 25, 10
Box: 61, 4, 14
Box: 23, 12, 42
Box: 8, 4, 4
Box: 2, 4, 14
Box: 61, 5, 38
Box: 61, 12, 17
Box: 2, 27, 34
Box: 4, 9, 149
Box: 16, 5, 9
Box: 25, 39, 5
Box: 13, 3, 6
Box: 9, 38, 7
Box: 19, 28, 11
Box: 24, 46, 55
Box: 31, 73, 39
Box: 2, 46, 40
Box: 49, 47, 149
Box: 9, 14, 8
Box: 2, 7, 23
Box: 61, 27, 62
Box: 31, 4, 7
Box: 4, 11, 4
Box: 6, 14, 28
Box: 9, 16, 5
Box: 28, 73, 57
Box: 29, 13, 7
Box: 14, 73, 149
Box: 15, 10, 23
Box: 21, 28, 71
Box: 25, 21, 24
Box: 3, 22, 11
Box: 61, 22, 64
Box: 48, 5, 5
Box: 61, 24, 49
Box: 10, 73, 24
Box: 41, 2, 12
Box: 9, 12, 10
Box: 9, 19, 12
Box: 11, 73, 27
Box: 18, 19, 58
Box: 12, 73, 90
Box: 31, 12, 28
Box: 61, 46, 5
Box: 7, 5, 6
Box: 13, 2, 18
Box: 17, 26, 6
Box: 4, 2, 7
Box: 2, 9, 13
Box: 32, 33, 11
Box: 61, 2, 7
Box: 5, 5, 2
Box: 10, 19, 8
Box: 26, 12, 149
Box: 24, 13, 6
Box: 11, 73, 25
Box: 30, 8, 19
Box: 4, 17, 22
Box: 61, 11, 5
Box: 9, 21, 13
Box: 2, 46, 9
Box: 9, 49, 31
Box: 11, 22, 4
Box: 17, 73, 6
Box: 4, 68, 3
Box: 61, 73, 17
Box: 3, 73, 9
Box: 7, 9, 17
Box: 61, 22, 44
Box: 12, 8, 17
Box: 61, 73, 4
Box: 5, 73, 60
Box: 7, 3, 37
Box: 28, 10, 149
Box: 2, 7, 3
Box: 2, 14, 17
Box: 2, 20, 37
Box: 12, 5, 4
Box: 17, 73, 2
Box: 61, 7, 13
Box: 61, 17, 9
Box: 10, 24, 13
Box: 15, 22, 2
Box: 26, 5, 30
Box: 16, 73, 6
Box: 17, 9, 13
Box: 9, 24, 2
Box: 28, 3, 5
Box: 61, 46, 43
Box: 21, 8, 9
Box: 7, 18, 17
Box: 41, 13, 6
Box: 61, 7, 16
Box: 19, 73, 39
Box: 26, 26, 3
Box: 11, 19, 7
Box: 25, 13, 48
Box: 2, 73, 31
Box: 4, 2, 2
Box: 3, 2, 15
Box: 61, 22, 9
Box: 7, 73, 6
Box: 32, 6, 5
Box: 10, 17, 24
Box: 2, 73, 16
Box: 61, 65, 17
Box: 11, 3, 4
Box: 13, 58, 3
Box: 5, 8, 5
Box: 4, 73, 5
Box: 17, 23, 13
Box: 61, 9, 6
Box: 3, 5, 18
Box: 61, 18, 36
Box: 37, 24, 149
Box: 6, 14, 112
Box: 13, 11, 2
Box: 20, 7, 149
Box: 43, 7, 149
Box: 29, 16, 5
Box: 20, 2, 16
Box: 2, 9, 17
Box: 11, 31, 4
Box: 61, 3, 14
Box: 4, 73, 5
Box: 19, 73, 12
Box: 2, 11, 6
Box: 2, 43, 6
Box: 2, 19, 32
Box: 12, 12, 15
Box: 31, 17, 4
Box: 21, 7, 7
Box: 24, 24, 48
Box: 24, 24, 8
Box: 21, 7, 14
Box: 61, 16, 4
Box: 3, 73, 38
Box: 5, 8, 5
Box: 16, 17, 6
Box: 61, 6, 4
Box: 61, 22, 2
Box: 61, 39, 9
Box: 12, 73, 44
Box: 20, 16, 48
Box: 21, 3, 88
Box: 24, 13, 19
Box: 16, 4, 5
Box: 6, 8, 12
Box: 61, 73, 40
Box: 6, 15, 16
Box: 7, 7, 3
Box: 61, 73, 63
Box: 27, 73, 20
Box: 61, 7, 66
Box: 10, 7, 4
Box: 10, 3, 18
Box: 29, 27, 46
Box: 25, 2, 21
Box: 2, 7, 149
Box: 9, 46, 14
Box: 2, 6, 13
Box: 30, 73, 7
Box: 2, 8, 3
Box: 61, 19, 4
Box: 61, 7, 140
Box: 61, 4, 27
Box: 11, 2, 5
Box: 12, 16, 2
Box: 6, 15, 7
Box: 40, 16, 32
Box: 34, 4, 49
Box: 4, 24, 7
Box: 26, 73, 19
Box: 9, 22, 149
Box: 4, 16, 14
Box: 24, 13, 7
Box: 9, 27, 3
Box: 14, 73, 32
Box: 17, 19, 10
Box: 3, 31, 15
Box: 11, 2, 21
Box: 61, 73, 83
Box: 23, 7, 39
Box: 61, 5, 32
Box: 61, 31, 59
Box: 4, 4, 31
Box: 61, 73, 43
Box: 7, 25, 30
Box: 38, 73, 29
Box: 6, 24, 11
Box: 15, 14, 18
Box: 27, 10, 9
Box: 10, 6, 31
Box: 14, 19, 71
Box: 2, 14, 26
Box: 2, 9, 6
Box: 59, 73, 4
Box: 61, 5, 10
Box: 12, 4, 99
Box: 29, 22, 10
Box: 6, 29, 5
Box: 12, 6, 8
Box: 30, 73, 30
Box: 2, 7, 7
Box: 10, 73, 37
Box: 3, 6, 57
Box: 13, 8, 4
Box: 61, 28, 86
Box: 9, 7, 9
Box: 32, 3, 16
Box: 13, 73, 34
Box: 61, 3, 33
Box: 20, 16, 48
Box: 7, 4, 9
Box: 6, 15, 17
Box: 6, 9, 4
Box: 7, 4, 2
Box: 13, 24, 42
Box: 61, 35, 15
Box: 61, 73, 4
Box: 6, 31, 3
Box: 5, 25, 3
Box: 19, 21, 14
Box: 57, 10, 2
Box: 6, 27, 34
Box: 9, 3, 63
Box: 4, 12, 6
Box: 4, 5, 12
Box: 3, 5, 18
Box: 7, 25, 48
Box: 61, 19, 61
Box: 3, 19, 48
Box: 24, 6, 33
Box: 61, 2, 2
Box: 6, 5, 8
Box: 61, 17, 6
Box: 61, 43, 26
Box: 3, 16, 24
Box: 61, 18, 39
Box: 61, 10, 20
Box: 61, 8, 149
Box: 61, 16, 21
Box: 2, 37, 9
Box: 30, 7, 17
Box: 3, 7, 149
Box: 6, 11, 6
Box: 61, 31, 8
Box: 11, 4, 4
Box: 5, 9, 57
Box: 9, 22, 25
Box: 4, 68, 29
Box: 61, 25, 149
Box: 2, 2, 2
Box: 61, 58, 2
Box: 41, 3, 3
Box: 10, 6, 2
Box: 19, 18, 46
Box: 13, 73, 8
Box: 19, 20, 29
Box: 6, 4, 5
Box: 4, 6, 3
Box: 27, 2, 23
Box: 61, 16, 5
Box: 9, 4, 7
Box: 61, 6, 25
Box: 21, 56, 22
Box: 4, 44, 60
Box: 31, 26, 118
Box: 5, 42, 2
Box: 13, 3, 149
Box: 61, 2, 37
Box: 9, 73, 19
Box: 11, 73, 10
Box: 43, 8, 6
Box: 61, 9, 59
Box: 2, 36, 3
Box: 11, 9, 5
Box: 9, 5, 2
Box: 5, 2, 2
Box: 13, 36, 149
Box: 6, 73, 29
Box: 49, 3, 6
Box: 8, 2, 59
Box: 32, 3, 55
Box: 61, 47, 4
Box: 11, 73, 37
Box: 61, 73, 24
Box: 4, 19, 23
Box: 12, 13, 7
Box: 2, 30, 43
Box: 61, 14, 39
Box: 8, 5, 3
Box: 61, 21, 21
Box: 27, 14, 20
Box: 61, 6, 100
Box: 38, 3, 149
Box: 17, 19, 14
Box: 9, 9, 7
Box: 22, 51, 68
Box: 25, 46, 16
Box: 5, 4, 18
Box: 6, 4, 19
Box: 29, 73, 9
Box: 3, 27, 6
Box: 61, 45, 34
Box: 8, 5, 5
Box: 61, 2, 20
Box: 3, 7, 16
Box: 9, 73, 64
Box: 13, 2, 149
Box: 4, 9, 2
Box: 2, 43, 13
Box: 16, 73, 8
Box: 27, 38, 149
Box: 61, 14, 14
Box: 17, 19, 59
Box: 14, 32, 5
Box: 22, 73, 149
Box: 9, 4, 13
Box: 7, 3, 8
Box: 61, 73, 4
Box: 61, 5, 29
Box: 32, 27, 111
Box: 4, 12, 14
Box: 61, 25, 12
Box: 5, 6, 6
Box: 13, 2, 5
Box: 4, 73, 127
Box: 15, 3, 58
Box: 13, 37, 4
Box: 6, 73, 39
Box: 3, 11, 6
Box: 10, 12, 24
Box: 2, 7, 14
Box: 16, 27, 41
Box: 61, 15, 3
Box: 4, 9, 61
Box: 7, 7, 4
Box: 61, 4, 2
Box: 7, 10, 9
Box: 9, 4, 13
Box: 13, 11, 5
Box: 8, 3, 2
Box: 28, 56, 22
Box: 11, 26, 10
Box: 61, 21, 3
Box: 19, 19, 71
Box: 13, 2, 42
Box: 8, 5, 23
Box: 10, 24, 20
Box: 42, 7, 7
Box: 12, 73, 34
Box: 9, 3, 8
Box: 4, 5, 26
Box: 10, 73, 21
Box: 18, 2, 5
Box: 10, 15, 24
Box: 61, 73, 2
Box: 24, 13, 44
Box: 61, 73, 19
Box: 10, 2, 25
Box: 61, 7, 6
Box: 24, 27, 41
Box: 61, 3, 9
Box: 11, 4, 11
Box: 10, 19, 25
Box: 61, 6, 30
Box: 21, 22, 17
Box: 31, 12, 9
Box: 6, 4, 5
Box: 8, 73, 2
Box: 22, 8, 75
Box: 5, 4, 30
Box: 32, 10, 5
Box: 4, 5, 2
Box: 12, 2, 17
Box: 13, 73, 141
Box: 3, 9, 26
Box: 18, 4, 10
Box: 3, 19, 58
Box: 3, 18, 10
Box: 2, 14, 97
Box: 18, 73, 56
Box: 6, 73, 5
Box: 41, 5, 23
Box: 19, 45, 5
Box: 61, 16, 49
Box: 3, 9, 32
Box: 14, 73, 6
Box: 12, 73, 65
Box: 61, 66, 17
Box: 16, 4, 5
Box: 61, 31, 46
Box: 34, 20, 14
Box: 61, 36, 21
Box: 10, 73, 7
Box: 13, 3, 4
Box: 61, 2, 8
Box: 24, 3, 33
Box: 61, 24, 57
Box: 4, 8, 5
Box: 9, 22, 2
Box: 10, 4, 14
Box: 61, 20, 26
Box: 61, 16, 6
Box: 42, 41, 2
Box: 18, 6, 44
Box: 8, 10, 15
Box: 11, 27, 5
Box: 13, 22, 4
Box: 7, 19, 12
Box: 32, 3, 38
Box: 61, 7, 27
Box: 7, 73, 5
Box: 15, 73, 5
Box: 10, 3, 6
Box: 7, 26, 4
Box: 21, 73, 9
Box: 12, 3, 21
Box: 61, 73, 6
Box: 9, 14, 4
Box: 13, 22, 10
Box: 3, 12, 3
Box: 61, 36, 77
Box: 23, 26, 13
Box: 9, 8, 35
Box: 41, 3, 3
Box: 12, 22, 13
Box: 61, 22, 35
Box: 2, 2, 127
Box: 53, 19, 22
Box: 6, 73, 22
Box: 3, 4, 15
Box: 9, 9, 6
Box: 16, 3, 6
Box: 3, 28, 53
Box: 42, 14, 7
Box: 14, 73, 13
Box: 61, 6, 24
Box: 61, 8, 28
Box: 38, 73, 2
Box: 61, 73, 7
Box: 7, 73, 29
Box: 8, 3, 17
Box: 19, 73, 18
Box: 2, 9, 20
Box: 5, 3, 26
Box: 61, 4, 27
Box: 10, 10, 4
Box: 41, 13, 5
Box: 10, 26, 18
Box: 15, 73, 14
Box: 5, 7, 51
Box: 8, 3, 4
Box: 21, 9, 149
Box: 10, 73, 5
Box: 24, 46, 7
Box: 61, 3, 10
Box: 13, 73, 4
Box: 17, 32, 12
Box: 13, 2, 3
Box: 61, 11, 61
Box: 9, 23, 46
Box: 61, 5, 149
Box: 61, 38, 23
Box: 61, 12, 24
Box: 61, 28, 149
Box: 13, 73, 4
Box: 61, 6, 15
Box: 9, 17, 50
Box: 61, 27, 16
Box: 10, 43, 6
Box: 14, 68, 3
Box: 17, 3, 14
Box: 61, 7, 5
Box: 33, 32, 20
Box: 9, 5, 4
Box: 13, 24, 6
Box: 61, 27, 72
Box: 13, 19, 58
Box: 6, 73, 13
Box: 35, 73, 19
Box: 31, 73, 8
Box: 40, 10, 5
Box: 3, 73, 37
Box: 5, 60, 13
Box: 61, 73, 30
Box: 12, 70, 9
Box: 2, 13, 7
Box: 13, 10, 12
Box: 41, 73, 19
Box: 61, 69, 12
Box: 34, 11, 7
Box: 7, 73, 7
Box: 61, 28, 149
Box: 5, 8, 2
Box: 2, 8, 38
Box: 15, 3, 8
Box: 11, 4, 30
Box: 12, 3, 17
Box: 4, 22, 86
Box: 61, 18, 34
Box: 13, 73, 143
Box: 61, 4, 10
Box: 61, 11, 9
Box: 13, 11, 42
Box: 12, 16, 12
Box: 3, 56, 22
Box: 8, 6, 5
Box: 13, 2, 9
Box: 11, 5, 149
Box: 2, 5, 2
Box: 61, 4, 8
Box: 61, 73, 71
Box: 2, 4, 6
Box: 61, 35, 5
Box: 61, 13, 17
Box: 61, 73, 30
Box: 61, 13, 149
Box: 5, 73, 68
Box: 49, 6, 34
Box: 3, 73, 10
Box: 12, 73, 51
Box: 17, 24, 2
Box: 6, 73, 146
Box: 11, 2, 2
Box: 12, 18, 11
Box: 16, 11, 86
Box: 5, 73, 4
Box: 12, 73, 4
Box: 61, 36, 10
Box: 14, 73, 23
Box: 16, 18, 64
Box: 24, 36, 49
Box: 10, 73, 36
Box: 5, 4, 69
Box: 61, 8, 5
Box: 61, 22, 41
Box: 61, 12, 6
Box: 13, 15, 26
Box: 33, 4, 18
Box: 6, 7, 41
Box: 13, 35, 5
Box: 2, 73, 143
Box: 2, 22, 149
Box: 9, 73, 6
Box: 11, 73, 31
Box: 7, 2, 15
Box: 31, 18, 27
Box: 7, 7, 5
Box: 2, 3, 7
Box: 57, 43, 35
Box: 61, 10, 20
Box: 35, 4, 111
Box: 14, 2, 3
Box: 17, 12, 13
Box: 17, 19, 6
Box: 17, 73, 96
Box: 33, 73, 26
Box: 19, 26, 16
Box: 8, 3, 14
Box: 11, 73, 4
Box: 12, 54, 44
Box: 7, 32, 2
Box: 21, 9, 9
Box: 5, 6, 9
Box: 3, 24, 7
Box: 11, 10, 85
Box: 61, 4, 6
Box: 9, 62, 29
Box: 49, 7, 14
Box: 7, 73, 122
Box: 3, 12, 8
Box: 2, 9, 6
Box: 37, 18, 22
Box: 28, 6, 149
Box: 9, 39, 37
Box: 12, 73, 68
Box: 16, 23, 90
Box: 32, 2, 8
Box: 18, 43, 26
Box: 3, 10, 39
Box: 61, 34, 7
Box: 7, 9, 62
Box: 6, 73, 24
Box: 7, 13, 48
Box: 3, 13, 29
Box: 4, 3, 63
Box: 3, 73, 149
Box: 11, 13, 7
Box: 5, 73, 20
Box: 61, 3, 33
Box: 61, 73, 4
Box: 40, 73, 18
Box: 61, 4, 2
Box: 61, 19, 2
Box: 6, 31, 2
Box: 6, 18, 6
Box: 15, 19, 9
Box: 3, 5, 79
Box: 4, 15, 132
Box: 17, 38, 14
Box: 42, 14, 9
Box: 3, 6, 8
Box: 30, 12, 19
Box: 61, 73, 20
Box: 9, 73, 20
Box: 61, 46, 113
Box: 11, 6, 17
Box: 19, 73, 24
Box: 12, 73, 30
Box: 2, 5, 5
Box: 61, 10, 2
Box: 61, 13, 16
Box: 13, 9, 57
Box: 2, 3, 2
Box: 26, 73, 48
Box: 2, 9, 8
Box: 19, 7, 51
Box: 22, 3, 3
Box: 59, 73, 7
Box: 61, 20, 18
Box: 61, 3, 20
Box: 4, 43, 149
Box: 16, 69, 12
Box: 3, 26, 13
Box: 25, 73, 5
Box: 61, 11, 8
Box: 5, 73, 12
Box: 13, 3, 21
Box: 10, 3, 4
Box: 7, 7, 6
Box: 11, 11, 149
Box: 5, 22, 6
Box: 11, 15, 5
Box: 7, 6, 44
Box: 59, 73, 10
Box: 8, 23, 69
Box: 2, 69, 4
Box: 61, 17, 22
Box: 8, 23, 34
Box: 61, 68, 34
Box: 22, 22, 18
Box: 32, 3, 4
Box: 5, 73, 7
Box: 61, 2, 24
Box: 61, 24, 57
Box: 61, 42, 17
Box: 12, 68, 37
Box: 17, 3, 24
Box: 16, 31, 11
Box: 48, 73, 26
Box: 24, 24, 30
Box: 24, 13, 47
Box: 16, 61, 10
Box: 3, 73, 8
Box: 7, 3, 149
Box: 12, 28, 13
Box: 19, 10, 39
Box: 3, 71, 2
Box: 61, 13, 113
Box: 5, 73, 9
Box: 6, 8, 149
Box: 10, 3, 18
Box: 12, 23, 31
Box: 13, 2, 149
Box: 27, 8, 24
Box: 9, 11, 11
Box: 2, 71, 9
Box: 2, 14, 5
Box: 9, 2, 4
Box: 10, 23, 41
Box: 61, 22, 6
Box: 45, 73, 45
Box: 4, 40, 44
Box: 38, 6, 6
Box: 8, 73, 13
Box: 25, 10, 27
Box: 22, 9, 4
Box: 9, 9, 7
Box: 61, 22, 10
Box: 8, 9, 5
Box: 8, 4, 14
Box: 17, 4, 8
Box: 42, 46, 7
Box: 22, 7, 6
Box: 12, 3, 3
Box: 14, 28, 42
Box: 10, 3, 24
Box: 5, 3, 2
Box: 61, 5, 41
Box: 3, 14, 112
Box: 61, 5, 4
Box: 13, 10, 30
Box: 61, 2, 9
Box: 8, 9, 32
Box: 61, 4, 8
Box: 61, 3, 42
Box: 61, 26, 5
Box: 9, 11, 43
Box: 15, 6, 3
Box: 24, 24, 12
Box: 41, 22, 8
Box: 5, 4, 22
Box: 27, 16, 32
Box: 9, 73, 10
Box: 61, 73, 2
Box: 5, 22, 2
Box: 61, 9, 9
Box: 27, 3, 49
Box: 26, 73, 93
Box: 16, 18, 41
Box: 15, 22, 51
Box: 23, 22, 43
Box: 8, 4, 5
Box: 59, 28, 26
Box: 61, 11, 43
Box: 22, 73, 54
Box: 61, 4, 40
Box: 21, 73, 23
Box: 2, 3, 2
Box: 45, 12, 20
Box: 61, 73, 10
Box: 22, 37, 36
Box: 11, 17, 39
Box: 3, 4, 8
Box: 6, 2, 18
Box: 7, 73, 127
Box: 5, 8, 5
Box: 5, 6, 4
Box: 9, 4, 8
Box: 2, 10, 32
Box: 9, 73, 53
Box: 7, 48, 10
Box: 61, 73, 17
Box: 7, 10, 39
Box: 5, 8, 13
Box: 45, 73, 40
Box: 18, 68, 38
Box: 5, 73, 6
Box: 61, 43, 46
Box: 61, 13, 13
Box: 6, 68, 3
Box: 18, 21, 3
Box: 7, 37, 85
Box: 10, 10, 9
Box: 61, 16, 7
Box: 61, 27, 17
Box: 4, 5, 4
Box: 3, 4, 5
Box: 3, 7, 9
Box: 3, 4, 49
Box: 2, 73, 32
Box: 61, 2, 17
Box: 11, 4, 13
Box: 4, 12, 23
Box: 7, 38, 2
Box: 17, 9, 7
Box: 8, 32, 20
Box: 12, 31, 38
Box: 4, 2, 2
Box: 2, 18, 6
Box: 22, 11, 21
Box: 61, 25, 149
Box: 61, 26, 72
Box: 6, 65, 11
Box: 16, 24, 3
Box: 2, 5, 4
Box: 6, 22, 23
Box: 57, 24, 9
Box: 61, 21, 149
Box: 17, 4, 18
Box: 10, 22, 2
Box: 61, 19, 3
Box: 61, 25, 82
Box: 12, 73, 47
Box: 3, 5, 18
Box: 61, 22, 7
Box: 6, 9, 8
Box: 23, 12, 12
Box: 3, 27, 23
Box: 3, 16, 2
Box: 2, 22, 19
Box: 14, 2, 12
Box: 61, 68, 2
Box: 16, 13, 7
Box: 5, 73, 14
Box: 36, 45, 29
Box: 2, 27, 11
Box: 7, 8, 12
Box: 61, 4, 7
Box: 2, 8, 13
Box: 61, 18, 36
Box: 11, 13, 141
Box: 10, 28, 41
Box: 2, 73, 20
Box: 61, 49, 22
Box: 2, 17, 4
Box: 2, 5, 18
Box: 33, 33, 17
Box: 26, 37, 10
Box: 3, 10, 44
Box: 7, 25, 30
Box: 9, 16, 47
Box: 4, 12, 16
Box: 8, 5, 13
Box: 61, 25, 53
Box: 61, 4, 21
Box: 30, 43, 4
Box: 32, 6, 14
Box: 2, 24, 7
Box: 28, 5, 45
Box: 7, 16, 32
Box: 32, 73, 27
Box: 61, 69, 28
Box: 40, 24, 16
Box: 5, 73, 46
Box: 61, 18, 11
Box: 2, 25, 3
Box: 6, 19, 36
Box: 11, 73, 40
Box: 9, 3, 3
Box: 5, 33, 20
Box: 3, 73, 4
Box: 7, 4, 3
Box: 2, 3, 10
Box: 3, 9, 5
Box: 12, 4, 5
Box: 61, 49, 16
Box: 9, 6, 54
Box: 14, 17, 4
Box: 46, 73, 83
Box: 61, 19, 2
Box: 61, 4, 10
Box: 9, 2, 11
Box: 7, 50, 6
Box: 61, 16, 79
Box: 22, 2, 46
Box: 6, 19, 71
Box: 9, 73, 11
Box: 10, 10, 23
Box: 61, 15, 7
Box: 18, 73, 28
Box: 18, 18, 5
Box: 61, 6, 61
Box: 7, 9, 5
Box: 2, 23, 127
Box: 15, 7, 39
Box: 4, 49, 10
Box: 48, 73, 16
Box: 9, 16, 149
Box: 6, 68, 2
Box: 6, 40, 9
Box: 54, 4, 3
Box: 61, 73, 4
Box: 30, 3, 7
Box: 17, 73, 98
Box: 5, 10, 8
Box: 61, 4, 149
Box: 7, 9, 149
Box: 10, 19, 32
Box: 61, 25, 7
Box: 21, 73, 3
Box: 61, 5, 112
Box: 3, 21, 2
Box: 12, 73, 23
Box: 3, 11, 18
Box: 4, 41, 149
Box: 18, 50, 6
Box: 3, 4, 22
Box: 8, 3, 4
Box: 39, 73, 9
Box: 5, 73, 10
Box: 3, 16, 14
Box: 4, 6, 90
Box: 28, 33, 45
Box: 3, 2, 112
Box: 5, 11, 9
Box: 23, 3, 15
Box: 9, 2, 4
Box: 36, 73, 47
Box: 11, 73, 13
Box: 34, 5, 30
Box: 20, 73, 118
Box: 61, 4, 27
Box: 10, 18, 39
Box: 40, 15, 16
Box: 3, 9, 42
Box: 3, 5, 2
Box: 15, 22, 14
Box: 5, 5, 7
Box: 42, 14, 5
Box: 9, 8, 4
Box: 61, 9, 11
Box: 61, 3, 8
Box: 12, 73, 20
Box: 61, 5, 6
Box: 61, 73, 52
Box: 5, 3, 7
Box: 8, 4, 33
Box: 8, 8, 5
Box: 4, 27, 63
Box: 10, 2, 18
Box: 61, 25, 4
Box: 19, 41, 11
Box: 61, 73, 12
Box: 9, 47, 43
Box: 8, 28, 19
Box: 17, 9, 26
Box: 19, 2, 15
Box: 8, 11, 149
Box: 4, 2, 13
Box: 13, 18, 20
Box: 31, 28, 34
Box: 12, 26, 27
Box: 3, 71, 4
Box: 20, 22, 8
Box: 24, 14, 47
Box: 11, 19, 3
Box: 10, 73, 13
Box: 61, 52, 7
Box: 13, 9, 16
Box: 61, 22, 3
Box: 2, 4, 9
Box: 7, 11, 2
Box: 61, 17, 149
Box: 5, 60, 36
Box: 7, 48, 97
Box: 3, 27, 11
Box: 4, 73, 149
Box: 24, 4, 102
Box: 7, 5, 6
Box: 3, 5, 9
Box: 42, 14, 100
Box: 5, 11, 39
Box: 10, 20, 11
Box: 16, 6, 6
Box: 3, 13, 3
Box: 17, 2, 24
Box: 61, 5, 8
Box: 8, 13, 25
Box: 5, 7, 10
Box: 5, 11, 10
Box: 61, 6, 17
Box: 9, 3, 12
Box: 10, 3, 5
Box: 11, 5, 39
Box: 20, 13, 6
Box: 3, 17, 2
Box: 18, 46, 15
Box: 2, 14, 100
Box: 15, 23, 22
Box: 22, 5, 9
Box: 9, 2, 36
Box: 14, 73, 2
Box: 18, 4, 90
Box: 8, 46, 26
Box: 5, 73, 65
Box: 61, 24, 9
Box: 48, 5, 11
Box: 28, 9, 42
Box: 61, 22, 2
Box: 61, 27, 8
Box: 29, 27, 17
Box: 7, 20, 100
Box: 3, 9, 17
Box: 61, 6, 7
Box: 8, 2, 5
Box: 35, 11, 10
Box: 5, 5, 18
Box: 3, 21, 149
Box: 9, 3, 12
Box: 29, 22, 21
Box: 61, 10, 39
Box: 38, 24, 12
Box: 14, 73, 29
Box: 2, 9, 6
Box: 61, 18, 40
Box: 5, 18, 149
Box: 20, 16, 12
Box: 4, 9, 149
Box: 12, 73, 9
Box: 5, 6, 57
Box: 12, 24, 12
Box: 4, 2, 8
Box: 9, 73, 20
Box: 2, 43, 2
Box: 61, 10, 50
Box: 41, 7, 3
Box: 61, 7, 4
Box: 4, 24, 11
Box: 13, 5, 149
Box: 13, 46, 8
Box: 13, 69, 33
Box: 61, 10, 2
Box: 42, 14, 19
Box: 10, 10, 30
Box: 61, 24, 29
Box: 61, 6, 49
Box: 61, 5, 8
Box: 11, 6, 8
Box: 61, 14, 2
Box: 8, 73, 2
Box: 4, 7, 48
Box: 61, 34, 70
Box: 10, 73, 7
Box: 11, 18, 141
Box: 7, 11, 43
Box: 6, 73, 42
Box: 16, 36, 24
Box: 3, 73, 42
Box: 10, 73, 4
Box: 27, 27, 30
Box: 25, 23, 5
Box: 61, 14, 53
Box: 3, 9, 19
Box: 8, 5, 23
Box: 6, 73, 46
Box: 5, 73, 111
Box: 7, 4, 3
Box: 21, 14, 8
Box: 4, 23, 42
Box: 21, 9, 22
Box: 10, 10, 16
Box: 61, 73, 23
Box: 17, 9, 12
Box: 61, 10, 28
Box: 6, 3, 17
Box: 5, 73, 11
Box: 61, 3, 20
Box: 25, 4, 33
Box: 7, 6, 6
Box: 4, 12, 26
Box: 13, 10, 3
Box: 4, 21, 15
Box: 11, 4, 8
Box: 24, 2, 33
Box: 61, 7, 23
Box: 15, 73, 6
Box: 61, 2, 7
Box: 61, 43, 30
Box: 61, 73, 4
Box: 61, 73, 39
Box: 2, 8, 5
Box: 30, 8, 9
Box: 18, 4, 17
Box: 10, 11, 3
Box: 26, 17, 30
Box: 61, 15, 6
Box: 23, 44, 149
Box: 61, 6, 3
Box: 31, 10, 27
Box: 61, 23, 149
Box: 7, 4, 2
Box: 35, 6, 10
Box: 31, 12, 16
Box: 7, 3, 12
Box: 61, 65, 6
Box: 10, 6, 14
Box: 32, 33, 11
Box: 61, 19, 18
Box: 11, 73, 32
Box: 61, 13, 51
Box: 38, 2, 13
Box: 23, 18, 64
Box: 27, 6, 75
Box: 10, 10, 15
Box: 8, 73, 13
Box: 2, 10, 12
Box: 10, 4, 4
Box: 5, 26, 18
Box: 7, 15, 18
Box: 15, 26, 13
Box: 39, 2, 94
Box: 9, 22, 5
Box: 10, 10, 90
Box: 4, 12, 10
Box: 24, 26, 49
Box: 61, 46, 59
Box: 5, 12, 26
Box: 31, 73, 28
Box: 3, 10, 36
Box: 61, 6, 10
Box: 8, 2, 16
Box: 3, 4, 5
Box: 20, 14, 8
Box: 35, 11, 10
Box: 10, 20, 19
Box: 5, 5, 13
Box: 22, 11, 4
Box: 61, 73, 3
Box: 61, 46, 34
Box: 61, 3, 15
Box: 22, 25, 46
Box: 61, 7, 26
Box: 3, 3, 49
Box: 45, 73, 149
Box: 61, 16, 9
Box: 61, 10, 53
Box: 61, 4, 20
Box: 5, 3, 40
Box: 9, 31, 4
Box: 23, 73, 143
Box: 28, 44, 12
Box: 14, 5, 3
Box: 13, 5, 149
Box: 2, 10, 5
Box: 51, 7, 12
Box: 4, 3, 9
Box: 9, 13, 7
Box: 61, 73, 11
Box: 10, 73, 7
Box: 16, 31, 8
Box: 61, 73, 5
Box: 2, 25, 30
Box: 3, 16, 13
Box: 61, 16, 4
Box: 7, 22, 4
Box: 61, 9, 4
Box: 17, 9, 14
Box: 61, 9, 149
Box: 9, 15, 15
Box: 8, 26, 13
Box: 3, 28, 10
Box: 61, 73, 3
Box: 61, 16, 49
Box: 17, 8, 2
Box: 28, 73, 22
Box: 27, 3, 49
Box: 5, 4, 20
Box: 10, 14, 51
Box: 18, 73, 11
Box: 11, 4, 49
Box: 11, 3, 24
Box: 4, 44, 3
Box: 61, 19, 5
Box: 61, 30, 75
Box: 2, 3, 32
Box: 2, 8, 5
Box: 13, 73, 22
Box: 61, 7, 28
Box: 6, 10, 6
Box: 23, 10, 4
Box: 61, 8, 10
Box: 61, 7, 22
Box: 24, 31, 15
Box: 24, 28, 13
Box: 13, 5, 12
Box: 5, 10, 3
Box: 42, 4, 47
Box: 27, 32, 5
Box: 2, 17, 18
Box: 10, 20, 61
Box: 37, 9, 15
Box: 6, 10, 12
Box: 11, 46, 52
Box: 3, 4, 22
Box: 13, 16, 12
Box: 11, 73, 49
Box: 12, 9, 4
Box: 13, 18, 33
Box: 5, 3, 37
Box: 61, 7, 149
Box: 59, 73, 3
Box: 4, 73, 20
Box: 4, 21, 41
Box: 61, 8, 21
Box: 61, 21, 6
Box: 61, 19, 57
Box: 5, 19, 149
Box: 30, 13, 2
Box: 7, 7, 9
Box: 8, 8, 38
Box: 28, 73, 11
Box: 61, 24, 10
Box: 22, 7, 4
Box: 44, 26, 6
Box: 3, 3, 40
Box: 52, 11, 21
Box: 11, 19, 7
Box: 61, 9, 50
Box: 3, 73, 5
Box: 14, 28, 9
Box: 26, 2, 5
Box: 61, 6, 21
Box: 4, 16, 8
Box: 61, 51, 24
Box: 61, 3, 66
Box: 61, 6, 6
Box: 57, 7, 30
Box: 7, 48, 9
Box: 61, 18, 72
Box: 39, 5, 6
Box: 16, 6, 36
Box: 5, 5, 3
Box: 6, 73, 44
Box: 10, 14, 18
Box: 13, 12, 15
Box: 31, 73, 5
Box: 13, 42, 5
Box: 15, 28, 9
Box: 8, 3, 4
Box: 8, 3, 21
Box: 61, 4, 48
Box: 61, 12, 34
Box: 8, 13, 25
Box: 26, 33, 10
Box: 5, 22, 27
Box: 34, 3, 2
Box: 49, 12, 14
Box: 12, 7, 7
Box: 3, 11, 6
Box: 19, 21, 44
Box: 61, 26, 11
Box: 15, 57, 6
Box: 19, 3, 23
Box: 61, 73, 21
Box: 4, 7, 27
Box: 15, 3, 9
Box: 19, 3, 21
Box: 8, 8, 13
Box: 6, 3, 4
Box: 4, 17, 2
Box: 4, 4, 3
Box: 27, 22, 32
Box: 3, 2, 5
Box: 24, 3, 8
Box: 4, 8, 120
Box: 17, 73, 13
Box: 5, 4, 24
Box: 11, 9, 6
Box: 55, 7, 122
Box: 42, 14, 33
Box: 61, 7, 67
Box: 3, 73, 2
Box: 14, 7, 46
Box: 18, 21, 8
Box: 10, 14, 36
Box: 5, 73, 26
Box: 6, 73, 68
Box: 8, 10, 30
Box: 10, 46, 4
Box: 61, 24, 3
Box: 8, 8, 25
Box: 61, 5, 2
Box: 28, 20, 45
Box: 24, 2, 33
Box: 11, 73, 25
Box: 12, 16, 12
Box: 61, 10, 5
Box: 4, 22, 63
Box: 8, 15, 18
Box: 2, 20, 18
Box: 6, 3, 30
Box: 4, 9, 9
Box: 10, 6, 10
Box: 36, 2, 24
Box: 55, 73, 21
Box: 24, 7, 4
Box: 61, 15, 111
Box: 4, 23, 149
Box: 8, 14, 100
Box: 35, 39, 8
Box: 61, 24, 49
Box: 61, 2, 7
Box: 14, 8, 149
Box: 3, 17, 2
Box: 2, 14, 30
Box: 15, 5, 5
Box: 2, 17, 10
Box: 2, 73, 4
Box: 37, 21, 9
Box: 41, 73, 33
Box: 61, 19, 149
Box: 11, 73, 49
Box: 35, 22, 2
Box: 5, 2, 2
Box: 12, 11, 3
Box: 9, 28, 13
Box: 61, 4, 14
Box: 8, 23, 23
Box: 7, 5, 16
Box: 26, 15, 30
Box: 10, 11, 51
Box: 10, 23, 90
Box: 15, 22, 16
Box: 61, 5, 35
Box: 6, 22, 2
Box: 5, 73, 19
Box: 35, 3, 3
Box: 5, 18, 5
Box: 61, 44, 9
Box: 14, 24, 43
Box: 54, 21, 61
Box: 17, 73, 13
Box: 61, 15, 8
Box: 10, 12, 3
Box: 13, 73, 50
Box: 17, 22, 19
Box: 22, 18, 10
Box: 7, 28, 9
Box: 2, 17, 95
Box: 61, 5, 8
####################
#Expected Output: 156
#Number of Bins: 156.
