Bin: 91, 226, 80
Box: 42, 94, 80
Box: 26, 37, 54
Box: 8, 33, 53
Box: 29, 47, 80
Box: 12, 23, 58
Box: 9, 6, 3
Box: 29, 30, 12
Box: 30, 7, 80
Box: 44, 5, 48
Box: 13, 22, 80
Box: 46, 79, 80
Box: 29, 34, 5
Box: 39, 11, 80
Box: 38, 17, 15
Box: 37, 9, 80
Box: 15, 8, 13
Box: 20, 11, 3
Box: 21, 51, 80
Box: 91, 22, 19
Box: 11, 3, 19
Box: 9, 62, 80
Box: 7, 15, 80
Box: 25, 25, 21
Box: 80, 123, 19
Box: 36, 2, 20
Box: 26, 226, 30
Box: 5, 3, 80
Box: 5, 7, 28
Box: 3, 57, 21
Box: 21, 16, 21
Box: 91, 9, 80
Box: 19, 87, 11
Box: 91, 2, 6
Box: 3, 41, 19
Box: 15, 2, 25
Box: 91, 12, 6
Box: 3, 18, 9
Box: 29, 3, 17
Box: 20, 17, 80
Box: 11, 10, 57
Box: 21, 15, 9
Box: 22, 126, 29
Box: 13, 24, 80
Box: 34, 88, 80
Box: 13, 226, 13
Box: 7, 42, 19
Box: 12, 5, 15
Box: 32, 36, 19
Box: 8, 126, 3
Box: 23, 42, 24
Box: 26, 22, 80
Box: 2, 3, 16
Box: 10, 14, 3
Box: 91, 2, 15
Box: 26, 226, 7
Box: 14, 30, 39
Box: 4, 16, 21
Box: 43, 53, 28
Box: 14, 102, 28
Box: 91, 38, 37
Box: 2, 80, 7
Box: 22, 25, 59
Box: 44, 30, 80
Box: 5, 43, 80
Box: 17, 26, 80
Box: 3, 6, 9
Box: 27, 3, 8
Box: 45, 226, 9
Box: 3, 3, 3
Box: 19, 54, 7
Box: 6, 26, 80
Box: 15, 61, 5
Box: 29, 13, 4
Box: 44, 30, 80
Box: 22, 126, 2
Box: 9, 6, 18
Box: 3, 6, 21
Box: 91, 43, 9
Box: 63, 137, 3
Box: 91, 16, 35
Box: 4, 14, 17
Box: 19, 15, 7
Box: 4, 7, 11
Box: 11, 5, 4
Box: 19, 80, 10
Box: 91, 54, 14
Box: 2, 37, 2
Box: 24, 14, 3
Box: 91, 30, 80
Box: 2, 63, 3
Box: 6, 3, 80
Box: 42, 22, 80
Box: 9, 6, 5
Box: 44, 2, 80
Box: 7, 15, 15
Box: 12, 3, 3
Box: 23, 13, 2
Box: 2, 9, 5
Box: 29, 226, 3
Box: 30, 38, 3
Box: 44, 3, 9
Box: 5, 22, 7
Box: 91, 26, 14
Box: 91, 19, 14
Box: 2, 28, 9
Box: 14, 5, 80
Box: 5, 6, 7
Box: 39, 10, 80
Box: 4, 8, 22
Box: 47, 207, 80
Box: 28, 37, 80
Box: 23, 215, 80
Box: 91, 6, 4
Box: 91, 62, 15
Box: 21, 3, 10
Box: 28, 7, 80
Box: 3, 3, 21
Box: 8, 10, 80
Box: 47, 33, 76
Box: 69, 9, 6
Box: 8, 4, 9
Box: 30, 6, 5
Box: 15, 12, 43
Box: 11, 5, 3
Box: 3, 4, 13
Box: 11, 47, 2
Box: 10, 28, 9
Box: 40, 37, 6
Box: 30, 21, 80
Box: 7, 54, 7
Box: 54, 9, 80
Box: 19, 87, 6
Box: 91, 8, 80
Box: 15, 7, 11
Box: 3, 43, 21
Box: 6, 36, 45
Box: 91, 226, 4
Box: 23, 3, 3
Box: 25, 226, 80
Box: 62, 8, 80
Box: 29, 39, 12
Box: 7, 28, 10
Box: 51, 61, 15
Box: 2, 55, 34
Box: 59, 18, 9
Box: 41, 10, 6
Box: 23, 5, 15
Box: 44, 3, 15
Box: 12, 12, 80
Box: 19, 42, 4
Box: 3, 28, 10
Box: 47, 78, 80
Box: 91, 38, 54
Box: 25, 4, 20
Box: 19, 2, 15
Box: 91, 41, 11
Box: 5, 3, 10
Box: 4, 47, 2
Box: 48, 16, 3
Box: 36, 26, 3
Box: 72, 11, 38
Box: 44, 76, 80
Box: 2, 15, 80
Box: 44, 40, 10
Box: 56, 4, 9
Box: 10, 4, 5
Box: 14, 53, 80
Box: 12, 61, 25
Box: 9, 6, 14
Box: 69, 10, 6
Box: 48, 54, 28
Box: 17, 47, 11
Box: 12, 15, 80
Box: 19, 87, 3
Box: 42, 29, 80
Box: 4, 4, 3
Box: 91, 47, 67
Box: 38, 4, 37
Box: 6, 23, 58
Box: 91, 3, 18
Box: 38, 22, 37
Box: 16, 31, 3
Box: 91, 28, 11
Box: 16, 38, 2
Box: 23, 2, 2
Box: 29, 226, 40
Box: 13, 47, 11
Box: 7, 6, 4
Box: 23, 8, 15
Box: 8, 4, 5
Box: 91, 16, 4
Box: 3, 18, 13
Box: 19, 87, 30
Box: 4, 3, 3
Box: 19, 28, 3
Box: 18, 80, 80
Box: 91, 18, 72
Box: 13, 33, 27
Box: 8, 99, 28
Box: 38, 3, 37
Box: 12, 24, 13
Box: 21, 168, 26
Box: 28, 46, 80
Box: 27, 32, 57
Box: 33, 106, 16
Box: 24, 28, 3
Box: 4, 10, 80
Box: 28, 55, 34
Box: 62, 24, 10
Box: 19, 87, 5
Box: 32, 17, 80
Box: 62, 20, 80
Box: 91, 10, 55
Box: 8, 14, 80
Box: 7, 3, 6
Box: 38, 3, 80
Box: 76, 9, 80
Box: 32, 63, 3
Box: 91, 56, 80
Box: 47, 19, 39
Box: 91, 10, 55
Box: 20, 2, 5
Box: 91, 2, 50
Box: 8, 8, 5
Box: 19, 24, 80
Box: 17, 126, 80
Box: 16, 32, 57
Box: 8, 40, 10
Box: 22, 19, 4
Box: 14, 5, 22
Box: 91, 14, 14
Box: 15, 2, 25
Box: 4, 18, 28
Box: 91, 20, 50
Box: 36, 88, 80
Box: 4, 24, 64
Box: 8, 40, 10
Box: 2, 26, 3
Box: 12, 4, 20
Box: 2, 7, 32
Box: 2, 24, 22
Box: 3, 36, 4
Box: 41, 20, 6
Box: 10, 9, 27
Box: 2, 56, 37
Box: 4, 24, 24
Box: 91, 82, 80
Box: 2, 4, 51
Box: 15, 22, 31
Box: 12, 6, 13
Box: 47, 8, 80
Box: 91, 226, 3
Box: 39, 7, 27
Box: 34, 53, 13
Box: 17, 26, 3
Box: 91, 6, 58
Box: 91, 91, 80
Box: 91, 103, 22
Box: 4, 46, 80
Box: 5, 42, 70
Box: 91, 20, 80
Box: 2, 39, 28
Box: 28, 3, 19
Box: 2, 26, 80
Box: 3, 26, 13
Box: 58, 57, 80
Box: 15, 9, 80
Box: 36, 3, 80
Box: 91, 19, 80
Box: 43, 53, 13
Box: 91, 71, 80
Box: 2, 149, 51
Box: 74, 34, 80
Box: 21, 168, 2
Box: 3, 41, 12
Box: 91, 17, 80
Box: 27, 95, 4
Box: 91, 62, 6
Box: 16, 33, 27
Box: 91, 4, 80
Box: 10, 11, 11
Box: 2, 3, 20
Box: 19, 2, 3
Box: 23, 17, 7
Box: 4, 18, 13
Box: 3, 226, 59
Box: 8, 5, 5
Box: 91, 36, 34
Box: 61, 61, 5
Box: 46, 37, 43
Box: 8, 145, 3
Box: 5, 24, 27
Box: 91, 34, 40
Box: 5, 53, 13
Box: 91, 5, 50
Box: 10, 4, 5
Box: 16, 48, 12
Box: 15, 9, 3
Box: 71, 10, 15
Box: 91, 51, 15
Box: 5, 24, 17
Box: 2, 57, 6
Box: 91, 42, 6
Box: 91, 11, 55
Box: 60, 28, 18
Box: 23, 2, 2
Box: 79, 12, 11
Box: 4, 16, 22
Box: 8, 21, 27
Box: 39, 36, 80
Box: 17, 26, 80
Box: 2, 36, 51
Box: 3, 11, 38
Box: 14, 28, 39
Box: 65, 54, 7
Box: 17, 132, 80
Box: 9, 3, 10
Box: 24, 28, 10
Box: 7, 63, 3
Box: 23, 23, 15
Box: 9, 54, 14
Box: 91, 16, 16
Box: 14, 4, 56
Box: 43, 9, 10
Box: 3, 99, 28
Box: 9, 6, 24
Box: 11, 5, 37
Box: 19, 93, 3
Box: 2, 37, 28
Box: 2, 18, 3
Box: 5, 19, 28
Box: 47, 19, 29
Box: 7, 18, 54
Box: 10, 15, 59
Box: 33, 4, 15
Box: 33, 63, 2
Box: 29, 13, 12
Box: 8, 2, 27
Box: 15, 53, 20
Box: 91, 130, 9
Box: 2, 9, 7
Box: 33, 42, 80
Box: 10, 15, 80
Box: 91, 6, 52
Box: 44, 50, 3
Box: 13, 19, 7
Box: 7, 55, 34
Box: 3, 11, 11
Box: 30, 10, 13
Box: 30, 6, 13
Box: 24, 29, 80
Box: 63, 32, 11
Box: 44, 201, 18
Box: 8, 47, 2
Box: 91, 62, 3
Box: 91, 78, 58
Box: 12, 16, 13
Box: 91, 20, 20
Box: 23, 42, 11
Box: 32, 6, 19
Box: 3, 6, 5
Box: 10, 36, 5
Box: 91, 20, 80
Box: 3, 7, 13
Box: 12, 6, 6
Box: 39, 57, 6
Box: 20, 12, 80
Box: 19, 2, 8
Box: 19, 5, 3
Box: 21, 3, 80
Box: 44, 143, 3
Box: 3, 4, 21
Box: 91, 36, 55
Box: 10, 11, 5
Box: 3, 57, 12
Box: 91, 63, 44
Box: 3, 6, 6
Box: 91, 19, 80
Box: 22, 3, 15
Box: 2, 17, 16
Box: 2, 40, 10
Box: 4, 4, 80
Box: 56, 12, 80
Box: 6, 15, 11
Box: 20, 9, 80
Box: 4, 21, 3
Box: 7, 4, 4
Box: 27, 46, 8
Box: 8, 24, 80
Box: 91, 26, 80
Box: 2, 14, 25
Box: 39, 106, 16
Box: 2, 6, 20
Box: 5, 26, 80
Box: 39, 10, 80
Box: 15, 51, 25
Box: 91, 4, 80
Box: 91, 28, 5
Box: 23, 9, 15
Box: 54, 20, 80
Box: 44, 15, 80
Box: 91, 105, 4
Box: 10, 54, 80
Box: 19, 2, 2
Box: 47, 19, 3
Box: 30, 4, 15
Box: 3, 41, 3
Box: 7, 3, 3
Box: 15, 53, 16
Box: 4, 37, 8
Box: 91, 28, 9
Box: 46, 37, 8
Box: 3, 41, 21
Box: 34, 72, 80
Box: 14, 5, 39
Box: 91, 71, 34
Box: 6, 4, 4
Box: 2, 25, 21
Box: 44, 6, 15
Box: 61, 226, 51
Box: 23, 43, 21
Box: 3, 3, 3
Box: 27, 2, 8
Box: 91, 25, 80
Box: 45, 24, 80
Box: 55, 2, 20
Box: 3, 6, 5
Box: 68, 4, 17
Box: 44, 6, 15
Box: 5, 6, 12
Box: 10, 11, 59
Box: 12, 8, 13
Box: 28, 25, 11
Box: 29, 34, 5
Box: 16, 31, 11
Box: 3, 45, 31
Box: 2, 65, 21
Box: 37, 54, 13
Box: 91, 54, 10
Box: 12, 6, 12
Box: 12, 24, 25
Box: 2, 49, 37
Box: 19, 9, 3
Box: 8, 20, 13
Box: 10, 4, 5
Box: 3, 6, 5
Box: 91, 54, 9
Box: 91, 3, 3
Box: 9, 33, 27
Box: 2, 9, 80
Box: 14, 44, 80
Box: 22, 3, 26
Box: 48, 54, 3
Box: 3, 72, 8
Box: 62, 11, 12
Box: 10, 16, 3
Box: 18, 61, 25
Box: 16, 62, 27
Box: 91, 130, 52
Box: 22, 3, 59
Box: 27, 47, 80
Box: 47, 19, 9
Box: 12, 16, 3
Box: 91, 51, 80
Box: 19, 12, 59
Box: 91, 43, 22
Box: 5, 11, 38
Box: 5, 3, 10
Box: 7, 13, 9
Box: 19, 15, 4
Box: 29, 40, 10
Box: 8, 4, 7
Box: 91, 95, 11
Box: 91, 73, 80
Box: 19, 15, 4
Box: 11, 6, 57
Box: 38, 31, 11
Box: 8, 36, 52
Box: 12, 12, 3
Box: 2, 3, 22
Box: 24, 103, 4
Box: 4, 24, 18
Box: 8, 19, 27
Box: 11, 61, 59
Box: 6, 14, 72
Box: 4, 29, 80
Box: 23, 3, 4
Box: 68, 10, 17
Box: 91, 40, 80
Box: 42, 41, 80
Box: 10, 36, 10
Box: 91, 28, 13
Box: 28, 2, 80
Box: 62, 11, 13
Box: 4, 24, 17
Box: 53, 17, 15
Box: 3, 41, 14
Box: 20, 2, 54
Box: 3, 25, 80
Box: 7, 17, 19
Box: 4, 10, 80
Box: 42, 42, 8
Box: 39, 46, 80
Box: 91, 41, 26
Box: 2, 6, 25
Box: 4, 7, 11
Box: 91, 105, 5
Box: 34, 4, 21
Box: 91, 59, 80
Box: 2, 7, 20
Box: 91, 11, 2
Box: 10, 15, 80
Box: 91, 23, 55
Box: 91, 48, 37
Box: 16, 33, 27
Box: 2, 13, 32
Box: 91, 14, 3
Box: 91, 90, 58
Box: 27, 95, 6
Box: 35, 65, 80
Box: 91, 14, 80
Box: 20, 42, 3
Box: 12, 2, 3
Box: 19, 42, 30
Box: 30, 8, 13
Box: 91, 106, 7
Box: 17, 28, 10
Box: 15, 61, 5
Box: 35, 12, 80
Box: 21, 168, 5
Box: 6, 18, 9
Box: 7, 44, 13
Box: 23, 11, 80
Box: 15, 22, 13
Box: 7, 55, 34
Box: 3, 57, 9
Box: 20, 10, 15
Box: 45, 226, 3
Box: 28, 10, 80
Box: 5, 10, 28
Box: 91, 5, 6
Box: 91, 3, 5
Box: 91, 71, 5
Box: 2, 47, 2
Box: 91, 20, 52
Box: 91, 61, 80
Box: 19, 5, 59
Box: 26, 24, 16
Box: 30, 22, 21
Box: 8, 16, 13
Box: 91, 95, 4
Box: 19, 106, 16
Box: 22, 19, 12
Box: 25, 12, 43
Box: 7, 2, 4
Box: 19, 15, 4
Box: 91, 61, 17
Box: 4, 17, 7
Box: 30, 226, 4
Box: 7, 26, 2
Box: 69, 16, 6
Box: 91, 56, 12
Box: 10, 24, 3
Box: 54, 8, 80
Box: 27, 20, 8
Box: 46, 22, 80
Box: 32, 3, 19
Box: 91, 87, 20
Box: 4, 4, 22
Box: 19, 42, 31
Box: 91, 20, 3
Box: 4, 2, 22
Box: 14, 29, 80
Box: 3, 6, 12
Box: 4, 53, 13
Box: 91, 38, 16
Box: 91, 12, 41
Box: 7, 4, 4
Box: 4, 123, 19
Box: 91, 64, 54
Box: 19, 54, 14
Box: 91, 42, 10
Box: 54, 15, 14
Box: 2, 61, 4
Box: 4, 47, 2
Box: 11, 3, 12
Box: 16, 16, 21
Box: 3, 6, 4
Box: 19, 93, 14
Box: 91, 5, 50
Box: 8, 14, 80
Box: 8, 41, 80
Box: 4, 4, 80
Box: 2, 42, 29
Box: 13, 80, 80
Box: 91, 21, 10
Box: 46, 99, 18
Box: 22, 11, 11
Box: 3, 4, 15
Box: 91, 103, 22
Box: 13, 56, 17
Box: 40, 95, 27
Box: 91, 20, 15
Box: 2, 18, 13
Box: 91, 45, 16
Box: 15, 22, 4
Box: 62, 24, 24
Box: 8, 22, 11
Box: 8, 36, 80
Box: 43, 7, 3
Box: 7, 28, 9
Box: 42, 42, 9
Box: 3, 15, 80
Box: 91, 54, 4
Box: 2, 13, 3
Box: 9, 6, 12
Box: 23, 17, 2
Box: 6, 226, 8
Box: 15, 4, 25
Box: 91, 226, 4
Box: 42, 14, 80
Box: 9, 6, 13
Box: 44, 34, 71
Box: 18, 41, 80
Box: 12, 26, 25
Box: 91, 61, 11
Box: 3, 126, 80
Box: 29, 14, 12
Box: 18, 6, 76
Box: 8, 8, 11
Box: 9, 6, 31
Box: 3, 2, 19
Box: 11, 9, 80
Box: 4, 44, 3
Box: 5, 24, 64
Box: 91, 32, 12
Box: 19, 80, 11
Box: 2, 42, 42
Box: 4, 126, 80
Box: 15, 226, 13
Box: 2, 19, 25
Box: 20, 46, 14
Box: 91, 43, 11
Box: 21, 88, 80
Box: 38, 68, 37
Box: 91, 20, 58
Box: 8, 36, 28
Box: 16, 54, 15
Box: 12, 177, 6
Box: 20, 46, 61
Box: 12, 37, 3
Box: 19, 2, 3
Box: 5, 42, 3
Box: 7, 8, 2
Box: 73, 6, 76
Box: 3, 6, 5
Box: 19, 226, 80
Box: 91, 56, 51
Box: 91, 2, 11
Box: 5, 13, 7
Box: 17, 61, 25
Box: 3, 3, 3
Box: 91, 52, 15
Box: 20, 99, 28
Box: 5, 7, 7
Box: 14, 4, 9
Box: 12, 2, 19
Box: 2, 24, 64
Box: 11, 5, 6
Box: 91, 34, 19
Box: 8, 137, 3
Box: 2, 80, 20
Box: 91, 20, 4
Box: 91, 88, 51
Box: 14, 17, 39
Box: 19, 93, 20
Box: 22, 126, 23
Box: 18, 35, 80
Box: 17, 31, 7
Box: 91, 3, 3
Box: 91, 114, 15
Box: 91, 41, 11
Box: 2, 4, 16
Box: 30, 24, 41
Box: 4, 14, 3
Box: 45, 12, 28
Box: 91, 12, 80
Box: 68, 7, 17
Box: 32, 11, 11
Box: 16, 3, 10
Box: 8, 21, 11
Box: 52, 26, 4
Box: 56, 33, 44
Box: 4, 9, 59
Box: 18, 4, 3
Box: 91, 12, 36
Box: 5, 3, 80
Box: 2, 8, 37
Box: 4, 7, 22
Box: 5, 24, 17
Box: 69, 32, 6
Box: 40, 3, 3
Box: 5, 24, 3
Box: 40, 37, 5
Box: 46, 65, 80
Box: 7, 50, 19
Box: 2, 2, 22
Box: 2, 8, 3
Box: 91, 16, 72
Box: 10, 3, 10
Box: 46, 69, 80
Box: 18, 9, 80
Box: 6, 15, 28
Box: 56, 35, 80
Box: 91, 42, 15
Box: 56, 6, 9
Box: 91, 109, 80
Box: 11, 3, 5
Box: 19, 2, 6
Box: 6, 15, 5
Box: 23, 42, 33
Box: 10, 36, 2
Box: 3, 12, 21
Box: 14, 4, 39
Box: 69, 132, 51
Box: 4, 24, 10
Box: 39, 17, 8
Box: 29, 34, 2
Box: 44, 5, 26
Box: 15, 54, 13
Box: 44, 3, 80
Box: 15, 226, 4
Box: 4, 14, 4
Box: 5, 34, 80
Box: 43, 53, 3
Box: 91, 6, 28
Box: 8, 48, 27
Box: 3, 35, 80
Box: 69, 4, 6
Box: 45, 96, 28
Box: 22, 46, 59
Box: 68, 3, 4
Box: 10, 36, 26
Box: 66, 61, 55
Box: 44, 14, 9
Box: 20, 2, 17
Box: 4, 24, 4
Box: 39, 21, 80
Box: 28, 3, 13
Box: 46, 7, 80
Box: 16, 7, 3
Box: 10, 56, 17
Box: 19, 15, 3
Box: 15, 13, 3
Box: 2, 5, 3
Box: 14, 5, 7
Box: 39, 12, 43
Box: 3, 109, 6
Box: 68, 6, 17
Box: 43, 46, 3
Box: 19, 2, 6
Box: 91, 14, 50
Box: 11, 47, 80
Box: 10, 35, 59
Box: 6, 15, 5
Box: 91, 2, 80
Box: 13, 3, 3
Box: 2, 9, 20
Box: 46, 99, 13
Box: 91, 106, 32
Box: 12, 40, 15
Box: 6, 36, 23
Box: 12, 13, 15
Box: 4, 5, 3
Box: 17, 28, 9
Box: 31, 28, 18
Box: 8, 47, 4
Box: 4, 17, 59
Box: 3, 61, 25
Box: 69, 132, 29
Box: 11, 16, 3
Box: 35, 161, 80
Box: 12, 43, 6
Box: 47, 55, 80
Box: 42, 42, 17
Box: 62, 24, 15
Box: 17, 33, 27
Box: 11, 5, 7
Box: 29, 32, 12
Box: 21, 7, 14
Box: 14, 15, 15
Box: 11, 3, 23
Box: 2, 13, 22
Box: 56, 7, 9
Box: 5, 49, 28
Box: 3, 72, 72
Box: 9, 19, 7
Box: 4, 5, 3
Box: 5, 2, 19
Box: 91, 17, 55
Box: 32, 38, 2
Box: 2, 22, 48
Box: 42, 61, 5
Box: 29, 46, 4
Box: 39, 3, 17
Box: 11, 3, 21
Box: 23, 2, 2
Box: 91, 3, 4
Box: 91, 17, 80
Box: 19, 53, 80
Box: 91, 7, 58
Box: 14, 194, 4
Box: 10, 36, 24
Box: 91, 64, 34
Box: 91, 109, 42
Box: 49, 4, 21
Box: 8, 8, 2
Box: 10, 9, 80
Box: 14, 10, 80
Box: 40, 43, 80
Box: 20, 2, 4
Box: 44, 22, 13
Box: 12, 62, 80
Box: 45, 226, 7
Box: 9, 6, 23
Box: 28, 3, 13
Box: 8, 4, 11
Box: 91, 5, 15
Box: 19, 3, 28
Box: 62, 6, 80
Box: 2, 42, 2
Box: 91, 11, 35
Box: 91, 18, 8
Box: 40, 37, 11
Box: 23, 4, 10
Box: 91, 226, 10
Box: 52, 62, 4
Box: 14, 32, 4
Box: 91, 3, 55
Box: 30, 17, 80
Box: 91, 226, 9
Box: 14, 5, 10
Box: 24, 11, 11
Box: 71, 109, 5
Box: 8, 38, 3
Box: 25, 4, 15
Box: 7, 12, 9
Box: 5, 132, 80
Box: 91, 58, 54
Box: 4, 14, 80
Box: 5, 61, 15
Box: 2, 9, 2
Box: 5, 6, 3
Box: 91, 85, 77
Box: 41, 83, 6
Box: 26, 226, 35
Box: 79, 12, 26
Box: 14, 226, 8
Box: 7, 17, 4
Box: 91, 58, 80
Box: 62, 24, 25
Box: 32, 226, 4
Box: 14, 34, 3
Box: 2, 15, 16
Box: 91, 23, 80
Box: 47, 34, 80
Box: 8, 5, 27
Box: 11, 41, 80
Box: 62, 11, 3
Box: 46, 37, 15
Box: 17, 14, 80
Box: 28, 3, 16
Box: 91, 34, 80
Box: 27, 95, 2
Box: 15, 37, 80
Box: 24, 55, 3
Box: 14, 12, 80
Box: 27, 95, 3
Box: 91, 47, 80
Box: 91, 3, 2
Box: 7, 4, 2
Box: 54, 4, 80
Box: 2, 11, 25
Box: 7, 7, 19
Box: 24, 25, 21
Box: 32, 3, 80
Box: 61, 23, 58
Box: 38, 21, 37
Box: 5, 61, 25
Box: 91, 67, 80
Box: 91, 107, 80
Box: 16, 15, 15
Box: 10, 36, 4
Box: 42, 42, 8
Box: 91, 20, 30
Box: 43, 53, 20
Box: 91, 128, 80
Box: 33, 47, 2
Box: 6, 15, 5
Box: 7, 26, 80
Box: 40, 28, 6
Box: 19, 27, 59
Box: 22, 36, 59
Box: 14, 102, 7
Box: 15, 22, 8
Box: 20, 29, 3
Box: 2, 80, 3
Box: 24, 38, 3
Box: 2, 37, 49
Box: 91, 11, 5
Box: 91, 63, 3
Box: 14, 63, 3
Box: 29, 9, 12
Box: 24, 118, 28
Box: 38, 38, 6
Box: 62, 11, 8
Box: 91, 105, 49
Box: 91, 98, 80
Box: 3, 7, 11
Box: 91, 2, 58
Box: 6, 36, 9
Box: 2, 29, 28
Box: 29, 27, 2
Box: 62, 24, 6
Box: 19, 7, 28
Box: 29, 33, 12
Box: 21, 13, 9
Box: 38, 98, 37
Box: 20, 7, 80
Box: 24, 9, 80
Box: 11, 11, 38
Box: 2, 6, 22
Box: 15, 2, 25
Box: 91, 98, 80
Box: 2, 11, 25
Box: 91, 34, 24
Box: 21, 7, 66
Box: 91, 12, 3
Box: 59, 47, 19
Box: 91, 95, 15
Box: 73, 6, 80
Box: 2, 2, 32
Box: 21, 54, 80
Box: 9, 4, 4
Box: 2, 17, 16
Box: 10, 9, 53
Box: 4, 5, 80
Box: 3, 65, 80
Box: 91, 20, 21
Box: 28, 4, 80
Box: 29, 27, 2
Box: 19, 2, 28
Box: 4, 26, 59
Box: 38, 226, 6
Box: 10, 3, 5
Box: 18, 226, 37
Box: 42, 38, 6
Box: 2, 27, 3
Box: 10, 26, 3
Box: 12, 11, 25
Box: 44, 5, 6
Box: 19, 80, 31
Box: 7, 6, 3
Box: 32, 43, 21
Box: 29, 24, 80
Box: 42, 42, 20
Box: 4, 189, 8
Box: 6, 47, 2
Box: 47, 33, 4
Box: 33, 36, 80
Box: 91, 181, 21
Box: 62, 11, 8
Box: 25, 5, 2
Box: 8, 17, 7
Box: 22, 126, 6
Box: 91, 106, 16
Box: 58, 63, 2
Box: 19, 226, 80
Box: 62, 117, 80
Box: 4, 3, 22
Box: 91, 66, 80
Box: 4, 17, 7
Box: 2, 15, 80
Box: 3, 45, 28
Box: 20, 31, 11
Box: 91, 96, 55
Box: 4, 14, 80
Box: 91, 61, 7
Box: 29, 54, 15
Box: 33, 43, 21
Box: 2, 43, 80
Box: 19, 35, 4
Box: 33, 32, 57
Box: 45, 47, 11
Box: 40, 34, 3
Box: 10, 10, 5
Box: 14, 4, 15
Box: 3, 3, 80
Box: 39, 35, 4
Box: 3, 57, 38
Box: 20, 226, 37
Box: 15, 22, 5
Box: 2, 226, 13
Box: 3, 41, 11
Box: 28, 26, 3
Box: 6, 15, 16
Box: 3, 45, 21
Box: 21, 118, 28
Box: 32, 4, 20
Box: 3, 3, 10
Box: 8, 63, 3
Box: 42, 13, 80
Box: 24, 62, 80
Box: 37, 15, 14
Box: 48, 54, 3
Box: 3, 3, 80
Box: 7, 19, 54
Box: 91, 103, 17
Box: 10, 16, 21
Box: 91, 43, 10
Box: 7, 61, 25
Box: 62, 11, 36
Box: 27, 28, 9
Box: 20, 54, 14
Box: 30, 2, 80
Box: 18, 38, 2
Box: 23, 15, 10
Box: 21, 168, 26
Box: 5, 6, 12
Box: 14, 4, 80
Box: 68, 13, 17
Box: 91, 60, 80
Box: 14, 11, 39
Box: 8, 15, 15
Box: 30, 8, 80
Box: 16, 34, 3
Box: 91, 36, 10
Box: 6, 18, 13
Box: 3, 4, 13
Box: 25, 12, 2
Box: 7, 6, 12
Box: 2, 15, 15
Box: 2, 12, 20
Box: 22, 9, 59
Box: 46, 43, 11
Box: 91, 16, 45
Box: 40, 37, 17
Box: 68, 4, 17
Box: 2, 3, 3
Box: 91, 49, 51
Box: 91, 109, 11
Box: 2, 9, 2
Box: 27, 95, 4
Box: 29, 16, 12
Box: 3, 13, 13
Box: 46, 13, 80
Box: 9, 42, 80
Box: 42, 42, 18
Box: 91, 3, 11
Box: 20, 23, 3
Box: 91, 44, 9
Box: 44, 33, 3
Box: 12, 126, 3
Box: 91, 28, 5
Box: 29, 226, 13
Box: 15, 22, 29
Box: 46, 52, 11
Box: 91, 16, 80
Box: 15, 48, 13
Box: 14, 126, 80
Box: 4, 3, 10
Box: 72, 11, 80
Box: 4, 46, 6
Box: 3, 29, 80
Box: 14, 35, 80
Box: 44, 19, 80
Box: 4, 62, 80
Box: 91, 28, 80
Box: 7, 6, 5
Box: 19, 87, 4
Box: 11, 33, 53
Box: 9, 34, 3
Box: 19, 3, 28
Box: 4, 66, 3
Box: 19, 28, 28
Box: 14, 2, 39
Box: 14, 99, 10
Box: 3, 6, 3
Box: 47, 55, 34
Box: 22, 19, 39
Box: 91, 75, 6
Box: 91, 85, 3
Box: 12, 9, 3
Box: 39, 17, 19
Box: 4, 32, 57
Box: 91, 54, 2
Box: 28, 15, 80
Box: 91, 20, 15
Box: 31, 126, 80
Box: 12, 7, 3
Box: 3, 44, 80
Box: 28, 3, 8
Box: 91, 38, 10
Box: 10, 15, 80
Box: 21, 9, 10
Box: 91, 4, 50
Box: 20, 109, 5
Box: 22, 126, 17
Box: 2, 24, 64
Box: 91, 3, 46
Box: 22, 107, 59
Box: 48, 54, 21
Box: 10, 226, 51
Box: 62, 34, 80
Box: 19, 109, 6
Box: 24, 54, 13
Box: 91, 95, 18
Box: 39, 36, 80
Box: 7, 7, 19
Box: 17, 61, 5
Box: 12, 3, 15
Box: 34, 36, 80
Box: 9, 6, 10
Box: 24, 24, 3
Box: 19, 99, 10
Box: 37, 25, 21
Box: 91, 15, 5
Box: 2, 7, 3
Box: 8, 18, 9
Box: 24, 9, 80
Box: 29, 20, 4
Box: 6, 36, 3
Box: 2, 37, 37
Box: 22, 4, 20
Box: 37, 145, 3
Box: 21, 168, 21
Box: 91, 14, 14
Box: 7, 4, 4
Box: 91, 37, 15
Box: 47, 51, 80
Box: 4, 9, 59
Box: 30, 2, 80
Box: 22, 16, 3
Box: 2, 19, 3
Box: 8, 24, 64
Box: 20, 28, 3
Box: 15, 18, 9
Box: 4, 24, 4
Box: 8, 34, 5
Box: 40, 37, 5
Box: 24, 47, 2
Box: 69, 5, 6
Box: 2, 9, 32
Box: 9, 23, 58
Box: 56, 9, 9
Box: 91, 16, 4
Box: 23, 23, 10
Box: 6, 15, 10
Box: 91, 17, 80
Box: 91, 130, 5
Box: 39, 14, 80
Box: 11, 11, 57
Box: 44, 15, 9
Box: 7, 22, 80
Box: 15, 103, 4
Box: 52, 15, 4
Box: 4, 47, 80
Box: 2, 12, 28
Box: 19, 22, 28
Box: 42, 22, 48
Box: 5, 36, 80
Box: 91, 11, 50
Box: 4, 6, 7
Box: 56, 2, 9
Box: 19, 15, 6
Box: 91, 20, 55
Box: 7, 3, 4
Box: 28, 3, 11
Box: 44, 25, 18
Box: 12, 34, 80
Box: 23, 6, 2
Box: 4, 99, 10
Box: 18, 226, 51
Box: 29, 16, 21
Box: 44, 22, 19
Box: 91, 42, 14
Box: 91, 131, 67
Box: 91, 109, 16
Box: 48, 54, 11
Box: 45, 226, 20
Box: 15, 30, 13
Box: 17, 31, 4
Box: 91, 17, 10
Box: 41, 56, 6
Box: 45, 66, 80
Box: 46, 66, 80
Box: 19, 11, 80
Box: 69, 33, 6
Box: 39, 10, 27
Box: 30, 24, 26
Box: 7, 4, 2
Box: 20, 46, 5
Box: 2, 6, 32
Box: 14, 37, 54
Box: 46, 54, 15
Box: 19, 42, 10
Box: 7, 63, 3
Box: 15, 56, 13
Box: 4, 24, 3
Box: 51, 6, 5
Box: 44, 2, 9
Box: 27, 20, 8
Box: 91, 106, 4
Box: 12, 2, 19
Box: 69, 19, 80
Box: 14, 45, 80
Box: 29, 116, 4
Box: 5, 226, 8
Box: 25, 48, 12
Box: 91, 63, 18
Box: 54, 5, 80
Box: 4, 14, 4
Box: 32, 61, 5
Box: 2, 11, 37
Box: 11, 16, 21
Box: 22, 3, 18
Box: 3, 6, 21
Box: 4, 4, 22
Box: 26, 226, 8
Box: 5, 14, 28
Box: 46, 37, 14
Box: 30, 22, 59
Box: 91, 48, 8
Box: 2, 4, 3
Box: 42, 62, 80
Box: 26, 41, 80
Box: 2, 32, 22
Box: 2, 3, 3
Box: 18, 145, 3
Box: 91, 18, 67
Box: 56, 5, 9
Box: 14, 102, 6
Box: 46, 83, 80
Box: 91, 105, 3
Box: 11, 38, 6
Box: 36, 33, 27
Box: 26, 9, 80
Box: 46, 4, 11
Box: 91, 71, 11
Box: 4, 21, 28
Box: 39, 17, 19
Box: 13, 226, 37
Box: 91, 75, 15
Box: 3, 6, 3
Box: 40, 37, 10
Box: 2, 7, 11
Box: 91, 22, 20
Box: 62, 6, 80
Box: 15, 53, 44
Box: 7, 5, 2
Box: 24, 24, 3
Box: 64, 61, 4
Box: 91, 48, 23
Box: 22, 3, 21
Box: 4, 11, 80
Box: 4, 37, 54
Box: 27, 4, 8
Box: 19, 2, 2
Box: 19, 2, 14
Box: 3, 6, 7
Box: 44, 66, 80
Box: 68, 9, 17
Box: 12, 5, 3
Box: 25, 21, 2
Box: 38, 10, 37
Box: 19, 93, 22
Box: 20, 11, 80
Box: 6, 99, 28
Box: 16, 33, 53
Box: 9, 63, 3
Box: 12, 54, 80
Box: 50, 48, 12
Box: 7, 4, 4
Box: 91, 106, 5
Box: 40, 28, 4
Box: 27, 9, 10
Box: 19, 42, 2
Box: 3, 38, 3
Box: 23, 16, 15
Box: 91, 2, 20
Box: 22, 19, 18
Box: 9, 99, 10
Box: 3, 23, 58
Box: 2, 42, 7
Box: 6, 14, 8
Box: 91, 31, 6
Box: 18, 3, 10
Box: 4, 2, 22
Box: 33, 35, 4
####################
#Expected Output: 34
#Number of Bins: 34.
