Bin: 299, 297, 85
Box: 24, 5, 6
Box: 24, 5, 2
Box: 58, 130, 25
Box: 8, 10, 7
Box: 299, 132, 13
Box: 243, 70, 3
Box: 4, 13, 3
Box: 34, 243, 5
Box: 14, 5, 3
Box: 172, 55, 85
Box: 260, 95, 60
Box: 299, 31, 85
Box: 12, 297, 85
Box: 7, 53, 4
Box: 122, 71, 3
Box: 105, 103, 31
Box: 11, 26, 2
Box: 260, 16, 11
Box: 23, 3, 6
Box: 74, 33, 54
Box: 45, 2, 85
Box: 22, 14, 85
Box: 153, 11, 3
Box: 207, 60, 85
Box: 4, 14, 31
Box: 28, 39, 2
Box: 13, 2, 7
Box: 179, 27, 85
Box: 260, 132, 72
Box: 43, 65, 85
Box: 122, 71, 44
Box: 5, 2, 15
Box: 55, 6, 3
Box: 136, 15, 11
Box: 26, 94, 21
Box: 9, 3, 6
Box: 24, 156, 85
Box: 299, 105, 4
Box: 34, 56, 3
Box: 299, 29, 85
Box: 11, 110, 73
Box: 5, 28, 34
Box: 299, 32, 4
Box: 299, 13, 85
Box: 52, 41, 85
Box: 38, 71, 85
Box: 7, 105, 74
Box: 11, 7, 72
Box: 20, 244, 5
Box: 35, 70, 31
Box: 18, 90, 31
Box: 7, 53, 85
Box: 6, 12, 85
Box: 24, 22, 18
Box: 299, 88, 7
Box: 35, 27, 31
Box: 19, 118, 11
Box: 11, 5, 6
Box: 234, 297, 20
Box: 22, 33, 85
Box: 102, 7, 72
Box: 18, 131, 85
Box: 14, 36, 9
Box: 155, 34, 85
Box: 106, 44, 12
Box: 28, 51, 31
Box: 130, 33, 85
Box: 52, 10, 7
Box: 28, 297, 85
Box: 169, 103, 85
Box: 21, 9, 11
Box: 68, 24, 85
Box: 28, 10, 15
Box: 11, 15, 23
Box: 20, 10, 7
Box: 37, 227, 40
Box: 33, 38, 73
Box: 24, 22, 9
Box: 9, 297, 37
Box: 299, 11, 85
Box: 33, 65, 85
Box: 8, 187, 85
Box: 69, 232, 7
Box: 11, 23, 15
Box: 33, 45, 85
Box: 13, 20, 15
Box: 13, 3, 15
Box: 19, 47, 11
Box: 9, 22, 31
Box: 6, 8, 85
Box: 22, 38, 51
Box: 2, 18, 31
Box: 12, 12, 12
Box: 11, 35, 85
Box: 27, 297, 11
Box: 4, 21, 3
Box: 76, 166, 85
Box: 5, 22, 31
Box: 122, 33, 85
Box: 42, 187, 50
Box: 52, 10, 85
Box: 48, 7, 72
Box: 29, 13, 85
Box: 69, 6, 38
Box: 5, 22, 31
Box: 38, 15, 85
Box: 11, 8, 85
Box: 299, 120, 6
Box: 106, 297, 85
Box: 11, 24, 23
Box: 92, 156, 85
Box: 23, 24, 20
Box: 49, 297, 28
Box: 14, 28, 3
Box: 6, 2, 7
Box: 3, 17, 54
Box: 14, 36, 24
Box: 14, 65, 7
Box: 6, 8, 85
Box: 33, 21, 41
Box: 38, 7, 85
Box: 24, 28, 27
Box: 4, 23, 2
Box: 20, 15, 3
Box: 19, 22, 85
Box: 38, 183, 85
Box: 2, 23, 21
Box: 24, 35, 17
Box: 13, 22, 15
Box: 234, 2, 5
Box: 234, 6, 7
Box: 11, 24, 6
Box: 22, 151, 72
Box: 69, 36, 85
Box: 3, 9, 85
Box: 20, 9, 23
Box: 34, 243, 2
Box: 19, 4, 30
Box: 44, 20, 80
Box: 43, 6, 23
Box: 14, 21, 31
Box: 11, 297, 31
Box: 14, 36, 2
Box: 8, 149, 85
Box: 15, 105, 74
Box: 2, 18, 31
Box: 28, 81, 31
Box: 149, 4, 75
Box: 169, 25, 85
Box: 24, 52, 85
Box: 123, 4, 85
Box: 117, 118, 54
Box: 52, 6, 52
Box: 150, 3, 85
Box: 299, 297, 25
Box: 43, 91, 85
Box: 22, 43, 36
Box: 24, 35, 68
Box: 3, 25, 72
Box: 22, 297, 85
Box: 11, 66, 63
Box: 247, 297, 85
Box: 77, 6, 3
Box: 234, 6, 2
Box: 73, 6, 3
Box: 9, 166, 5
Box: 9, 202, 6
Box: 23, 24, 11
Box: 34, 243, 6
Box: 4, 2, 7
Box: 8, 2, 2
Box: 14, 46, 3
Box: 65, 2, 31
Box: 14, 3, 3
Box: 76, 21, 20
Box: 4, 23, 2
Box: 20, 2, 3
Box: 243, 70, 5
Box: 28, 105, 85
Box: 17, 10, 85
Box: 6, 131, 85
Box: 65, 10, 31
Box: 18, 2, 43
Box: 42, 156, 54
Box: 88, 35, 85
Box: 25, 5, 11
Box: 128, 297, 85
Box: 52, 3, 6
Box: 52, 34, 85
Box: 3, 4, 72
Box: 59, 7, 72
Box: 88, 3, 6
Box: 35, 8, 85
Box: 33, 20, 80
Box: 52, 23, 18
Box: 11, 20, 19
Box: 299, 297, 11
Box: 77, 27, 85
Box: 18, 23, 2
Box: 6, 12, 16
Box: 4, 10, 7
Box: 69, 6, 17
Box: 22, 43, 20
Box: 3, 116, 72
Box: 155, 113, 85
Box: 33, 40, 85
Box: 169, 10, 85
Box: 62, 258, 2
Box: 15, 53, 85
Box: 172, 71, 85
Box: 24, 5, 8
Box: 69, 130, 25
Box: 12, 131, 85
Box: 25, 27, 11
Box: 36, 11, 26
Box: 260, 95, 12
Box: 28, 28, 31
Box: 34, 5, 85
Box: 13, 84, 15
Box: 21, 9, 4
Box: 34, 28, 3
Box: 13, 2, 13
Box: 150, 172, 85
Box: 11, 6, 85
Box: 8, 17, 2
Box: 136, 25, 11
Box: 9, 81, 5
Box: 13, 297, 3
Box: 5, 4, 30
Box: 6, 12, 10
Box: 45, 6, 4
Box: 3, 44, 54
Box: 24, 22, 12
Box: 7, 23, 14
Box: 11, 22, 85
Box: 22, 10, 2
Box: 70, 50, 85
Box: 149, 31, 75
Box: 76, 21, 10
Box: 149, 11, 75
Box: 2, 297, 3
Box: 125, 243, 85
Box: 34, 243, 4
Box: 13, 19, 15
Box: 26, 94, 4
Box: 22, 65, 85
Box: 299, 92, 85
Box: 33, 2, 2
Box: 299, 13, 85
Box: 29, 36, 85
Box: 45, 3, 6
Box: 189, 8, 85
Box: 63, 12, 11
Box: 25, 65, 85
Box: 9, 9, 6
Box: 13, 75, 28
Box: 16, 3, 6
Box: 33, 49, 17
Box: 65, 9, 31
Box: 18, 2, 8
Box: 20, 41, 85
Box: 7, 24, 2
Box: 71, 9, 85
Box: 4, 2, 8
Box: 60, 9, 85
Box: 138, 4, 85
Box: 58, 297, 28
Box: 27, 297, 85
Box: 13, 103, 42
Box: 9, 19, 5
Box: 18, 97, 31
Box: 11, 297, 25
Box: 69, 36, 85
Box: 11, 297, 11
Box: 15, 10, 85
Box: 8, 142, 85
Box: 21, 7, 31
Box: 4, 126, 3
Box: 44, 110, 73
Box: 5, 131, 85
Box: 5, 12, 10
Box: 36, 76, 51
Box: 33, 82, 17
Box: 4, 18, 31
Box: 76, 100, 85
Box: 124, 61, 6
Box: 67, 297, 31
Box: 33, 5, 5
Box: 19, 5, 85
Box: 299, 297, 6
Box: 24, 7, 72
Box: 10, 297, 85
Box: 12, 39, 2
Box: 9, 12, 16
Box: 29, 51, 85
Box: 9, 297, 13
Box: 24, 12, 60
Box: 155, 6, 85
Box: 20, 9, 3
Box: 34, 243, 15
Box: 20, 118, 3
Box: 7, 297, 31
Box: 20, 50, 28
Box: 5, 4, 85
Box: 24, 5, 4
Box: 14, 4, 2
Box: 13, 297, 85
Box: 9, 12, 20
Box: 63, 9, 85
Box: 7, 6, 2
Box: 39, 130, 25
Box: 7, 22, 31
Box: 85, 51, 5
Box: 24, 5, 5
Box: 2, 12, 3
Box: 24, 52, 85
Box: 3, 10, 85
Box: 69, 18, 85
Box: 299, 31, 6
Box: 44, 18, 85
Box: 28, 75, 31
Box: 65, 31, 31
Box: 238, 11, 85
Box: 21, 9, 2
Box: 299, 35, 85
Box: 26, 53, 85
Box: 20, 32, 3
Box: 149, 104, 8
Box: 8, 53, 85
Box: 14, 55, 3
Box: 299, 19, 85
Box: 24, 22, 30
Box: 13, 2, 6
Box: 2, 10, 7
Box: 2, 2, 2
Box: 18, 4, 9
Box: 4, 2, 2
Box: 150, 12, 85
Box: 13, 2, 5
Box: 65, 27, 31
Box: 24, 131, 85
Box: 33, 38, 85
Box: 10, 12, 12
Box: 28, 3, 39
Box: 299, 108, 54
Box: 4, 54, 3
Box: 49, 8, 18
Box: 4, 10, 3
Box: 46, 85, 85
Box: 11, 40, 6
Box: 8, 14, 31
Box: 207, 20, 5
Box: 14, 73, 3
Box: 18, 4, 45
Box: 15, 6, 85
Box: 11, 105, 3
Box: 24, 5, 10
Box: 140, 12, 85
Box: 243, 70, 16
Box: 45, 2, 7
Box: 9, 12, 34
Box: 169, 88, 85
Box: 21, 9, 3
Box: 26, 9, 27
Box: 188, 12, 85
Box: 28, 2, 85
Box: 14, 12, 3
Box: 11, 33, 85
Box: 14, 119, 3
Box: 13, 2, 48
Box: 7, 53, 85
Box: 136, 44, 30
Box: 27, 68, 23
Box: 299, 9, 85
Box: 11, 37, 48
Box: 45, 2, 17
Box: 56, 61, 6
Box: 34, 133, 3
Box: 4, 12, 85
Box: 299, 79, 85
Box: 8, 4, 2
Box: 77, 14, 85
Box: 26, 41, 85
Box: 13, 2, 8
Box: 79, 41, 16
Box: 52, 23, 5
Box: 236, 23, 7
Box: 28, 5, 85
Box: 11, 105, 8
Box: 9, 156, 85
Box: 8, 53, 85
Box: 6, 36, 85
Box: 11, 12, 10
Box: 12, 2, 85
Box: 45, 20, 80
Box: 299, 68, 85
Box: 33, 38, 12
Box: 14, 146, 3
Box: 36, 22, 26
Box: 13, 28, 42
Box: 20, 6, 3
Box: 46, 18, 85
Box: 27, 17, 4
Box: 52, 6, 10
Box: 12, 8, 85
Box: 20, 53, 23
Box: 28, 4, 31
Box: 11, 297, 37
Box: 45, 24, 85
Box: 16, 31, 40
Box: 66, 65, 7
Box: 2, 156, 85
Box: 149, 9, 75
Box: 7, 2, 85
Box: 5, 12, 16
Box: 8, 7, 31
Box: 136, 44, 21
Box: 117, 38, 54
Box: 20, 105, 85
Box: 7, 53, 11
Box: 5, 18, 31
Box: 51, 23, 21
Box: 20, 8, 3
Box: 19, 28, 34
Box: 31, 156, 85
Box: 11, 32, 23
Box: 19, 18, 85
Box: 299, 132, 2
Box: 9, 22, 6
Box: 150, 36, 85
Box: 69, 232, 26
Box: 11, 77, 85
Box: 17, 131, 85
Box: 23, 297, 31
Box: 38, 8, 85
Box: 28, 8, 15
Box: 14, 27, 3
Box: 12, 297, 85
Box: 207, 14, 85
Box: 299, 132, 2
Box: 8, 12, 5
Box: 20, 4, 3
Box: 29, 23, 16
Box: 4, 14, 3
Box: 234, 224, 7
Box: 11, 20, 2
Box: 21, 297, 85
Box: 159, 12, 85
Box: 14, 35, 3
Box: 136, 44, 5
Box: 260, 16, 18
Box: 31, 12, 85
Box: 38, 16, 85
Box: 234, 73, 7
Box: 23, 24, 33
Box: 32, 33, 54
Box: 56, 187, 85
Box: 3, 6, 54
Box: 71, 6, 85
Box: 3, 23, 14
Box: 27, 85, 25
Box: 9, 297, 9
Box: 14, 36, 3
Box: 103, 222, 85
Box: 33, 32, 85
Box: 44, 297, 31
Box: 176, 16, 7
Box: 136, 4, 11
Box: 3, 18, 31
Box: 6, 10, 7
Box: 81, 13, 85
Box: 35, 8, 31
Box: 150, 49, 85
Box: 18, 12, 34
Box: 7, 53, 45
Box: 101, 49, 85
Box: 125, 14, 85
Box: 52, 20, 85
Box: 9, 74, 85
Box: 47, 5, 4
Box: 106, 26, 12
Box: 11, 44, 23
Box: 3, 23, 16
Box: 22, 18, 72
Box: 28, 10, 4
Box: 38, 105, 85
Box: 11, 2, 85
Box: 150, 25, 85
Box: 3, 131, 85
Box: 122, 258, 2
Box: 34, 26, 3
Box: 8, 33, 8
Box: 14, 2, 31
Box: 40, 71, 29
Box: 27, 297, 26
Box: 14, 2, 31
Box: 299, 3, 85
Box: 124, 18, 85
Box: 204, 244, 5
Box: 43, 61, 2
Box: 52, 6, 85
Box: 62, 74, 85
Box: 6, 12, 20
Box: 7, 6, 6
Box: 299, 297, 65
Box: 299, 134, 7
Box: 45, 2, 48
Box: 5, 4, 30
Box: 2, 12, 12
Box: 114, 46, 85
Box: 28, 3, 5
Box: 25, 4, 85
Box: 143, 49, 85
Box: 127, 18, 85
Box: 84, 23, 21
Box: 58, 41, 85
Box: 16, 4, 30
Box: 52, 4, 26
Box: 260, 16, 13
Box: 122, 193, 85
Box: 3, 23, 14
Box: 46, 23, 21
Box: 18, 4, 8
Box: 58, 5, 85
Box: 153, 233, 3
Box: 14, 36, 4
Box: 299, 49, 4
Box: 2, 22, 31
Box: 10, 5, 85
Box: 19, 156, 54
Box: 45, 14, 31
Box: 52, 4, 29
Box: 4, 10, 10
Box: 13, 105, 85
Box: 3, 105, 74
Box: 299, 132, 21
Box: 23, 24, 16
Box: 28, 3, 6
Box: 7, 6, 12
Box: 188, 52, 4
Box: 52, 23, 5
Box: 18, 14, 85
Box: 14, 14, 3
Box: 74, 75, 85
Box: 23, 2, 7
Box: 5, 2, 8
Box: 299, 25, 85
Box: 6, 41, 85
Box: 7, 297, 85
Box: 24, 63, 85
Box: 19, 14, 85
Box: 20, 59, 3
Box: 13, 99, 42
Box: 69, 232, 33
Box: 72, 258, 2
Box: 2, 131, 85
Box: 12, 156, 54
Box: 34, 243, 37
Box: 43, 197, 2
Box: 14, 5, 85
Box: 25, 34, 11
Box: 70, 297, 28
Box: 21, 9, 62
Box: 44, 23, 21
Box: 79, 7, 12
Box: 9, 6, 21
Box: 69, 2, 85
Box: 3, 53, 85
Box: 4, 4, 3
Box: 11, 92, 15
Box: 11, 65, 85
Box: 10, 44, 85
Box: 236, 23, 42
Box: 47, 5, 81
Box: 33, 7, 85
Box: 37, 105, 85
Box: 38, 297, 31
Box: 2, 297, 3
Box: 11, 297, 26
Box: 31, 50, 85
Box: 23, 7, 31
Box: 18, 110, 31
Box: 71, 3, 85
Box: 67, 9, 85
Box: 136, 44, 10
Box: 4, 12, 3
Box: 299, 30, 85
Box: 20, 180, 28
Box: 23, 24, 5
Box: 79, 41, 11
Box: 9, 297, 85
Box: 260, 16, 14
Box: 299, 33, 85
Box: 69, 6, 16
Box: 11, 25, 2
Box: 24, 22, 13
Box: 234, 127, 25
Box: 33, 21, 13
Box: 40, 297, 40
Box: 22, 10, 5
Box: 117, 55, 85
Box: 9, 15, 21
Box: 36, 8, 26
Box: 24, 5, 5
Box: 3, 56, 54
Box: 47, 156, 54
Box: 202, 39, 2
Box: 23, 74, 85
Box: 5, 10, 85
Box: 8, 5, 3
Box: 22, 15, 85
Box: 55, 2, 85
Box: 29, 12, 34
Box: 15, 42, 85
Box: 149, 46, 75
Box: 19, 21, 31
Box: 43, 297, 31
Box: 22, 38, 25
Box: 9, 31, 5
Box: 15, 94, 85
Box: 299, 297, 8
Box: 3, 74, 85
Box: 13, 174, 28
Box: 2, 12, 3
Box: 3, 53, 85
Box: 11, 60, 85
Box: 79, 7, 12
Box: 63, 23, 32
Box: 13, 23, 16
Box: 29, 4, 85
Box: 77, 24, 85
Box: 54, 82, 6
Box: 13, 11, 15
Box: 299, 132, 10
Box: 21, 9, 3
Box: 12, 12, 85
Box: 105, 194, 31
Box: 55, 49, 85
Box: 33, 5, 2
Box: 28, 10, 3
Box: 20, 5, 23
Box: 49, 35, 85
Box: 5, 2, 21
Box: 27, 150, 25
Box: 9, 61, 6
Box: 3, 2, 3
Box: 3, 28, 54
Box: 33, 47, 17
Box: 33, 297, 68
Box: 2, 12, 5
Box: 117, 5, 85
Box: 55, 297, 3
Box: 7, 53, 25
Box: 11, 10, 23
Box: 86, 198, 85
Box: 69, 14, 85
Box: 26, 41, 85
Box: 14, 2, 3
Box: 4, 6, 4
Box: 169, 55, 85
Box: 299, 43, 85
Box: 236, 23, 10
Box: 22, 38, 9
Box: 24, 9, 85
Box: 24, 28, 24
Box: 14, 28, 2
Box: 2, 6, 23
Box: 50, 39, 2
Box: 22, 2, 31
Box: 11, 4, 2
Box: 4, 25, 3
Box: 93, 227, 40
Box: 28, 3, 22
Box: 122, 71, 9
Box: 8, 6, 85
Box: 56, 35, 85
Box: 140, 243, 85
Box: 10, 244, 5
Box: 36, 94, 4
Box: 18, 23, 6
Box: 22, 120, 85
Box: 65, 135, 31
Box: 14, 12, 3
Box: 22, 56, 72
Box: 27, 4, 85
Box: 28, 8, 16
Box: 63, 12, 19
Box: 11, 23, 23
Box: 15, 14, 85
Box: 11, 15, 85
Box: 128, 18, 85
Box: 22, 38, 85
Box: 22, 16, 85
Box: 299, 132, 37
Box: 59, 156, 85
Box: 116, 5, 85
Box: 63, 14, 85
Box: 69, 42, 85
Box: 16, 88, 40
Box: 11, 66, 22
Box: 153, 26, 3
Box: 7, 12, 5
Box: 85, 20, 80
Box: 36, 38, 26
Box: 11, 11, 15
Box: 11, 2, 31
Box: 299, 23, 85
Box: 13, 48, 28
Box: 20, 67, 5
Box: 7, 9, 2
Box: 3, 2, 82
Box: 260, 16, 9
Box: 24, 5, 4
Box: 2, 2, 2
Box: 50, 297, 85
Box: 11, 29, 15
Box: 236, 23, 5
Box: 56, 297, 3
Box: 14, 4, 2
Box: 178, 10, 7
Box: 11, 43, 48
Box: 19, 2, 85
Box: 27, 37, 25
Box: 8, 53, 85
Box: 71, 5, 85
Box: 11, 23, 14
Box: 14, 297, 72
Box: 133, 44, 85
Box: 260, 47, 72
Box: 22, 43, 25
Box: 4, 12, 16
Box: 94, 2, 85
Box: 27, 23, 14
Box: 180, 82, 6
Box: 299, 20, 85
Box: 22, 43, 2
Box: 28, 10, 9
Box: 49, 8, 5
Box: 193, 33, 54
Box: 106, 5, 12
Box: 22, 13, 85
Box: 46, 20, 85
Box: 103, 61, 6
Box: 8, 3, 3
Box: 27, 293, 85
Box: 17, 9, 85
Box: 9, 2, 8
Box: 65, 82, 6
Box: 33, 297, 85
Box: 76, 105, 85
Box: 4, 2, 9
Box: 33, 34, 17
Box: 25, 39, 11
Box: 11, 105, 2
Box: 79, 41, 46
Box: 33, 36, 85
Box: 131, 297, 3
Box: 95, 156, 85
Box: 27, 17, 21
Box: 51, 110, 73
Box: 11, 4, 6
Box: 5, 12, 5
Box: 39, 297, 3
Box: 83, 36, 85
Box: 72, 156, 85
Box: 2, 105, 85
Box: 106, 9, 12
Box: 4, 2, 12
Box: 36, 13, 51
Box: 14, 36, 4
Box: 28, 3, 8
Box: 11, 42, 15
Box: 18, 23, 4
Box: 14, 53, 85
Box: 4, 13, 3
Box: 24, 12, 17
Box: 24, 72, 85
Box: 14, 36, 10
Box: 26, 9, 28
Box: 234, 34, 25
Box: 5, 10, 7
Box: 63, 12, 21
Box: 27, 11, 5
Box: 153, 27, 3
Box: 3, 28, 72
Box: 299, 297, 17
Box: 4, 297, 85
Box: 149, 104, 2
Box: 4, 7, 3
Box: 299, 297, 10
Box: 35, 192, 31
Box: 33, 5, 10
Box: 24, 5, 36
Box: 77, 71, 29
Box: 80, 134, 85
Box: 14, 2, 3
Box: 18, 2, 85
Box: 46, 4, 85
Box: 18, 4, 15
Box: 42, 187, 35
Box: 9, 2, 2
Box: 71, 3, 85
Box: 52, 11, 85
Box: 16, 7, 3
Box: 86, 24, 85
Box: 15, 32, 85
Box: 26, 94, 34
Box: 33, 39, 85
Box: 7, 6, 4
Box: 24, 5, 2
Box: 6, 35, 3
Box: 33, 29, 17
Box: 5, 5, 15
Box: 36, 94, 4
Box: 13, 2, 4
Box: 114, 297, 31
Box: 2, 12, 10
Box: 179, 53, 85
Box: 12, 23, 14
Box: 20, 2, 3
Box: 17, 12, 85
Box: 52, 23, 27
Box: 18, 2, 19
Box: 54, 297, 85
Box: 12, 18, 31
Box: 5, 7, 85
Box: 7, 12, 34
Box: 141, 74, 85
Box: 11, 92, 18
Box: 13, 67, 42
Box: 136, 44, 8
Box: 299, 297, 10
Box: 243, 70, 8
Box: 299, 71, 85
Box: 113, 227, 40
Box: 63, 23, 23
Box: 24, 13, 85
Box: 299, 53, 4
Box: 18, 23, 2
Box: 65, 60, 31
Box: 243, 6, 4
Box: 79, 3, 12
Box: 22, 72, 72
Box: 10, 297, 28
Box: 19, 132, 11
Box: 11, 100, 23
Box: 7, 2, 85
Box: 84, 16, 7
Box: 11, 28, 6
Box: 16, 178, 40
Box: 189, 17, 85
Box: 69, 47, 85
Box: 2, 44, 85
Box: 79, 24, 12
Box: 4, 10, 75
Box: 24, 5, 3
Box: 33, 49, 17
Box: 22, 10, 85
Box: 71, 9, 85
Box: 36, 15, 26
Box: 155, 23, 85
Box: 13, 50, 85
Box: 8, 14, 31
Box: 13, 65, 15
Box: 4, 2, 21
Box: 25, 228, 85
Box: 69, 232, 19
Box: 22, 25, 85
Box: 33, 55, 85
Box: 52, 18, 85
Box: 52, 16, 85
Box: 93, 297, 3
Box: 69, 22, 85
Box: 172, 31, 85
Box: 16, 7, 72
Box: 76, 21, 19
Box: 3, 5, 54
Box: 7, 4, 30
Box: 2, 10, 7
Box: 28, 294, 85
Box: 149, 3, 75
Box: 28, 156, 54
Box: 49, 8, 62
Box: 26, 9, 30
Box: 7, 41, 85
Box: 2, 23, 2
Box: 16, 61, 6
Box: 6, 33, 64
Box: 6, 2, 8
Box: 169, 16, 85
Box: 9, 12, 20
Box: 76, 21, 30
Box: 25, 6, 3
Box: 52, 94, 85
Box: 33, 41, 85
Box: 3, 88, 72
Box: 11, 3, 23
Box: 27, 297, 28
Box: 3, 36, 72
Box: 27, 40, 5
Box: 234, 6, 9
Box: 6, 44, 85
Box: 53, 65, 7
Box: 34, 243, 13
Box: 52, 23, 5
Box: 14, 2, 3
Box: 45, 2, 13
Box: 33, 104, 85
Box: 114, 41, 85
Box: 9, 36, 7
Box: 299, 21, 85
Box: 10, 13, 85
Box: 69, 6, 14
Box: 28, 3, 8
Box: 20, 297, 11
Box: 23, 105, 85
Box: 38, 83, 85
Box: 32, 10, 85
Box: 14, 65, 7
Box: 299, 118, 85
Box: 243, 70, 3
Box: 11, 4, 6
Box: 114, 53, 85
Box: 36, 13, 85
Box: 11, 92, 13
Box: 14, 36, 23
Box: 4, 36, 85
Box: 52, 23, 25
Box: 106, 11, 12
Box: 243, 70, 5
Box: 5, 22, 85
Box: 4, 5, 3
Box: 2, 36, 85
Box: 11, 20, 27
Box: 16, 2, 85
Box: 13, 14, 85
Box: 26, 94, 26
Box: 5, 36, 7
Box: 6, 12, 85
Box: 14, 53, 85
Box: 155, 29, 85
Box: 18, 4, 8
Box: 29, 37, 85
Box: 106, 15, 12
Box: 28, 3, 3
Box: 28, 65, 7
Box: 110, 49, 85
Box: 24, 22, 3
Box: 38, 297, 85
Box: 2, 12, 3
Box: 9, 297, 15
Box: 52, 2, 85
Box: 28, 2, 85
Box: 42, 131, 85
Box: 68, 130, 25
Box: 33, 76, 85
Box: 4, 6, 3
Box: 5, 71, 29
Box: 11, 105, 14
Box: 29, 75, 85
Box: 13, 2, 15
Box: 120, 27, 85
Box: 21, 297, 85
Box: 6, 33, 21
Box: 24, 12, 30
Box: 234, 6, 4
Box: 124, 65, 7
Box: 21, 22, 85
Box: 299, 297, 9
Box: 8, 4, 3
Box: 12, 44, 85
Box: 36, 5, 51
Box: 27, 229, 23
Box: 2, 12, 5
Box: 172, 140, 85
Box: 13, 7, 31
Box: 114, 8, 85
Box: 13, 297, 11
Box: 5, 5, 70
Box: 13, 25, 15
Box: 13, 48, 15
Box: 76, 21, 6
Box: 111, 52, 4
Box: 31, 156, 54
Box: 11, 37, 2
Box: 41, 8, 85
Box: 155, 4, 85
Box: 158, 4, 85
Box: 27, 8, 25
Box: 8, 33, 77
Box: 47, 3, 6
Box: 22, 43, 2
Box: 20, 131, 85
Box: 7, 6, 5
Box: 247, 297, 11
Box: 122, 51, 5
Box: 38, 55, 85
Box: 11, 46, 23
Box: 18, 9, 85
Box: 2, 297, 3
####################
#Expected Output: 22
#Number of Bins: 22.
