Bin: 101, 123, 47
Box: 12, 85, 16
Box: 17, 47, 3
Box: 7, 4, 8
Box: 6, 3, 14
Box: 40, 7, 47
Box: 8, 4, 47
Box: 6, 42, 4
Box: 8, 24, 10
Box: 78, 8, 47
Box: 9, 33, 3
Box: 26, 4, 3
Box: 50, 13, 47
Box: 37, 123, 4
Box: 101, 12, 11
Box: 13, 8, 8
Box: 101, 19, 10
Box: 3, 41, 47
Box: 8, 5, 5
Box: 28, 48, 21
Box: 101, 19, 3
Box: 11, 2, 3
Box: 5, 12, 16
Box: 16, 16, 47
Box: 28, 18, 47
Box: 6, 43, 6
Box: 5, 50, 47
Box: 101, 3, 47
Box: 8, 39, 11
Box: 8, 4, 47
Box: 33, 35, 6
Box: 7, 16, 47
Box: 7, 2, 4
Box: 12, 4, 2
Box: 58, 54, 7
Box: 33, 11, 11
Box: 2, 90, 7
Box: 101, 2, 9
Box: 5, 34, 47
Box: 11, 20, 26
Box: 37, 12, 47
Box: 32, 52, 6
Box: 15, 5, 47
Box: 16, 123, 2
Box: 35, 12, 18
Box: 6, 3, 20
Box: 7, 2, 8
Box: 101, 5, 3
Box: 10, 12, 13
Box: 4, 123, 6
Box: 101, 22, 13
Box: 6, 7, 33
Box: 13, 123, 11
Box: 101, 25, 25
Box: 21, 43, 27
Box: 13, 53, 47
Box: 2, 19, 4
Box: 7, 2, 3
Box: 2, 21, 47
Box: 10, 6, 4
Box: 25, 37, 47
Box: 9, 15, 16
Box: 6, 10, 47
Box: 12, 4, 3
Box: 30, 3, 47
Box: 11, 11, 47
Box: 16, 5, 3
Box: 9, 11, 16
Box: 13, 5, 14
Box: 10, 43, 47
Box: 6, 96, 47
Box: 17, 50, 47
Box: 6, 16, 47
Box: 101, 3, 5
Box: 19, 16, 3
Box: 5, 7, 31
Box: 3, 13, 12
Box: 53, 25, 47
Box: 10, 6, 9
Box: 2, 37, 2
Box: 20, 2, 47
Box: 3, 16, 11
Box: 2, 3, 47
Box: 9, 66, 25
Box: 7, 7, 2
Box: 42, 10, 25
Box: 12, 10, 8
Box: 7, 13, 13
Box: 14, 18, 13
Box: 3, 10, 21
Box: 13, 15, 29
Box: 54, 30, 2
Box: 31, 17, 47
Box: 3, 123, 47
Box: 28, 11, 2
Box: 5, 3, 30
Box: 40, 17, 17
Box: 101, 12, 20
Box: 101, 5, 6
Box: 75, 4, 14
Box: 34, 8, 47
Box: 13, 2, 14
Box: 72, 2, 47
Box: 101, 22, 18
Box: 6, 42, 47
Box: 16, 62, 14
Box: 9, 123, 3
Box: 11, 3, 5
Box: 8, 27, 21
Box: 2, 39, 47
Box: 15, 29, 3
Box: 10, 8, 33
Box: 8, 17, 9
Box: 11, 19, 47
Box: 4, 51, 7
Box: 6, 123, 47
Box: 14, 123, 47
Box: 2, 123, 5
Box: 25, 26, 47
Box: 5, 39, 9
Box: 60, 15, 47
Box: 53, 7, 47
Box: 10, 30, 8
Box: 10, 4, 4
Box: 4, 123, 4
Box: 2, 31, 19
Box: 4, 3, 8
Box: 7, 12, 13
Box: 33, 123, 19
Box: 7, 19, 7
Box: 10, 123, 47
Box: 7, 6, 3
Box: 4, 24, 47
Box: 35, 3, 47
Box: 15, 10, 3
Box: 4, 6, 4
Box: 37, 14, 47
Box: 2, 9, 7
Box: 101, 9, 5
Box: 14, 7, 13
Box: 10, 10, 47
Box: 2, 7, 47
Box: 47, 6, 6
Box: 11, 5, 10
Box: 17, 36, 12
Box: 22, 12, 3
Box: 2, 20, 7
Box: 7, 2, 2
Box: 8, 14, 17
Box: 21, 14, 4
Box: 11, 13, 47
Box: 3, 24, 10
Box: 77, 20, 13
Box: 7, 5, 30
Box: 101, 12, 47
Box: 101, 19, 14
Box: 4, 39, 47
Box: 39, 5, 47
Box: 10, 3, 47
Box: 49, 13, 47
Box: 16, 8, 12
Box: 9, 12, 47
Box: 41, 2, 3
Box: 59, 2, 47
Box: 9, 5, 10
Box: 5, 15, 16
Box: 9, 46, 47
Box: 9, 17, 9
Box: 23, 53, 9
Box: 11, 19, 2
Box: 28, 18, 47
Box: 101, 18, 47
Box: 28, 16, 47
Box: 5, 12, 8
Box: 97, 3, 47
Box: 17, 4, 47
Box: 5, 3, 3
Box: 101, 44, 47
Box: 2, 14, 14
Box: 6, 8, 8
Box: 60, 21, 8
Box: 4, 4, 2
Box: 3, 5, 2
Box: 12, 26, 47
Box: 23, 53, 18
Box: 5, 9, 47
Box: 52, 9, 32
Box: 4, 3, 47
Box: 16, 58, 47
Box: 4, 45, 21
Box: 34, 35, 47
Box: 34, 2, 47
Box: 43, 36, 47
Box: 14, 7, 47
Box: 10, 11, 9
Box: 8, 44, 9
Box: 24, 55, 47
Box: 10, 8, 47
Box: 10, 4, 5
Box: 2, 23, 47
Box: 25, 14, 7
Box: 22, 9, 8
Box: 19, 123, 7
Box: 72, 12, 47
Box: 18, 69, 47
Box: 2, 10, 5
Box: 9, 64, 4
Box: 11, 9, 47
Box: 4, 43, 47
Box: 3, 34, 47
Box: 44, 42, 12
Box: 28, 8, 2
Box: 12, 123, 10
Box: 94, 11, 47
Box: 27, 10, 47
Box: 2, 29, 47
Box: 5, 3, 3
Box: 47, 6, 47
Box: 14, 123, 21
Box: 7, 4, 8
Box: 101, 32, 9
Box: 2, 3, 8
Box: 35, 3, 14
Box: 6, 86, 47
Box: 101, 6, 14
Box: 101, 3, 40
Box: 2, 12, 5
Box: 101, 9, 47
Box: 7, 7, 7
Box: 6, 46, 14
Box: 12, 2, 12
Box: 5, 68, 47
Box: 3, 55, 3
Box: 11, 55, 47
Box: 6, 15, 34
Box: 9, 39, 15
Box: 4, 2, 13
Box: 8, 53, 9
Box: 4, 38, 10
Box: 101, 26, 3
Box: 24, 6, 47
Box: 11, 11, 11
Box: 27, 123, 6
Box: 8, 6, 7
Box: 19, 7, 12
Box: 42, 16, 47
Box: 3, 16, 47
Box: 18, 7, 4
Box: 12, 123, 6
Box: 15, 13, 12
Box: 31, 4, 11
Box: 3, 3, 2
Box: 3, 5, 12
Box: 52, 14, 11
Box: 95, 17, 15
Box: 11, 29, 5
Box: 27, 32, 13
Box: 16, 2, 11
Box: 22, 22, 47
Box: 5, 24, 6
Box: 17, 18, 5
Box: 14, 9, 2
Box: 5, 2, 47
Box: 64, 7, 12
Box: 31, 11, 5
Box: 101, 30, 12
Box: 43, 7, 47
Box: 45, 19, 47
Box: 15, 3, 47
Box: 75, 15, 15
Box: 6, 33, 47
Box: 41, 55, 4
Box: 25, 123, 2
Box: 6, 7, 47
Box: 6, 123, 47
Box: 3, 30, 6
Box: 10, 11, 12
Box: 3, 123, 47
Box: 18, 26, 2
Box: 27, 33, 5
Box: 10, 17, 2
Box: 11, 14, 5
Box: 10, 123, 41
Box: 21, 5, 22
Box: 15, 42, 12
Box: 2, 3, 27
Box: 2, 14, 47
Box: 6, 6, 47
Box: 10, 4, 37
Box: 4, 19, 12
Box: 3, 2, 5
Box: 11, 123, 47
Box: 2, 10, 6
Box: 26, 5, 47
Box: 35, 9, 47
Box: 14, 15, 17
Box: 11, 13, 5
Box: 3, 10, 47
Box: 75, 45, 4
Box: 5, 33, 47
Box: 17, 31, 3
Box: 6, 6, 13
Box: 10, 13, 2
Box: 101, 18, 6
Box: 101, 2, 9
Box: 10, 5, 13
Box: 5, 5, 47
Box: 11, 74, 47
Box: 3, 24, 6
Box: 77, 5, 47
Box: 17, 2, 7
Box: 77, 23, 16
Box: 15, 12, 13
Box: 2, 9, 17
Box: 97, 2, 47
Box: 62, 53, 47
Box: 14, 4, 13
Box: 101, 2, 3
Box: 8, 11, 21
Box: 9, 5, 32
Box: 30, 6, 23
Box: 13, 10, 9
Box: 3, 16, 38
Box: 40, 17, 3
Box: 11, 2, 11
Box: 5, 6, 5
Box: 28, 123, 47
Box: 34, 123, 15
Box: 2, 2, 6
Box: 9, 49, 3
Box: 35, 123, 3
Box: 15, 42, 12
Box: 10, 123, 47
Box: 2, 123, 47
Box: 4, 12, 16
Box: 5, 45, 7
Box: 23, 73, 47
Box: 18, 7, 4
Box: 23, 10, 2
Box: 25, 123, 3
Box: 29, 123, 7
Box: 21, 14, 47
Box: 18, 8, 4
Box: 10, 2, 2
Box: 5, 15, 4
Box: 22, 26, 4
Box: 44, 11, 12
Box: 2, 47, 9
Box: 11, 8, 11
Box: 38, 15, 36
Box: 29, 8, 3
Box: 52, 11, 16
Box: 85, 39, 29
Box: 21, 14, 2
Box: 36, 15, 3
Box: 16, 7, 47
Box: 40, 15, 47
Box: 17, 26, 7
Box: 101, 18, 3
Box: 6, 8, 18
Box: 3, 54, 47
Box: 41, 25, 3
Box: 6, 16, 47
Box: 35, 17, 16
Box: 101, 28, 47
Box: 9, 3, 47
Box: 15, 6, 13
Box: 4, 64, 21
Box: 32, 24, 15
Box: 50, 7, 47
Box: 4, 3, 7
Box: 21, 15, 7
Box: 12, 14, 33
Box: 27, 4, 3
Box: 5, 123, 47
Box: 3, 6, 47
Box: 16, 2, 16
Box: 17, 10, 47
Box: 8, 2, 4
Box: 31, 18, 15
Box: 101, 6, 47
Box: 4, 12, 47
Box: 6, 123, 47
Box: 42, 4, 32
Box: 42, 20, 47
Box: 35, 4, 12
Box: 101, 6, 47
Box: 10, 4, 21
Box: 11, 2, 5
Box: 3, 5, 47
Box: 3, 5, 47
Box: 25, 27, 47
Box: 10, 30, 5
Box: 12, 19, 47
Box: 12, 7, 47
Box: 7, 22, 3
Box: 70, 21, 47
Box: 13, 8, 21
Box: 10, 4, 26
Box: 11, 12, 5
Box: 11, 12, 8
Box: 4, 2, 28
Box: 23, 3, 34
Box: 4, 6, 13
Box: 8, 54, 47
Box: 6, 34, 47
Box: 31, 6, 47
Box: 2, 2, 9
Box: 5, 123, 47
Box: 10, 2, 47
Box: 2, 40, 47
Box: 7, 5, 9
Box: 3, 33, 4
Box: 3, 3, 3
Box: 46, 11, 47
Box: 6, 3, 10
Box: 8, 9, 32
Box: 7, 123, 47
Box: 7, 29, 3
Box: 6, 2, 4
Box: 34, 46, 16
Box: 14, 9, 47
Box: 7, 55, 5
Box: 101, 41, 2
Box: 26, 12, 47
Box: 21, 32, 21
Box: 15, 6, 47
Box: 7, 18, 19
Box: 3, 10, 10
Box: 5, 47, 3
Box: 4, 3, 4
Box: 5, 22, 47
Box: 3, 24, 47
Box: 20, 3, 20
Box: 23, 9, 4
Box: 4, 6, 8
Box: 92, 12, 11
Box: 27, 19, 10
Box: 2, 3, 47
Box: 3, 55, 11
Box: 11, 13, 6
Box: 11, 36, 47
Box: 11, 36, 6
Box: 10, 2, 47
Box: 4, 16, 5
Box: 3, 21, 3
Box: 33, 27, 47
Box: 4, 29, 47
Box: 99, 12, 26
Box: 4, 2, 12
Box: 27, 10, 3
Box: 7, 3, 47
Box: 21, 5, 2
Box: 28, 15, 47
Box: 47, 66, 25
Box: 101, 69, 18
Box: 101, 43, 47
Box: 14, 123, 47
Box: 31, 15, 5
Box: 101, 54, 10
Box: 20, 2, 13
Box: 19, 8, 47
Box: 12, 36, 12
Box: 46, 3, 47
Box: 12, 9, 47
Box: 20, 42, 5
Box: 30, 10, 23
Box: 6, 2, 47
Box: 10, 123, 16
Box: 11, 36, 18
Box: 101, 2, 47
Box: 16, 78, 7
Box: 5, 82, 26
Box: 4, 7, 3
Box: 6, 2, 4
Box: 7, 123, 47
Box: 9, 29, 47
Box: 31, 13, 2
Box: 14, 15, 5
Box: 15, 19, 4
Box: 101, 13, 5
Box: 30, 8, 3
Box: 6, 3, 11
Box: 20, 16, 47
Box: 12, 5, 47
Box: 12, 5, 47
Box: 101, 2, 3
Box: 41, 24, 47
Box: 7, 19, 9
Box: 11, 123, 47
Box: 101, 19, 44
Box: 19, 33, 7
Box: 5, 123, 2
Box: 101, 78, 23
Box: 101, 63, 4
Box: 7, 5, 47
Box: 36, 8, 47
Box: 5, 48, 47
Box: 5, 7, 7
Box: 3, 41, 47
Box: 17, 69, 43
Box: 20, 17, 2
Box: 8, 39, 3
Box: 9, 17, 2
Box: 7, 22, 12
Box: 4, 26, 47
Box: 14, 25, 4
Box: 9, 3, 3
Box: 9, 39, 8
Box: 101, 123, 8
Box: 56, 123, 47
Box: 17, 11, 14
Box: 11, 16, 47
Box: 30, 24, 14
Box: 13, 53, 2
Box: 15, 17, 47
Box: 5, 14, 6
Box: 21, 32, 26
Box: 19, 8, 3
Box: 12, 4, 12
Box: 34, 17, 8
Box: 30, 5, 47
Box: 3, 36, 7
Box: 16, 4, 26
Box: 3, 3, 47
Box: 97, 2, 9
Box: 6, 12, 12
Box: 12, 16, 47
Box: 14, 4, 5
Box: 42, 11, 47
Box: 101, 16, 47
Box: 11, 34, 2
Box: 11, 19, 8
Box: 13, 55, 47
Box: 4, 17, 13
Box: 17, 38, 15
Box: 48, 35, 47
Box: 10, 9, 47
Box: 3, 14, 33
Box: 7, 5, 4
Box: 10, 28, 21
Box: 101, 5, 47
Box: 47, 11, 47
Box: 23, 53, 11
Box: 23, 14, 11
Box: 5, 3, 47
Box: 47, 4, 14
Box: 2, 49, 3
Box: 101, 36, 3
Box: 21, 17, 47
Box: 8, 14, 30
Box: 23, 6, 47
Box: 4, 28, 8
Box: 2, 29, 47
Box: 2, 59, 17
Box: 69, 10, 7
Box: 101, 5, 47
Box: 2, 18, 47
Box: 70, 2, 11
Box: 6, 123, 34
Box: 18, 21, 47
Box: 27, 33, 20
Box: 24, 123, 40
Box: 14, 123, 16
Box: 23, 7, 6
Box: 6, 11, 18
Box: 5, 43, 47
Box: 21, 12, 47
Box: 15, 23, 4
Box: 19, 11, 47
Box: 4, 43, 47
Box: 14, 123, 47
Box: 2, 22, 13
Box: 17, 9, 47
Box: 11, 4, 2
Box: 101, 7, 26
Box: 22, 13, 2
Box: 37, 7, 47
Box: 10, 19, 3
Box: 42, 10, 4
Box: 3, 32, 47
Box: 11, 18, 10
Box: 21, 23, 47
Box: 68, 21, 4
Box: 101, 5, 47
Box: 101, 6, 47
Box: 8, 10, 31
Box: 4, 3, 3
Box: 10, 19, 5
Box: 14, 39, 3
Box: 2, 12, 3
Box: 8, 5, 12
Box: 6, 27, 47
Box: 2, 81, 18
Box: 2, 12, 47
Box: 101, 70, 36
Box: 4, 123, 3
Box: 37, 16, 47
Box: 12, 3, 47
Box: 27, 7, 12
Box: 5, 7, 7
Box: 20, 3, 13
Box: 3, 5, 3
Box: 23, 53, 3
Box: 7, 27, 47
Box: 21, 14, 10
Box: 4, 8, 15
Box: 101, 15, 47
Box: 6, 15, 13
Box: 23, 36, 47
Box: 4, 43, 47
Box: 3, 10, 3
Box: 33, 11, 6
Box: 58, 39, 22
Box: 23, 4, 12
Box: 3, 8, 4
Box: 30, 2, 19
Box: 8, 9, 47
Box: 5, 14, 10
Box: 101, 17, 47
Box: 2, 2, 47
Box: 12, 11, 18
Box: 4, 4, 7
Box: 12, 4, 16
Box: 28, 7, 15
Box: 46, 8, 47
Box: 3, 22, 47
Box: 18, 8, 2
Box: 26, 10, 32
Box: 5, 14, 47
Box: 30, 2, 9
Box: 20, 96, 47
Box: 12, 4, 2
Box: 27, 49, 12
Box: 13, 8, 15
Box: 69, 47, 12
Box: 7, 9, 47
Box: 17, 42, 47
Box: 2, 66, 47
Box: 38, 3, 47
Box: 36, 8, 30
Box: 29, 12, 47
Box: 16, 24, 8
Box: 8, 6, 18
Box: 7, 15, 47
Box: 11, 49, 13
Box: 3, 9, 47
Box: 4, 10, 47
Box: 6, 12, 19
Box: 8, 41, 16
Box: 10, 31, 38
Box: 12, 18, 4
Box: 5, 4, 7
Box: 5, 39, 4
Box: 6, 16, 2
Box: 73, 74, 13
Box: 30, 17, 12
Box: 52, 8, 44
Box: 7, 6, 24
Box: 30, 4, 23
Box: 37, 123, 7
Box: 12, 22, 47
Box: 4, 77, 9
Box: 33, 9, 2
Box: 17, 19, 5
Box: 16, 123, 47
Box: 4, 15, 3
Box: 101, 13, 47
Box: 2, 3, 8
Box: 4, 7, 47
Box: 35, 21, 47
Box: 25, 123, 47
Box: 4, 24, 5
Box: 45, 18, 8
Box: 2, 3, 8
Box: 5, 50, 18
Box: 3, 7, 11
Box: 3, 11, 2
Box: 15, 8, 19
Box: 68, 7, 12
Box: 8, 7, 2
Box: 3, 16, 47
Box: 69, 47, 14
Box: 48, 54, 47
Box: 101, 8, 5
Box: 8, 72, 19
Box: 4, 64, 8
Box: 13, 14, 47
Box: 2, 7, 2
Box: 68, 6, 47
Box: 101, 6, 7
Box: 21, 5, 8
Box: 6, 59, 2
Box: 13, 6, 4
Box: 18, 6, 26
Box: 16, 3, 47
Box: 28, 2, 2
Box: 2, 5, 47
Box: 15, 45, 47
Box: 24, 33, 47
Box: 101, 10, 47
Box: 15, 8, 5
Box: 12, 10, 8
Box: 15, 55, 47
Box: 45, 84, 47
Box: 101, 24, 11
Box: 22, 4, 19
Box: 23, 4, 10
Box: 33, 32, 16
Box: 23, 23, 5
Box: 6, 3, 7
Box: 101, 30, 5
Box: 40, 4, 14
Box: 49, 42, 10
Box: 101, 19, 2
Box: 101, 89, 47
Box: 18, 8, 7
Box: 101, 9, 47
Box: 20, 49, 47
Box: 3, 19, 2
Box: 5, 9, 32
Box: 12, 4, 2
Box: 32, 6, 19
Box: 16, 8, 23
Box: 17, 11, 19
Box: 13, 53, 6
Box: 26, 41, 47
Box: 26, 34, 17
Box: 33, 96, 4
Box: 53, 17, 47
Box: 34, 33, 9
Box: 101, 5, 10
Box: 8, 15, 4
Box: 4, 5, 3
Box: 101, 34, 6
Box: 17, 26, 3
Box: 18, 96, 47
Box: 2, 46, 47
Box: 6, 46, 11
Box: 12, 6, 12
Box: 15, 6, 4
Box: 8, 15, 7
Box: 6, 3, 47
Box: 50, 18, 47
Box: 101, 24, 4
Box: 10, 34, 40
Box: 18, 4, 47
Box: 13, 4, 6
Box: 18, 2, 47
Box: 17, 2, 11
Box: 2, 22, 47
Box: 5, 5, 47
Box: 16, 24, 47
Box: 29, 17, 47
Box: 25, 66, 47
Box: 22, 3, 10
Box: 45, 3, 47
Box: 7, 6, 7
Box: 7, 22, 7
Box: 8, 18, 29
Box: 10, 12, 47
Box: 12, 4, 24
Box: 10, 9, 4
Box: 59, 59, 4
Box: 11, 14, 22
Box: 101, 42, 32
Box: 2, 49, 19
Box: 2, 16, 47
Box: 60, 43, 47
Box: 17, 16, 19
Box: 8, 5, 14
Box: 14, 20, 13
Box: 2, 81, 9
Box: 101, 69, 47
Box: 4, 10, 8
Box: 8, 123, 3
Box: 2, 20, 22
Box: 7, 2, 7
Box: 8, 33, 31
Box: 17, 18, 47
Box: 15, 2, 37
Box: 3, 36, 47
Box: 11, 54, 47
Box: 101, 38, 2
Box: 6, 13, 14
Box: 5, 13, 18
Box: 14, 15, 15
Box: 31, 4, 47
Box: 3, 5, 7
Box: 6, 123, 47
Box: 2, 17, 2
Box: 27, 2, 24
Box: 101, 5, 47
Box: 11, 11, 47
Box: 5, 82, 2
Box: 38, 69, 5
Box: 19, 21, 47
Box: 45, 21, 18
Box: 17, 36, 3
Box: 14, 9, 3
Box: 5, 29, 3
Box: 17, 4, 3
Box: 22, 18, 29
Box: 3, 16, 5
Box: 6, 24, 47
Box: 19, 9, 7
Box: 17, 2, 2
Box: 18, 3, 4
Box: 16, 39, 47
Box: 8, 27, 28
Box: 2, 8, 4
Box: 101, 26, 34
Box: 4, 12, 47
Box: 33, 19, 4
Box: 11, 39, 47
Box: 44, 18, 4
Box: 33, 123, 5
Box: 7, 7, 12
Box: 69, 41, 47
Box: 23, 7, 13
Box: 5, 15, 5
Box: 14, 80, 47
Box: 2, 7, 9
Box: 47, 10, 10
Box: 5, 10, 7
Box: 12, 12, 8
Box: 5, 8, 47
Box: 3, 70, 47
Box: 101, 11, 7
Box: 30, 24, 20
Box: 3, 33, 12
Box: 97, 2, 2
Box: 7, 2, 12
Box: 5, 39, 31
Box: 5, 2, 29
Box: 25, 91, 47
Box: 19, 69, 47
Box: 33, 2, 11
Box: 44, 11, 10
Box: 3, 24, 2
Box: 58, 39, 2
Box: 65, 89, 3
Box: 2, 3, 7
Box: 5, 19, 20
Box: 16, 7, 47
Box: 5, 6, 8
Box: 6, 17, 16
Box: 10, 38, 47
Box: 23, 15, 13
Box: 50, 67, 47
Box: 3, 4, 6
Box: 30, 8, 12
Box: 38, 27, 5
Box: 8, 10, 22
Box: 65, 10, 47
Box: 29, 50, 47
Box: 2, 24, 47
Box: 39, 8, 3
Box: 7, 10, 3
Box: 101, 31, 17
Box: 7, 7, 47
Box: 12, 88, 47
Box: 9, 25, 47
Box: 31, 17, 12
Box: 46, 55, 47
Box: 2, 4, 47
Box: 2, 12, 2
Box: 79, 123, 7
Box: 2, 4, 47
Box: 33, 11, 42
Box: 8, 7, 16
Box: 4, 64, 7
Box: 4, 56, 27
Box: 18, 8, 19
Box: 47, 10, 4
Box: 45, 9, 17
Box: 101, 13, 20
Box: 6, 27, 47
Box: 3, 2, 47
Box: 40, 30, 2
Box: 17, 123, 13
Box: 6, 123, 47
Box: 14, 88, 47
Box: 9, 7, 47
Box: 36, 2, 3
Box: 2, 21, 47
Box: 6, 33, 3
Box: 11, 46, 47
Box: 3, 6, 7
Box: 6, 8, 8
Box: 17, 14, 3
Box: 11, 72, 47
Box: 12, 24, 47
Box: 19, 2, 47
Box: 4, 5, 20
Box: 43, 15, 2
Box: 101, 14, 47
Box: 19, 123, 47
Box: 58, 4, 47
Box: 75, 45, 2
Box: 23, 123, 47
Box: 4, 19, 4
Box: 37, 19, 34
Box: 15, 4, 11
Box: 31, 15, 47
Box: 16, 93, 47
Box: 101, 22, 20
Box: 6, 38, 5
Box: 45, 9, 20
Box: 6, 20, 47
Box: 17, 123, 2
Box: 3, 56, 47
Box: 13, 123, 3
Box: 33, 16, 6
Box: 7, 17, 12
Box: 3, 10, 47
Box: 2, 4, 2
Box: 18, 2, 47
Box: 3, 8, 2
Box: 101, 15, 47
Box: 21, 12, 47
Box: 4, 42, 26
Box: 9, 15, 3
Box: 35, 12, 12
Box: 14, 6, 4
Box: 5, 5, 6
Box: 42, 6, 32
Box: 2, 34, 7
Box: 7, 16, 47
Box: 8, 5, 47
Box: 24, 23, 16
Box: 17, 9, 47
Box: 84, 123, 47
Box: 6, 12, 6
Box: 33, 17, 12
Box: 101, 37, 5
Box: 5, 7, 47
Box: 11, 5, 10
Box: 2, 12, 47
Box: 9, 3, 47
Box: 17, 12, 47
Box: 13, 39, 3
Box: 21, 123, 47
Box: 20, 4, 24
Box: 101, 42, 3
Box: 14, 123, 47
Box: 2, 6, 2
Box: 14, 11, 5
Box: 18, 8, 15
Box: 29, 123, 4
Box: 22, 31, 19
Box: 75, 84, 47
Box: 4, 20, 7
Box: 2, 12, 9
Box: 2, 12, 47
Box: 6, 43, 47
Box: 3, 16, 10
Box: 2, 5, 3
Box: 5, 6, 13
Box: 5, 7, 2
Box: 10, 2, 40
Box: 101, 2, 8
Box: 3, 18, 47
Box: 33, 18, 13
Box: 3, 4, 12
Box: 26, 3, 47
Box: 24, 123, 47
Box: 18, 74, 26
Box: 3, 2, 12
Box: 8, 26, 4
Box: 17, 36, 15
Box: 101, 30, 25
Box: 101, 7, 47
Box: 28, 12, 47
Box: 2, 54, 6
Box: 19, 7, 4
Box: 7, 6, 2
Box: 32, 49, 47
Box: 4, 19, 8
Box: 23, 123, 7
Box: 60, 123, 22
Box: 7, 5, 4
Box: 2, 12, 47
Box: 12, 3, 47
Box: 21, 33, 47
Box: 17, 24, 7
Box: 8, 5, 5
Box: 101, 12, 33
Box: 4, 2, 3
Box: 21, 14, 7
Box: 101, 123, 20
Box: 7, 2, 2
Box: 5, 50, 5
Box: 6, 3, 47
Box: 6, 3, 36
Box: 2, 19, 18
Box: 101, 5, 47
Box: 3, 6, 47
Box: 37, 123, 15
Box: 4, 7, 19
Box: 33, 5, 13
Box: 5, 8, 6
Box: 8, 7, 23
Box: 24, 123, 47
Box: 10, 8, 47
Box: 2, 15, 47
Box: 10, 123, 47
Box: 2, 31, 35
Box: 101, 13, 14
Box: 2, 20, 47
Box: 18, 56, 47
Box: 34, 6, 47
Box: 24, 5, 47
Box: 6, 3, 3
Box: 101, 6, 47
Box: 21, 5, 47
Box: 12, 5, 47
Box: 4, 9, 47
Box: 26, 4, 2
Box: 3, 4, 47
Box: 20, 42, 47
Box: 3, 14, 12
Box: 3, 5, 4
Box: 28, 23, 47
Box: 101, 34, 2
Box: 32, 5, 5
Box: 4, 123, 3
Box: 7, 3, 3
Box: 12, 13, 47
Box: 2, 34, 47
Box: 9, 5, 19
Box: 8, 13, 31
Box: 4, 123, 11
Box: 5, 17, 16
Box: 4, 15, 26
Box: 5, 103, 13
Box: 31, 67, 42
Box: 29, 32, 2
Box: 2, 11, 8
Box: 57, 42, 12
Box: 26, 3, 47
Box: 11, 5, 3
Box: 31, 13, 47
Box: 7, 2, 18
Box: 37, 19, 13
Box: 69, 2, 47
Box: 101, 11, 7
Box: 10, 115, 47
Box: 14, 12, 47
Box: 3, 16, 5
Box: 8, 5, 5
Box: 34, 4, 8
Box: 3, 3, 47
Box: 37, 23, 15
Box: 6, 59, 2
Box: 3, 20, 47
Box: 31, 8, 11
Box: 2, 73, 2
Box: 3, 11, 47
Box: 6, 78, 47
Box: 23, 3, 7
Box: 33, 13, 42
Box: 11, 18, 14
Box: 3, 12, 47
Box: 20, 31, 47
Box: 101, 25, 12
Box: 3, 7, 32
Box: 7, 59, 2
Box: 6, 2, 21
Box: 3, 21, 32
Box: 2, 21, 12
Box: 40, 3, 47
Box: 5, 28, 47
Box: 16, 48, 12
Box: 37, 123, 40
Box: 11, 34, 10
Box: 28, 78, 14
Box: 7, 3, 8
Box: 43, 119, 47
Box: 8, 2, 8
Box: 101, 25, 26
Box: 18, 6, 2
Box: 15, 6, 19
Box: 66, 21, 11
Box: 17, 22, 47
Box: 14, 21, 2
Box: 35, 9, 47
Box: 27, 6, 16
Box: 4, 7, 3
Box: 10, 6, 2
Box: 31, 34, 2
Box: 14, 33, 20
Box: 35, 2, 47
Box: 3, 55, 4
Box: 46, 14, 4
Box: 12, 3, 47
Box: 3, 55, 6
Box: 13, 123, 36
Box: 101, 5, 47
Box: 47, 4, 14
Box: 4, 24, 26
Box: 101, 17, 2
Box: 101, 5, 4
Box: 17, 23, 7
Box: 17, 2, 25
Box: 88, 28, 47
Box: 28, 14, 2
Box: 7, 4, 2
Box: 31, 69, 47
Box: 33, 13, 42
Box: 45, 5, 47
Box: 7, 16, 47
Box: 8, 13, 16
Box: 9, 5, 2
Box: 7, 36, 47
Box: 40, 17, 2
Box: 10, 123, 6
Box: 36, 16, 47
Box: 12, 10, 6
Box: 50, 15, 47
Box: 23, 65, 2
Box: 5, 8, 3
Box: 101, 9, 47
Box: 6, 3, 8
Box: 6, 24, 19
Box: 6, 6, 47
Box: 6, 14, 47
Box: 4, 2, 5
Box: 3, 16, 47
Box: 5, 6, 11
Box: 7, 39, 5
Box: 33, 96, 2
Box: 24, 36, 47
Box: 43, 4, 47
Box: 12, 2, 3
Box: 17, 3, 47
Box: 11, 4, 47
Box: 14, 47, 47
Box: 3, 12, 5
Box: 88, 38, 47
Box: 42, 2, 32
Box: 75, 2, 4
Box: 26, 4, 4
Box: 3, 123, 47
Box: 8, 6, 31
Box: 101, 6, 47
Box: 12, 5, 4
Box: 44, 11, 4
Box: 29, 4, 29
Box: 17, 15, 2
Box: 101, 7, 47
Box: 20, 78, 7
Box: 35, 3, 20
Box: 6, 123, 2
Box: 2, 10, 3
Box: 3, 36, 20
Box: 101, 14, 47
Box: 4, 4, 14
Box: 101, 18, 2
Box: 6, 75, 47
Box: 12, 18, 12
Box: 12, 19, 47
Box: 11, 2, 8
Box: 14, 35, 28
Box: 18, 5, 47
Box: 4, 5, 9
Box: 39, 14, 47
Box: 12, 21, 7
Box: 94, 4, 23
Box: 12, 24, 8
Box: 12, 3, 17
Box: 11, 23, 11
Box: 3, 33, 47
Box: 11, 5, 7
Box: 2, 78, 7
Box: 6, 73, 17
Box: 21, 54, 3
Box: 42, 19, 47
Box: 31, 18, 47
Box: 30, 123, 47
Box: 3, 29, 47
Box: 2, 86, 47
Box: 10, 31, 4
Box: 15, 24, 47
Box: 2, 12, 5
Box: 3, 43, 47
Box: 6, 42, 2
Box: 4, 6, 10
Box: 32, 4, 24
Box: 2, 2, 4
Box: 101, 123, 5
Box: 4, 56, 17
Box: 15, 9, 3
Box: 8, 31, 16
Box: 12, 7, 47
Box: 18, 38, 47
Box: 5, 9, 47
Box: 17, 13, 12
Box: 6, 47, 47
Box: 60, 23, 8
Box: 23, 4, 41
Box: 2, 12, 47
Box: 27, 8, 33
Box: 101, 15, 25
Box: 8, 61, 21
Box: 12, 6, 19
Box: 2, 2, 8
Box: 24, 3, 47
Box: 101, 20, 47
Box: 2, 45, 3
Box: 10, 20, 47
Box: 30, 2, 47
Box: 101, 7, 47
Box: 14, 2, 8
Box: 35, 16, 47
Box: 18, 5, 47
Box: 37, 123, 3
Box: 10, 14, 6
Box: 101, 12, 2
Box: 31, 23, 47
Box: 7, 62, 5
Box: 12, 11, 8
Box: 6, 8, 16
Box: 17, 7, 47
Box: 18, 21, 47
Box: 20, 38, 47
Box: 4, 7, 47
Box: 20, 5, 21
Box: 43, 17, 47
Box: 3, 4, 47
Box: 58, 123, 47
Box: 7, 22, 2
Box: 40, 17, 4
Box: 15, 3, 4
Box: 2, 28, 22
Box: 101, 23, 47
Box: 26, 73, 47
Box: 41, 15, 2
Box: 3, 11, 4
Box: 101, 3, 6
Box: 11, 5, 16
Box: 101, 2, 47
Box: 13, 10, 12
Box: 12, 12, 47
Box: 23, 5, 33
Box: 18, 7, 10
Box: 9, 15, 3
Box: 4, 78, 7
Box: 5, 6, 36
Box: 29, 14, 30
Box: 2, 5, 9
Box: 6, 6, 12
Box: 3, 10, 4
Box: 15, 20, 47
Box: 9, 6, 10
Box: 101, 25, 2
Box: 2, 3, 6
Box: 11, 2, 18
Box: 6, 10, 5
Box: 16, 17, 47
Box: 30, 17, 13
Box: 6, 17, 15
Box: 21, 13, 22
Box: 47, 12, 47
Box: 10, 19, 3
Box: 23, 21, 2
Box: 3, 32, 2
Box: 3, 16, 47
Box: 3, 36, 47
Box: 25, 6, 12
Box: 101, 11, 47
Box: 18, 18, 47
Box: 4, 43, 47
Box: 8, 6, 8
Box: 5, 41, 47
Box: 6, 10, 19
Box: 12, 85, 20
Box: 16, 16, 47
Box: 23, 71, 5
Box: 101, 19, 13
Box: 16, 8, 3
Box: 30, 69, 47
Box: 14, 24, 7
Box: 60, 123, 6
Box: 11, 123, 47
Box: 31, 123, 47
Box: 6, 21, 47
Box: 5, 12, 47
Box: 10, 34, 47
Box: 19, 16, 6
Box: 2, 3, 47
Box: 37, 12, 47
Box: 13, 15, 6
Box: 5, 6, 12
Box: 18, 2, 47
Box: 6, 2, 47
Box: 2, 23, 47
Box: 10, 7, 12
Box: 4, 25, 47
Box: 12, 31, 47
Box: 38, 19, 29
Box: 94, 5, 3
Box: 7, 2, 5
Box: 16, 4, 21
Box: 2, 3, 9
Box: 3, 29, 19
Box: 2, 2, 5
Box: 26, 19, 47
Box: 21, 23, 47
Box: 17, 24, 2
Box: 13, 2, 6
Box: 3, 3, 47
Box: 15, 2, 18
Box: 5, 25, 6
Box: 29, 40, 19
Box: 15, 23, 6
Box: 32, 17, 24
Box: 27, 19, 7
Box: 12, 10, 4
Box: 3, 4, 47
Box: 22, 123, 14
Box: 17, 3, 4
Box: 6, 4, 47
Box: 101, 4, 47
Box: 64, 15, 47
Box: 20, 14, 47
Box: 4, 8, 7
Box: 14, 43, 7
Box: 9, 123, 47
Box: 5, 31, 47
Box: 14, 28, 4
Box: 20, 38, 15
Box: 60, 123, 13
Box: 101, 2, 15
Box: 11, 39, 11
Box: 66, 19, 4
Box: 18, 17, 2
Box: 4, 72, 16
Box: 73, 74, 8
Box: 7, 2, 5
Box: 22, 5, 47
Box: 101, 25, 6
Box: 2, 10, 4
Box: 2, 3, 3
Box: 13, 4, 6
Box: 20, 2, 14
Box: 5, 39, 47
Box: 10, 32, 4
Box: 18, 8, 47
Box: 7, 63, 47
Box: 14, 96, 47
Box: 21, 12, 15
Box: 7, 22, 16
Box: 6, 42, 4
Box: 12, 123, 47
Box: 30, 24, 5
Box: 19, 16, 3
Box: 5, 9, 12
Box: 15, 18, 4
Box: 20, 30, 20
Box: 2, 5, 2
Box: 17, 21, 47
Box: 6, 3, 12
Box: 11, 18, 47
Box: 4, 12, 13
Box: 6, 32, 13
Box: 4, 38, 7
Box: 27, 11, 47
Box: 36, 23, 47
Box: 12, 8, 47
Box: 3, 6, 5
Box: 12, 12, 47
Box: 44, 7, 32
Box: 8, 11, 16
Box: 3, 13, 21
Box: 3, 4, 21
Box: 5, 13, 47
Box: 2, 2, 11
Box: 68, 6, 47
Box: 18, 11, 4
Box: 80, 123, 3
Box: 6, 16, 32
Box: 7, 15, 47
Box: 3, 5, 47
Box: 17, 24, 21
Box: 10, 6, 47
Box: 10, 19, 10
Box: 15, 18, 47
Box: 7, 14, 47
Box: 12, 10, 15
Box: 21, 66, 25
Box: 101, 109, 47
Box: 33, 16, 6
Box: 3, 24, 26
Box: 33, 18, 12
Box: 35, 4, 47
Box: 6, 2, 7
Box: 10, 12, 3
Box: 14, 15, 3
Box: 5, 123, 47
Box: 3, 8, 2
Box: 11, 95, 47
Box: 8, 8, 47
Box: 101, 2, 47
Box: 5, 5, 3
Box: 2, 45, 2
Box: 44, 4, 24
Box: 34, 123, 47
Box: 2, 6, 39
Box: 29, 3, 40
Box: 8, 8, 47
Box: 101, 18, 32
Box: 6, 26, 26
Box: 19, 24, 47
Box: 3, 42, 47
Box: 5, 15, 2
Box: 27, 4, 4
Box: 13, 12, 9
Box: 11, 13, 22
Box: 75, 6, 15
Box: 4, 2, 8
Box: 30, 29, 47
Box: 34, 54, 7
Box: 3, 20, 10
Box: 28, 4, 2
Box: 101, 4, 47
Box: 58, 74, 26
Box: 4, 8, 44
Box: 13, 11, 18
Box: 10, 8, 47
Box: 5, 15, 16
Box: 2, 12, 9
Box: 14, 27, 47
Box: 41, 123, 22
Box: 3, 4, 4
Box: 42, 10, 44
Box: 2, 81, 2
Box: 26, 91, 47
Box: 12, 40, 12
Box: 11, 8, 11
Box: 28, 25, 47
Box: 18, 26, 45
Box: 13, 15, 47
Box: 14, 7, 12
Box: 77, 20, 6
Box: 6, 2, 47
Box: 3, 123, 47
Box: 14, 11, 2
Box: 12, 18, 12
Box: 6, 8, 10
Box: 12, 27, 12
Box: 30, 31, 21
Box: 5, 2, 47
Box: 32, 3, 47
Box: 18, 7, 4
Box: 5, 27, 47
Box: 101, 123, 35
Box: 4, 2, 12
Box: 33, 18, 3
Box: 25, 3, 47
Box: 21, 6, 22
Box: 32, 115, 47
Box: 16, 49, 47
Box: 33, 17, 42
Box: 46, 103, 13
Box: 9, 5, 47
Box: 2, 123, 47
Box: 22, 5, 47
Box: 10, 12, 4
Box: 71, 2, 47
Box: 23, 5, 41
Box: 6, 33, 22
Box: 12, 6, 2
Box: 20, 15, 47
Box: 17, 16, 28
Box: 7, 7, 3
Box: 11, 25, 2
Box: 14, 33, 3
Box: 9, 11, 47
Box: 4, 6, 13
Box: 11, 8, 13
Box: 44, 13, 32
Box: 10, 10, 47
Box: 6, 13, 47
Box: 101, 12, 47
Box: 34, 2, 12
Box: 37, 123, 14
Box: 2, 52, 47
Box: 38, 27, 47
Box: 101, 26, 47
Box: 3, 11, 2
Box: 2, 21, 23
Box: 2, 10, 7
Box: 2, 12, 5
Box: 14, 22, 47
Box: 4, 38, 47
Box: 12, 7, 9
Box: 32, 30, 33
Box: 14, 17, 47
Box: 101, 27, 47
Box: 6, 2, 3
Box: 4, 17, 15
Box: 34, 46, 31
Box: 15, 6, 4
Box: 10, 123, 21
Box: 31, 3, 11
Box: 8, 2, 14
Box: 6, 26, 6
Box: 30, 2, 47
Box: 20, 5, 7
Box: 10, 123, 47
Box: 56, 6, 28
Box: 18, 17, 4
Box: 11, 19, 29
Box: 19, 3, 47
Box: 3, 21, 3
Box: 2, 49, 8
Box: 46, 22, 47
Box: 3, 24, 7
Box: 9, 22, 47
Box: 21, 31, 19
Box: 46, 2, 47
Box: 2, 6, 5
Box: 4, 24, 4
Box: 101, 11, 15
Box: 2, 32, 2
Box: 36, 14, 47
Box: 19, 33, 10
Box: 101, 23, 47
Box: 88, 12, 44
Box: 19, 11, 47
Box: 27, 6, 47
Box: 3, 17, 21
Box: 55, 14, 11
Box: 34, 47, 47
Box: 5, 8, 7
Box: 40, 17, 12
Box: 55, 49, 47
Box: 101, 67, 37
Box: 25, 8, 47
Box: 2, 49, 7
Box: 2, 34, 47
Box: 18, 11, 15
Box: 3, 41, 9
Box: 16, 35, 47
Box: 11, 5, 18
Box: 101, 4, 47
Box: 5, 8, 7
Box: 5, 3, 3
Box: 44, 15, 2
Box: 10, 16, 47
Box: 2, 21, 47
Box: 19, 12, 4
Box: 10, 16, 47
Box: 20, 31, 2
Box: 7, 2, 30
Box: 15, 8, 11
Box: 68, 5, 12
Box: 101, 9, 47
Box: 10, 14, 47
Box: 23, 17, 6
Box: 34, 54, 3
Box: 2, 24, 7
Box: 6, 14, 7
Box: 9, 5, 47
Box: 42, 36, 47
Box: 9, 123, 24
Box: 101, 75, 47
Box: 14, 11, 16
Box: 101, 18, 47
Box: 6, 16, 4
Box: 17, 4, 2
Box: 5, 49, 16
Box: 43, 6, 47
Box: 3, 16, 2
Box: 28, 5, 47
Box: 4, 123, 3
Box: 43, 50, 47
Box: 45, 3, 47
Box: 18, 2, 47
Box: 7, 37, 12
Box: 101, 27, 3
Box: 14, 51, 47
Box: 31, 13, 5
Box: 33, 2, 47
Box: 3, 53, 47
Box: 2, 8, 6
Box: 29, 54, 7
Box: 16, 21, 17
Box: 6, 33, 2
Box: 4, 34, 7
Box: 6, 68, 2
Box: 2, 90, 3
Box: 30, 34, 47
Box: 44, 3, 32
Box: 19, 9, 14
Box: 4, 49, 11
Box: 11, 3, 47
Box: 13, 15, 16
Box: 101, 123, 13
Box: 17, 11, 47
Box: 40, 2, 47
Box: 3, 123, 4
Box: 16, 12, 47
Box: 8, 2, 8
Box: 3, 2, 24
Box: 18, 59, 47
Box: 10, 2, 31
Box: 94, 17, 5
Box: 6, 9, 19
Box: 2, 10, 47
Box: 22, 9, 9
Box: 12, 3, 47
Box: 12, 4, 16
Box: 11, 16, 9
Box: 10, 19, 13
Box: 29, 6, 10
Box: 4, 18, 47
Box: 16, 9, 11
Box: 15, 19, 47
Box: 14, 6, 12
Box: 56, 3, 28
Box: 10, 5, 47
Box: 14, 15, 10
Box: 58, 39, 2
Box: 2, 7, 8
Box: 40, 9, 14
Box: 10, 4, 6
Box: 22, 31, 47
Box: 29, 2, 47
Box: 68, 5, 12
Box: 28, 32, 15
Box: 4, 123, 18
Box: 6, 46, 4
Box: 101, 78, 24
Box: 23, 29, 3
Box: 5, 26, 47
Box: 23, 123, 47
Box: 11, 2, 11
Box: 14, 8, 3
Box: 27, 12, 47
Box: 2, 28, 8
Box: 7, 68, 22
Box: 13, 13, 14
Box: 4, 2, 3
Box: 101, 19, 2
Box: 10, 14, 4
Box: 101, 5, 33
Box: 2, 34, 47
Box: 6, 3, 10
Box: 11, 44, 17
Box: 11, 2, 18
Box: 22, 24, 47
Box: 6, 12, 11
Box: 101, 13, 47
Box: 14, 64, 47
Box: 101, 19, 2
Box: 9, 39, 7
Box: 41, 24, 21
Box: 19, 2, 47
Box: 6, 8, 12
Box: 8, 15, 7
Box: 7, 6, 21
Box: 4, 55, 47
Box: 14, 44, 17
Box: 17, 123, 47
Box: 31, 39, 5
Box: 23, 13, 47
Box: 6, 46, 2
Box: 9, 5, 6
Box: 44, 20, 11
Box: 66, 14, 11
Box: 37, 5, 3
Box: 101, 2, 47
Box: 34, 16, 47
Box: 7, 16, 47
Box: 26, 4, 23
Box: 5, 11, 47
Box: 63, 48, 12
Box: 101, 32, 44
Box: 8, 3, 4
Box: 33, 6, 34
Box: 3, 6, 47
Box: 15, 3, 3
Box: 15, 86, 47
Box: 29, 28, 47
Box: 10, 8, 47
Box: 18, 41, 47
Box: 11, 7, 19
Box: 10, 59, 2
Box: 5, 123, 2
Box: 2, 31, 7
Box: 12, 7, 5
Box: 45, 15, 47
Box: 17, 6, 47
Box: 7, 12, 47
Box: 9, 123, 47
Box: 48, 27, 47
Box: 8, 7, 2
Box: 25, 18, 47
Box: 21, 19, 47
Box: 17, 2, 47
Box: 7, 123, 47
Box: 23, 49, 47
Box: 17, 4, 47
Box: 8, 6, 47
Box: 7, 13, 8
Box: 47, 4, 2
Box: 2, 36, 2
Box: 28, 2, 15
Box: 11, 33, 8
Box: 101, 10, 16
Box: 9, 46, 47
Box: 10, 15, 47
Box: 101, 11, 47
Box: 97, 123, 47
Box: 11, 5, 28
Box: 27, 44, 47
Box: 4, 25, 13
Box: 7, 13, 9
Box: 3, 5, 47
Box: 3, 11, 2
Box: 17, 7, 47
Box: 6, 44, 47
Box: 10, 123, 6
Box: 17, 38, 47
Box: 12, 15, 12
Box: 46, 14, 7
Box: 101, 28, 20
Box: 23, 17, 16
Box: 101, 6, 14
Box: 3, 123, 47
Box: 9, 36, 22
Box: 53, 40, 3
Box: 4, 45, 12
Box: 29, 10, 21
Box: 12, 3, 2
Box: 14, 11, 18
Box: 18, 17, 2
Box: 5, 12, 23
Box: 14, 35, 7
Box: 16, 23, 47
Box: 29, 32, 9
Box: 11, 24, 47
Box: 33, 53, 47
Box: 2, 81, 4
Box: 6, 10, 47
Box: 9, 39, 10
Box: 48, 12, 8
Box: 18, 10, 32
Box: 33, 43, 16
Box: 3, 32, 12
Box: 3, 13, 47
Box: 17, 36, 7
Box: 3, 52, 5
Box: 26, 3, 47
Box: 17, 6, 47
Box: 14, 123, 7
Box: 6, 19, 12
Box: 6, 16, 3
Box: 67, 3, 3
Box: 5, 22, 31
Box: 18, 6, 11
Box: 10, 14, 4
Box: 48, 103, 47
Box: 12, 5, 47
Box: 40, 30, 33
Box: 37, 31, 47
Box: 14, 9, 3
Box: 75, 20, 15
Box: 22, 57, 15
Box: 2, 21, 2
Box: 2, 96, 47
Box: 2, 29, 47
Box: 4, 4, 8
Box: 13, 2, 12
Box: 2, 6, 6
Box: 3, 123, 47
Box: 6, 2, 3
Box: 2, 10, 47
Box: 27, 19, 5
Box: 4, 16, 47
Box: 6, 14, 15
Box: 15, 15, 47
Box: 34, 115, 47
Box: 54, 123, 47
Box: 3, 4, 12
Box: 44, 18, 5
Box: 12, 52, 12
Box: 101, 7, 47
Box: 18, 9, 32
Box: 14, 123, 19
Box: 7, 10, 2
Box: 14, 41, 17
Box: 10, 8, 4
Box: 2, 14, 47
Box: 11, 66, 7
Box: 32, 5, 28
Box: 75, 8, 4
Box: 27, 123, 4
Box: 3, 95, 5
Box: 5, 23, 7
Box: 50, 25, 3
Box: 97, 2, 3
Box: 23, 32, 2
Box: 2, 49, 12
Box: 18, 4, 7
Box: 6, 8, 5
Box: 10, 2, 47
Box: 18, 26, 47
Box: 43, 13, 47
Box: 5, 18, 5
Box: 101, 4, 2
Box: 3, 10, 3
Box: 15, 33, 32
Box: 17, 6, 19
Box: 19, 16, 9
Box: 68, 10, 47
Box: 3, 37, 47
Box: 21, 14, 47
Box: 38, 123, 47
Box: 11, 21, 47
Box: 25, 7, 47
Box: 101, 12, 47
Box: 2, 123, 47
Box: 4, 7, 3
Box: 5, 24, 16
Box: 7, 47, 47
Box: 33, 5, 47
Box: 12, 15, 47
Box: 7, 10, 25
Box: 5, 39, 3
Box: 2, 9, 6
Box: 27, 10, 3
Box: 11, 11, 7
Box: 10, 28, 26
Box: 11, 5, 3
Box: 17, 65, 3
Box: 101, 5, 23
Box: 9, 34, 47
Box: 10, 31, 47
Box: 15, 6, 4
Box: 75, 9, 47
Box: 21, 12, 47
Box: 3, 8, 19
Box: 3, 12, 8
Box: 56, 9, 12
Box: 30, 8, 47
Box: 14, 24, 5
Box: 9, 15, 8
Box: 3, 44, 9
Box: 69, 18, 16
Box: 11, 8, 5
Box: 2, 123, 47
Box: 10, 31, 5
Box: 10, 68, 44
Box: 13, 42, 47
Box: 5, 15, 47
Box: 31, 20, 5
Box: 3, 14, 47
Box: 6, 2, 47
Box: 101, 3, 5
Box: 13, 15, 9
Box: 2, 24, 47
Box: 52, 10, 4
Box: 5, 12, 7
Box: 68, 21, 43
Box: 9, 54, 7
Box: 17, 4, 47
Box: 101, 32, 3
Box: 16, 35, 5
Box: 101, 10, 47
Box: 2, 3, 11
Box: 4, 24, 47
Box: 17, 18, 10
Box: 5, 14, 6
Box: 3, 26, 47
Box: 14, 52, 47
Box: 30, 14, 33
Box: 50, 15, 7
Box: 4, 123, 40
Box: 43, 10, 47
Box: 76, 44, 2
Box: 22, 4, 13
Box: 5, 66, 6
Box: 10, 123, 2
Box: 26, 32, 47
Box: 5, 4, 7
Box: 101, 20, 47
Box: 18, 10, 47
Box: 29, 5, 17
Box: 18, 19, 47
Box: 6, 8, 14
Box: 13, 3, 26
Box: 101, 13, 3
Box: 20, 11, 47
Box: 5, 4, 6
Box: 3, 30, 6
Box: 6, 33, 28
Box: 3, 8, 3
Box: 2, 9, 47
Box: 2, 123, 14
Box: 13, 2, 10
Box: 10, 4, 6
Box: 2, 9, 13
Box: 10, 123, 47
Box: 4, 23, 9
Box: 3, 5, 3
Box: 6, 8, 8
Box: 30, 17, 4
Box: 77, 20, 3
Box: 22, 25, 47
Box: 2, 54, 47
Box: 6, 16, 3
Box: 6, 6, 47
Box: 19, 16, 18
Box: 21, 2, 40
Box: 9, 116, 43
Box: 35, 3, 3
Box: 38, 8, 33
Box: 14, 12, 3
Box: 13, 7, 47
Box: 29, 2, 12
Box: 45, 21, 11
Box: 12, 8, 47
Box: 20, 16, 12
Box: 16, 123, 24
Box: 19, 34, 47
Box: 53, 33, 3
Box: 3, 3, 20
Box: 101, 37, 4
Box: 3, 8, 2
Box: 2, 4, 47
Box: 2, 81, 7
Box: 5, 16, 16
Box: 9, 6, 47
Box: 22, 68, 47
Box: 11, 123, 38
Box: 34, 6, 4
Box: 20, 16, 2
Box: 29, 26, 47
Box: 19, 9, 6
Box: 13, 4, 24
Box: 9, 14, 47
Box: 11, 8, 4
Box: 23, 3, 47
Box: 43, 23, 32
Box: 30, 5, 47
Box: 3, 37, 47
Box: 7, 3, 47
Box: 101, 6, 47
Box: 12, 3, 8
Box: 8, 8, 3
Box: 101, 14, 40
Box: 4, 2, 18
Box: 8, 19, 4
Box: 2, 4, 32
Box: 5, 24, 18
Box: 42, 35, 47
Box: 77, 20, 6
Box: 27, 6, 16
Box: 47, 10, 2
Box: 7, 16, 2
Box: 3, 8, 8
Box: 10, 4, 47
Box: 101, 54, 9
Box: 44, 3, 47
Box: 30, 3, 47
Box: 22, 78, 7
Box: 6, 26, 9
Box: 14, 4, 18
Box: 23, 32, 13
Box: 17, 8, 47
Box: 10, 22, 3
Box: 29, 24, 47
Box: 3, 3, 47
Box: 101, 9, 47
Box: 5, 6, 30
Box: 35, 12, 9
Box: 46, 3, 47
Box: 25, 20, 47
Box: 11, 18, 7
Box: 16, 17, 2
Box: 7, 13, 5
Box: 31, 2, 5
Box: 53, 23, 3
Box: 29, 76, 19
Box: 18, 7, 16
Box: 56, 16, 47
Box: 23, 6, 6
Box: 33, 44, 47
Box: 5, 32, 47
Box: 7, 3, 47
Box: 3, 123, 2
Box: 4, 43, 47
Box: 20, 20, 11
Box: 3, 10, 34
Box: 11, 5, 10
Box: 8, 16, 47
Box: 29, 123, 13
Box: 22, 2, 12
Box: 11, 38, 15
Box: 19, 20, 47
Box: 9, 75, 14
Box: 11, 49, 24
Box: 6, 2, 16
Box: 4, 11, 47
Box: 17, 18, 10
Box: 15, 2, 6
Box: 101, 8, 47
Box: 4, 21, 47
Box: 12, 33, 4
Box: 15, 3, 47
Box: 31, 15, 5
Box: 14, 4, 17
Box: 2, 25, 2
Box: 6, 123, 4
Box: 15, 42, 13
Box: 14, 4, 13
Box: 31, 123, 47
Box: 22, 96, 6
Box: 4, 44, 8
Box: 53, 52, 47
Box: 12, 29, 47
Box: 22, 48, 12
Box: 101, 14, 47
Box: 29, 32, 11
Box: 9, 52, 17
Box: 30, 17, 3
Box: 18, 7, 17
Box: 12, 85, 11
Box: 8, 4, 4
Box: 6, 8, 30
Box: 6, 5, 3
Box: 38, 6, 47
Box: 2, 44, 9
Box: 2, 4, 40
Box: 5, 3, 6
Box: 101, 12, 7
Box: 21, 13, 8
Box: 19, 54, 47
Box: 42, 5, 3
Box: 14, 14, 2
Box: 11, 29, 2
Box: 36, 4, 10
Box: 7, 51, 17
Box: 19, 22, 26
Box: 5, 14, 33
Box: 9, 9, 32
Box: 22, 14, 7
Box: 30, 2, 2
Box: 36, 2, 10
Box: 15, 42, 6
Box: 36, 2, 10
Box: 44, 29, 3
Box: 3, 5, 25
Box: 12, 8, 47
Box: 14, 12, 3
Box: 5, 36, 47
Box: 101, 53, 16
Box: 2, 15, 47
Box: 3, 4, 4
Box: 5, 7, 47
Box: 14, 13, 47
Box: 3, 24, 11
Box: 3, 17, 3
Box: 42, 2, 47
Box: 13, 5, 11
Box: 37, 7, 47
Box: 4, 44, 9
Box: 101, 5, 47
Box: 4, 7, 11
Box: 7, 6, 18
Box: 11, 86, 47
Box: 11, 5, 47
Box: 32, 5, 47
Box: 33, 16, 9
Box: 17, 7, 7
Box: 3, 4, 3
Box: 4, 5, 27
Box: 101, 123, 21
Box: 34, 123, 47
Box: 9, 123, 47
Box: 11, 60, 8
Box: 27, 20, 47
Box: 15, 23, 6
Box: 3, 13, 14
Box: 19, 49, 47
Box: 14, 2, 24
Box: 2, 50, 3
Box: 42, 78, 14
Box: 12, 39, 47
Box: 70, 7, 47
Box: 2, 6, 17
Box: 24, 18, 47
Box: 25, 5, 3
Box: 5, 13, 4
Box: 37, 18, 47
Box: 17, 3, 18
Box: 16, 14, 47
Box: 13, 8, 3
Box: 10, 31, 2
Box: 5, 106, 47
Box: 2, 10, 5
Box: 5, 3, 47
Box: 3, 49, 47
Box: 5, 2, 47
Box: 35, 17, 47
Box: 6, 2, 20
Box: 2, 36, 47
Box: 9, 25, 6
Box: 3, 52, 9
Box: 8, 5, 13
Box: 2, 32, 2
Box: 11, 14, 11
Box: 9, 21, 47
Box: 2, 21, 6
Box: 3, 7, 4
Box: 18, 14, 47
Box: 2, 12, 2
Box: 16, 123, 47
Box: 101, 4, 2
Box: 8, 72, 2
Box: 33, 17, 47
Box: 4, 123, 16
Box: 14, 23, 15
Box: 12, 33, 47
Box: 13, 2, 6
Box: 21, 15, 36
Box: 11, 78, 7
Box: 12, 4, 4
Box: 101, 3, 47
Box: 2, 4, 3
Box: 16, 16, 47
Box: 30, 24, 3
Box: 23, 53, 2
Box: 8, 72, 5
Box: 9, 68, 47
Box: 3, 19, 4
Box: 11, 2, 20
Box: 101, 2, 9
Box: 10, 32, 2
Box: 2, 33, 47
Box: 8, 21, 47
Box: 7, 2, 3
Box: 2, 4, 8
Box: 15, 5, 47
Box: 6, 3, 12
Box: 6, 123, 7
Box: 16, 12, 47
Box: 15, 23, 19
Box: 101, 35, 47
Box: 8, 8, 9
Box: 12, 123, 34
Box: 16, 35, 20
Box: 29, 36, 40
Box: 48, 18, 5
Box: 28, 6, 47
Box: 14, 74, 26
Box: 2, 10, 32
Box: 101, 11, 31
Box: 8, 6, 13
Box: 35, 6, 10
Box: 14, 42, 10
Box: 101, 6, 47
Box: 12, 11, 4
Box: 18, 11, 17
Box: 3, 123, 19
Box: 3, 10, 5
Box: 5, 9, 35
Box: 101, 2, 47
Box: 3, 73, 47
Box: 101, 14, 47
Box: 12, 2, 12
Box: 101, 12, 9
Box: 12, 2, 18
Box: 2, 36, 47
Box: 45, 12, 6
Box: 9, 5, 3
Box: 6, 107, 47
Box: 3, 4, 28
Box: 68, 6, 47
Box: 7, 5, 28
Box: 23, 5, 18
Box: 12, 11, 17
Box: 4, 85, 10
Box: 19, 14, 47
Box: 6, 7, 6
Box: 69, 11, 47
Box: 5, 28, 47
Box: 10, 17, 4
Box: 7, 20, 47
Box: 2, 5, 8
Box: 14, 23, 3
Box: 15, 49, 12
Box: 11, 21, 8
Box: 17, 8, 47
Box: 11, 4, 12
Box: 17, 75, 14
Box: 7, 12, 18
Box: 5, 12, 6
Box: 2, 16, 47
Box: 33, 24, 10
Box: 12, 123, 47
Box: 2, 9, 9
Box: 6, 33, 47
Box: 3, 18, 38
Box: 101, 123, 6
Box: 45, 9, 47
Box: 5, 8, 33
Box: 21, 5, 5
Box: 3, 4, 47
Box: 13, 10, 10
Box: 2, 12, 6
Box: 16, 4, 2
Box: 27, 11, 47
Box: 12, 7, 47
Box: 3, 2, 3
Box: 12, 4, 2
Box: 31, 5, 3
Box: 18, 10, 47
Box: 14, 46, 47
Box: 41, 24, 12
Box: 11, 18, 16
Box: 22, 62, 47
Box: 26, 34, 16
Box: 13, 36, 47
Box: 23, 28, 47
Box: 36, 45, 47
Box: 16, 115, 23
Box: 2, 54, 18
Box: 101, 49, 8
Box: 101, 7, 47
Box: 3, 10, 2
Box: 2, 7, 47
Box: 101, 5, 47
Box: 21, 18, 8
Box: 65, 22, 47
Box: 11, 7, 2
Box: 17, 3, 21
Box: 2, 8, 47
Box: 18, 8, 4
Box: 11, 12, 47
Box: 24, 25, 47
Box: 5, 39, 4
Box: 8, 4, 26
Box: 25, 115, 47
Box: 11, 34, 8
Box: 19, 90, 13
Box: 6, 36, 4
Box: 23, 6, 47
Box: 76, 44, 4
Box: 101, 37, 8
Box: 51, 2, 11
Box: 101, 11, 47
Box: 85, 13, 15
Box: 4, 96, 47
Box: 6, 2, 47
Box: 5, 13, 47
Box: 8, 27, 47
Box: 11, 5, 10
Box: 80, 17, 3
Box: 10, 3, 47
Box: 20, 29, 29
Box: 10, 41, 47
Box: 6, 123, 47
Box: 11, 18, 47
Box: 80, 3, 3
Box: 6, 4, 20
Box: 21, 14, 7
Box: 23, 37, 2
Box: 28, 48, 7
Box: 29, 5, 19
Box: 5, 7, 6
Box: 7, 9, 47
Box: 2, 7, 12
Box: 6, 6, 16
Box: 5, 12, 4
Box: 34, 2, 47
Box: 5, 21, 2
Box: 33, 10, 22
Box: 31, 29, 47
Box: 8, 2, 3
Box: 12, 7, 3
Box: 16, 35, 17
Box: 33, 18, 5
Box: 5, 15, 36
Box: 21, 2, 15
Box: 20, 6, 2
Box: 17, 8, 20
Box: 17, 4, 6
Box: 88, 75, 5
Box: 18, 7, 12
Box: 17, 3, 47
Box: 69, 123, 47
Box: 10, 15, 47
Box: 101, 69, 2
Box: 101, 23, 47
Box: 76, 8, 47
Box: 55, 31, 47
Box: 15, 20, 47
Box: 10, 23, 47
Box: 20, 13, 29
Box: 18, 11, 11
Box: 11, 8, 9
Box: 45, 9, 5
Box: 2, 49, 5
Box: 11, 16, 9
Box: 27, 7, 47
Box: 22, 42, 47
Box: 33, 4, 12
Box: 18, 7, 16
Box: 10, 17, 6
Box: 18, 4, 47
Box: 10, 123, 47
Box: 2, 6, 47
Box: 95, 30, 6
Box: 36, 8, 3
Box: 21, 14, 4
Box: 13, 19, 47
Box: 14, 41, 47
Box: 101, 11, 3
Box: 2, 2, 2
Box: 11, 9, 8
Box: 68, 6, 47
Box: 2, 25, 6
Box: 11, 119, 47
Box: 11, 39, 3
Box: 2, 3, 47
Box: 28, 7, 15
Box: 9, 123, 6
Box: 15, 2, 47
Box: 5, 5, 5
Box: 27, 42, 42
Box: 4, 64, 11
Box: 13, 15, 3
Box: 2, 5, 2
Box: 3, 34, 47
Box: 42, 6, 19
Box: 5, 24, 13
Box: 4, 24, 12
Box: 12, 7, 3
Box: 31, 2, 12
Box: 11, 22, 47
Box: 6, 14, 47
Box: 23, 36, 47
Box: 31, 34, 12
Box: 22, 5, 7
Box: 13, 123, 47
Box: 7, 3, 24
Box: 67, 30, 3
Box: 84, 50, 3
Box: 14, 71, 47
Box: 27, 123, 3
Box: 75, 4, 15
Box: 40, 15, 47
Box: 50, 10, 47
Box: 31, 34, 4
Box: 21, 7, 8
Box: 4, 30, 47
Box: 85, 13, 9
Box: 16, 21, 4
Box: 9, 39, 47
Box: 29, 14, 17
Box: 35, 51, 47
Box: 4, 90, 13
Box: 5, 12, 7
Box: 3, 3, 47
Box: 35, 75, 14
Box: 33, 58, 42
Box: 2, 5, 2
Box: 11, 4, 8
Box: 19, 11, 5
Box: 29, 32, 3
Box: 72, 6, 3
Box: 6, 14, 8
Box: 3, 41, 47
Box: 20, 80, 47
Box: 65, 10, 3
Box: 12, 7, 25
Box: 4, 2, 19
Box: 5, 7, 12
Box: 16, 8, 5
Box: 14, 50, 11
Box: 2, 59, 7
Box: 39, 3, 47
Box: 12, 29, 12
Box: 6, 80, 6
Box: 101, 4, 47
Box: 12, 2, 11
Box: 2, 5, 15
Box: 9, 5, 18
Box: 6, 33, 47
Box: 37, 19, 47
Box: 33, 2, 5
Box: 5, 18, 47
Box: 11, 123, 47
Box: 21, 2, 22
Box: 3, 123, 14
Box: 47, 6, 8
Box: 31, 17, 26
Box: 26, 14, 47
Box: 35, 2, 24
Box: 52, 19, 47
Box: 4, 4, 47
Box: 4, 7, 11
Box: 14, 43, 16
Box: 5, 29, 3
Box: 8, 2, 13
Box: 12, 6, 3
Box: 2, 123, 29
Box: 101, 25, 33
Box: 23, 36, 47
Box: 34, 11, 47
Box: 13, 123, 11
Box: 22, 35, 15
Box: 12, 5, 6
Box: 14, 2, 47
Box: 4, 44, 16
Box: 4, 14, 47
Box: 11, 10, 47
Box: 7, 55, 8
Box: 34, 5, 21
Box: 11, 5, 5
Box: 11, 2, 37
Box: 65, 2, 3
Box: 27, 46, 47
Box: 6, 112, 47
Box: 2, 36, 47
Box: 26, 4, 3
Box: 7, 9, 47
Box: 79, 12, 3
Box: 6, 23, 47
Box: 17, 3, 7
Box: 32, 123, 47
Box: 2, 19, 2
Box: 39, 7, 32
Box: 28, 6, 5
Box: 4, 4, 40
Box: 11, 43, 2
Box: 2, 76, 47
Box: 19, 33, 9
Box: 6, 6, 47
Box: 7, 7, 6
Box: 13, 53, 19
Box: 35, 5, 5
Box: 6, 13, 47
Box: 3, 6, 47
Box: 18, 7, 2
Box: 13, 54, 7
Box: 20, 16, 35
Box: 6, 3, 30
Box: 14, 9, 47
Box: 10, 19, 2
Box: 32, 7, 47
Box: 6, 15, 12
Box: 31, 4, 47
Box: 11, 49, 2
Box: 101, 48, 17
Box: 11, 24, 7
Box: 5, 26, 47
Box: 4, 3, 47
Box: 13, 106, 47
Box: 42, 69, 47
Box: 2, 12, 5
Box: 12, 12, 47
Box: 101, 30, 47
Box: 101, 14, 40
Box: 4, 5, 15
Box: 14, 14, 2
Box: 11, 5, 10
Box: 101, 30, 4
Box: 3, 4, 19
Box: 6, 18, 4
Box: 8, 27, 19
Box: 10, 7, 47
Box: 3, 11, 11
Box: 17, 24, 20
Box: 2, 16, 47
Box: 9, 11, 31
Box: 17, 15, 7
Box: 23, 123, 14
Box: 7, 5, 3
Box: 68, 21, 47
Box: 2, 19, 9
Box: 7, 11, 3
Box: 39, 7, 12
Box: 22, 77, 47
Box: 3, 21, 12
Box: 2, 3, 5
Box: 3, 36, 3
Box: 10, 7, 47
Box: 17, 5, 7
Box: 44, 15, 2
Box: 16, 10, 32
Box: 24, 39, 8
Box: 3, 4, 25
Box: 101, 123, 16
Box: 7, 19, 4
Box: 26, 2, 3
Box: 18, 66, 25
Box: 3, 16, 47
Box: 4, 5, 47
Box: 101, 4, 2
Box: 9, 4, 47
Box: 15, 3, 47
Box: 101, 2, 10
Box: 11, 12, 26
Box: 13, 15, 8
Box: 13, 22, 9
Box: 18, 27, 47
Box: 46, 4, 47
Box: 7, 96, 44
Box: 5, 14, 4
Box: 18, 10, 15
Box: 16, 8, 3
Box: 27, 42, 5
Box: 3, 22, 26
Box: 16, 35, 5
Box: 2, 47, 31
Box: 14, 24, 47
Box: 11, 123, 5
Box: 101, 27, 47
Box: 15, 6, 47
Box: 101, 11, 12
Box: 56, 54, 7
Box: 3, 15, 47
Box: 12, 47, 47
Box: 14, 7, 15
Box: 3, 11, 47
Box: 17, 41, 21
Box: 17, 24, 4
Box: 3, 8, 3
Box: 2, 73, 6
Box: 101, 18, 47
Box: 6, 37, 47
Box: 5, 5, 6
Box: 12, 5, 12
Box: 2, 2, 12
Box: 4, 5, 47
Box: 3, 33, 14
Box: 9, 123, 4
Box: 2, 11, 16
Box: 16, 123, 47
Box: 53, 6, 3
Box: 5, 20, 47
Box: 3, 123, 10
Box: 18, 7, 6
Box: 28, 25, 47
Box: 2, 14, 16
Box: 28, 51, 47
Box: 7, 16, 47
Box: 35, 5, 47
Box: 38, 12, 47
Box: 3, 8, 30
Box: 17, 36, 8
Box: 9, 14, 47
Box: 75, 29, 4
Box: 3, 2, 47
Box: 2, 12, 3
Box: 10, 35, 47
Box: 8, 39, 17
Box: 23, 3, 47
Box: 3, 5, 10
Box: 29, 123, 47
Box: 17, 3, 47
Box: 3, 17, 4
Box: 33, 5, 6
Box: 51, 8, 47
Box: 5, 6, 47
Box: 45, 21, 7
Box: 3, 29, 47
Box: 17, 93, 47
Box: 47, 4, 4
Box: 11, 32, 47
Box: 19, 24, 47
Box: 23, 14, 13
Box: 10, 5, 47
Box: 2, 4, 4
Box: 19, 123, 47
Box: 3, 3, 47
Box: 13, 10, 21
Box: 16, 8, 12
Box: 6, 46, 9
Box: 39, 43, 7
Box: 9, 5, 15
Box: 30, 2, 2
Box: 70, 2, 25
Box: 23, 4, 3
Box: 7, 55, 3
Box: 15, 12, 18
Box: 35, 45, 47
Box: 2, 5, 4
Box: 2, 73, 19
Box: 20, 123, 47
Box: 11, 40, 47
Box: 2, 7, 47
Box: 28, 123, 47
Box: 37, 8, 47
Box: 6, 12, 16
Box: 10, 7, 19
Box: 47, 10, 7
Box: 2, 12, 6
Box: 17, 123, 3
Box: 14, 24, 6
Box: 101, 29, 47
Box: 12, 4, 47
Box: 14, 21, 47
Box: 4, 96, 47
Box: 14, 35, 12
Box: 17, 20, 18
Box: 4, 8, 3
Box: 4, 5, 5
Box: 3, 36, 5
Box: 6, 123, 47
Box: 7, 39, 3
Box: 93, 11, 8
Box: 4, 12, 8
Box: 17, 11, 33
Box: 9, 9, 32
Box: 24, 62, 14
Box: 8, 13, 12
Box: 26, 3, 15
Box: 31, 27, 47
Box: 5, 13, 7
Box: 7, 7, 12
Box: 14, 43, 9
Box: 2, 5, 47
Box: 2, 123, 47
Box: 4, 3, 9
Box: 101, 5, 47
Box: 13, 53, 12
Box: 4, 8, 47
Box: 58, 19, 3
Box: 3, 10, 2
Box: 3, 8, 4
Box: 18, 73, 47
Box: 3, 42, 15
Box: 9, 5, 47
Box: 18, 41, 47
Box: 16, 10, 47
Box: 11, 16, 27
Box: 73, 74, 17
Box: 16, 24, 9
Box: 42, 18, 47
Box: 101, 5, 16
Box: 25, 123, 47
Box: 101, 123, 5
Box: 6, 2, 3
Box: 35, 3, 2
Box: 24, 2, 33
Box: 6, 55, 47
Box: 16, 12, 47
Box: 12, 5, 47
Box: 2, 5, 3
Box: 12, 3, 23
Box: 2, 9, 47
Box: 11, 31, 47
Box: 48, 19, 47
Box: 35, 2, 40
Box: 29, 2, 15
Box: 8, 5, 8
Box: 22, 19, 20
Box: 6, 16, 21
Box: 3, 4, 2
Box: 17, 88, 47
Box: 10, 4, 2
Box: 46, 2, 3
Box: 33, 16, 4
Box: 2, 49, 4
Box: 12, 16, 47
Box: 10, 6, 47
Box: 13, 2, 2
Box: 6, 12, 20
Box: 5, 6, 47
Box: 10, 19, 3
Box: 9, 5, 47
Box: 9, 27, 47
Box: 17, 123, 6
Box: 79, 62, 47
Box: 3, 8, 4
Box: 15, 9, 6
Box: 2, 14, 12
Box: 11, 123, 28
Box: 26, 9, 47
Box: 12, 37, 47
Box: 10, 54, 13
Box: 4, 66, 26
Box: 39, 7, 8
Box: 25, 18, 16
Box: 101, 28, 47
Box: 77, 34, 47
Box: 23, 12, 13
Box: 24, 78, 20
Box: 12, 123, 13
Box: 11, 12, 26
Box: 6, 13, 2
Box: 33, 16, 34
Box: 3, 2, 47
Box: 18, 7, 28
Box: 2, 15, 4
Box: 33, 123, 3
Box: 19, 5, 47
Box: 6, 3, 47
Box: 3, 8, 47
Box: 9, 52, 4
Box: 58, 123, 5
Box: 6, 29, 25
Box: 26, 2, 18
Box: 39, 14, 47
Box: 4, 7, 7
Box: 47, 45, 47
Box: 11, 2, 47
Box: 3, 6, 12
Box: 19, 123, 47
Box: 26, 4, 47
Box: 35, 3, 9
Box: 9, 5, 13
Box: 56, 4, 28
Box: 2, 9, 47
Box: 88, 12, 3
Box: 20, 53, 26
Box: 23, 32, 47
Box: 21, 15, 3
Box: 7, 12, 6
Box: 4, 123, 47
Box: 4, 7, 15
Box: 7, 32, 4
Box: 69, 10, 2
Box: 73, 74, 9
Box: 30, 9, 5
Box: 2, 3, 47
Box: 2, 48, 47
Box: 20, 53, 5
Box: 17, 50, 3
Box: 2, 20, 4
Box: 27, 4, 7
Box: 23, 75, 47
Box: 23, 5, 10
Box: 6, 10, 21
Box: 46, 18, 47
Box: 38, 18, 8
Box: 40, 123, 47
Box: 101, 44, 3
Box: 6, 3, 47
Box: 23, 123, 11
Box: 6, 18, 6
Box: 101, 20, 4
Box: 101, 25, 47
Box: 101, 31, 47
Box: 45, 9, 5
Box: 3, 25, 16
Box: 3, 3, 16
Box: 15, 2, 11
Box: 9, 123, 10
Box: 8, 11, 47
Box: 101, 20, 47
Box: 31, 21, 12
Box: 36, 15, 18
Box: 2, 66, 2
Box: 2, 11, 9
Box: 20, 2, 2
Box: 5, 21, 47
Box: 101, 6, 2
Box: 2, 19, 4
Box: 20, 16, 47
Box: 14, 10, 13
Box: 3, 15, 4
Box: 11, 6, 47
Box: 13, 2, 5
Box: 101, 20, 47
Box: 7, 9, 47
Box: 3, 20, 3
Box: 18, 2, 41
Box: 10, 15, 47
Box: 101, 48, 47
Box: 3, 3, 12
Box: 22, 28, 47
Box: 3, 11, 15
Box: 4, 28, 3
Box: 3, 25, 20
Box: 39, 15, 47
Box: 9, 20, 47
Box: 6, 28, 19
Box: 38, 123, 15
Box: 20, 25, 6
Box: 22, 11, 16
Box: 25, 4, 47
Box: 35, 12, 6
Box: 27, 37, 47
Box: 2, 4, 23
Box: 2, 5, 47
Box: 3, 33, 47
Box: 5, 12, 2
Box: 3, 7, 8
Box: 2, 21, 25
Box: 9, 11, 47
Box: 47, 6, 18
Box: 9, 33, 4
Box: 10, 36, 47
Box: 6, 6, 10
Box: 14, 59, 47
Box: 21, 38, 5
Box: 29, 69, 15
Box: 43, 11, 47
Box: 12, 4, 24
Box: 2, 8, 7
Box: 7, 34, 47
Box: 10, 10, 47
Box: 9, 17, 47
Box: 2, 90, 3
Box: 32, 24, 15
Box: 4, 12, 47
Box: 12, 21, 47
Box: 70, 2, 47
Box: 3, 6, 10
Box: 2, 15, 9
Box: 43, 14, 47
Box: 36, 15, 7
Box: 13, 20, 47
Box: 101, 123, 14
Box: 101, 5, 3
Box: 6, 3, 47
Box: 5, 5, 47
Box: 4, 4, 47
Box: 5, 12, 22
Box: 11, 14, 11
Box: 32, 18, 47
Box: 7, 2, 47
Box: 39, 104, 47
Box: 46, 3, 24
Box: 9, 17, 25
Box: 12, 11, 47
Box: 9, 96, 47
Box: 41, 17, 2
Box: 26, 123, 47
Box: 14, 123, 47
Box: 22, 123, 18
Box: 6, 8, 13
Box: 29, 6, 7
Box: 68, 59, 47
Box: 2, 54, 7
Box: 5, 30, 2
Box: 101, 14, 47
Box: 6, 33, 2
Box: 101, 49, 4
Box: 3, 16, 16
Box: 3, 19, 4
Box: 6, 6, 2
Box: 10, 38, 12
Box: 5, 69, 47
Box: 39, 43, 24
Box: 30, 14, 47
Box: 21, 38, 29
Box: 9, 17, 2
Box: 11, 5, 47
Box: 25, 11, 47
Box: 4, 30, 47
Box: 27, 5, 5
Box: 2, 32, 47
Box: 3, 7, 11
Box: 2, 47, 12
Box: 34, 5, 5
Box: 2, 19, 7
Box: 5, 43, 47
Box: 101, 8, 3
Box: 27, 4, 18
Box: 10, 7, 12
Box: 12, 12, 47
Box: 14, 7, 47
Box: 21, 13, 18
Box: 31, 3, 5
Box: 21, 3, 3
Box: 101, 26, 13
Box: 12, 18, 7
Box: 9, 17, 4
Box: 75, 25, 47
Box: 31, 5, 47
Box: 11, 42, 10
Box: 13, 15, 19
Box: 6, 3, 7
Box: 41, 21, 12
Box: 14, 9, 13
Box: 30, 3, 5
Box: 4, 10, 47
Box: 12, 12, 23
Box: 7, 6, 4
Box: 5, 7, 2
Box: 8, 12, 47
Box: 8, 21, 47
Box: 16, 21, 26
Box: 23, 123, 47
Box: 7, 6, 7
Box: 17, 4, 2
Box: 2, 123, 47
Box: 101, 2, 29
Box: 18, 20, 47
Box: 3, 4, 12
Box: 22, 123, 47
Box: 23, 17, 5
Box: 22, 90, 13
Box: 5, 14, 4
Box: 2, 12, 10
Box: 8, 36, 47
Box: 2, 19, 3
Box: 20, 51, 14
Box: 33, 21, 47
Box: 16, 24, 9
Box: 18, 9, 47
Box: 5, 2, 47
Box: 6, 2, 6
Box: 23, 9, 47
Box: 12, 4, 47
Box: 4, 4, 23
Box: 8, 2, 7
Box: 12, 18, 12
Box: 33, 123, 3
Box: 2, 47, 16
Box: 27, 123, 17
Box: 31, 5, 14
Box: 77, 20, 17
Box: 23, 12, 5
Box: 10, 60, 47
Box: 3, 10, 5
Box: 23, 8, 47
Box: 34, 91, 47
Box: 11, 13, 4
Box: 30, 3, 3
Box: 6, 36, 6
Box: 69, 47, 18
Box: 4, 8, 15
Box: 101, 17, 4
Box: 4, 2, 2
Box: 15, 42, 4
Box: 85, 13, 2
Box: 24, 10, 47
Box: 9, 39, 4
Box: 36, 25, 47
Box: 42, 20, 47
Box: 2, 38, 47
Box: 6, 11, 47
Box: 18, 26, 47
Box: 12, 3, 47
Box: 7, 34, 47
Box: 12, 8, 47
Box: 101, 16, 47
Box: 33, 30, 47
Box: 20, 4, 13
Box: 21, 14, 5
Box: 7, 21, 7
Box: 3, 12, 47
Box: 31, 3, 24
Box: 11, 123, 47
Box: 3, 3, 5
Box: 3, 4, 7
Box: 39, 20, 47
Box: 9, 23, 47
Box: 75, 91, 47
Box: 2, 3, 3
Box: 12, 6, 2
Box: 3, 14, 10
Box: 17, 3, 9
Box: 3, 24, 11
Box: 31, 5, 47
Box: 30, 6, 24
Box: 22, 9, 11
Box: 26, 78, 20
Box: 71, 36, 47
Box: 19, 16, 3
Box: 17, 2, 11
Box: 17, 3, 29
Box: 101, 17, 33
Box: 2, 18, 8
Box: 16, 15, 14
Box: 4, 2, 3
Box: 8, 39, 47
Box: 30, 24, 3
Box: 18, 5, 47
Box: 7, 6, 2
Box: 8, 7, 20
Box: 101, 14, 47
Box: 69, 10, 13
Box: 56, 123, 11
Box: 78, 4, 47
Box: 6, 123, 47
Box: 20, 123, 7
Box: 14, 24, 47
Box: 5, 4, 23
Box: 23, 46, 30
Box: 58, 39, 13
Box: 12, 4, 5
Box: 11, 2, 10
Box: 21, 38, 14
Box: 11, 22, 26
Box: 19, 30, 33
Box: 2, 27, 47
Box: 4, 5, 5
Box: 8, 123, 5
Box: 16, 14, 33
Box: 10, 123, 16
Box: 6, 7, 27
Box: 8, 28, 47
Box: 18, 15, 47
Box: 101, 81, 47
Box: 9, 15, 7
Box: 101, 72, 15
Box: 2, 116, 47
Box: 3, 32, 47
Box: 59, 59, 13
Box: 3, 5, 5
Box: 101, 10, 3
Box: 101, 24, 6
Box: 11, 13, 10
Box: 3, 18, 47
Box: 73, 7, 47
Box: 2, 6, 8
Box: 2, 9, 47
Box: 6, 6, 11
Box: 11, 11, 14
Box: 31, 3, 16
Box: 47, 6, 3
Box: 16, 38, 47
Box: 12, 15, 36
Box: 3, 22, 47
Box: 7, 8, 18
Box: 17, 15, 16
Box: 4, 3, 47
Box: 12, 17, 47
Box: 4, 16, 34
Box: 2, 4, 4
Box: 3, 103, 13
Box: 23, 10, 2
Box: 21, 15, 24
Box: 2, 6, 6
Box: 13, 14, 47
Box: 5, 12, 23
Box: 9, 10, 21
Box: 8, 21, 47
Box: 9, 10, 21
Box: 17, 16, 47
Box: 30, 2, 47
Box: 101, 57, 47
Box: 94, 18, 47
Box: 43, 4, 47
Box: 11, 5, 9
Box: 18, 76, 47
Box: 53, 36, 47
Box: 11, 26, 26
Box: 2, 44, 47
Box: 4, 16, 8
Box: 2, 6, 4
Box: 18, 42, 43
Box: 3, 52, 11
Box: 2, 3, 19
Box: 12, 2, 47
Box: 46, 20, 47
Box: 2, 10, 3
Box: 15, 28, 47
Box: 11, 12, 21
Box: 101, 20, 13
Box: 6, 16, 8
Box: 2, 14, 47
Box: 11, 123, 47
Box: 3, 62, 15
Box: 27, 19, 2
Box: 22, 4, 15
Box: 18, 7, 3
Box: 7, 8, 47
Box: 14, 12, 13
Box: 47, 3, 47
Box: 8, 6, 3
Box: 5, 46, 47
Box: 3, 21, 26
Box: 7, 3, 47
Box: 28, 15, 2
Box: 46, 12, 47
Box: 7, 3, 5
Box: 6, 2, 17
Box: 22, 9, 19
Box: 30, 54, 7
Box: 15, 8, 47
Box: 22, 26, 7
Box: 2, 2, 9
Box: 11, 22, 7
Box: 18, 2, 40
Box: 7, 4, 32
Box: 30, 31, 3
Box: 3, 25, 47
Box: 55, 14, 33
Box: 8, 17, 16
Box: 7, 22, 7
Box: 6, 20, 47
Box: 29, 54, 15
Box: 22, 16, 47
Box: 6, 37, 25
Box: 29, 14, 12
Box: 101, 12, 47
Box: 6, 10, 47
Box: 3, 2, 10
Box: 10, 4, 5
Box: 4, 123, 15
Box: 61, 23, 16
Box: 20, 16, 47
Box: 24, 18, 47
Box: 8, 39, 14
Box: 8, 16, 47
Box: 7, 22, 5
Box: 10, 123, 18
Box: 2, 46, 47
Box: 9, 15, 7
Box: 101, 49, 5
Box: 5, 23, 3
Box: 19, 16, 5
Box: 85, 39, 18
Box: 29, 4, 2
Box: 14, 49, 47
Box: 3, 11, 28
Box: 34, 123, 32
Box: 8, 25, 6
Box: 14, 2, 47
Box: 20, 8, 13
Box: 13, 24, 21
Box: 9, 4, 47
Box: 9, 13, 14
Box: 17, 6, 7
Box: 33, 4, 6
Box: 101, 33, 47
Box: 36, 8, 4
Box: 18, 8, 3
Box: 14, 24, 21
Box: 2, 4, 32
Box: 23, 30, 47
Box: 2, 43, 47
Box: 101, 19, 40
Box: 84, 19, 4
Box: 18, 4, 47
Box: 29, 123, 17
Box: 2, 123, 47
Box: 30, 18, 5
Box: 39, 17, 47
Box: 8, 28, 47
Box: 24, 22, 47
Box: 22, 123, 47
Box: 6, 2, 47
Box: 10, 5, 47
Box: 33, 9, 47
Box: 23, 9, 47
Box: 15, 47, 29
Box: 16, 14, 16
Box: 8, 57, 47
Box: 30, 6, 5
Box: 29, 96, 44
Box: 25, 15, 36
Box: 3, 31, 47
Box: 5, 24, 47
Box: 6, 45, 47
Box: 16, 19, 24
Box: 24, 8, 47
Box: 8, 2, 5
Box: 3, 7, 47
Box: 4, 17, 2
Box: 101, 19, 2
Box: 9, 6, 47
Box: 53, 33, 13
Box: 101, 32, 47
Box: 23, 7, 2
Box: 4, 7, 16
Box: 2, 10, 2
Box: 8, 56, 4
Box: 3, 36, 6
Box: 101, 37, 4
Box: 6, 12, 47
Box: 7, 41, 47
Box: 19, 11, 47
Box: 3, 10, 4
Box: 2, 2, 47
Box: 8, 15, 7
Box: 21, 7, 22
Box: 101, 3, 47
Box: 101, 54, 11
Box: 14, 15, 2
Box: 11, 96, 6
Box: 14, 123, 31
Box: 31, 2, 12
Box: 15, 2, 4
Box: 35, 31, 47
Box: 14, 39, 47
Box: 18, 111, 47
Box: 101, 3, 47
Box: 14, 5, 8
Box: 5, 14, 9
Box: 85, 13, 3
Box: 30, 25, 6
Box: 25, 123, 47
Box: 31, 37, 47
Box: 3, 6, 47
Box: 2, 38, 13
Box: 3, 3, 4
Box: 49, 18, 47
Box: 6, 13, 20
Box: 101, 39, 47
Box: 46, 5, 47
Box: 6, 8, 2
Box: 18, 6, 3
Box: 32, 3, 4
Box: 101, 39, 47
Box: 25, 28, 47
Box: 6, 5, 5
Box: 101, 40, 47
Box: 101, 4, 7
Box: 11, 10, 47
Box: 2, 102, 6
Box: 6, 16, 3
Box: 59, 59, 9
Box: 5, 31, 47
Box: 101, 51, 47
Box: 3, 2, 40
Box: 14, 123, 47
Box: 48, 48, 47
Box: 24, 17, 33
Box: 8, 51, 47
Box: 27, 123, 19
Box: 77, 20, 2
Box: 2, 14, 47
Box: 101, 5, 47
Box: 2, 12, 2
Box: 17, 123, 12
Box: 101, 16, 6
Box: 30, 8, 32
Box: 101, 18, 12
Box: 21, 3, 5
Box: 14, 24, 8
Box: 17, 3, 3
Box: 15, 12, 16
Box: 8, 27, 10
Box: 8, 5, 8
Box: 15, 5, 28
Box: 25, 123, 47
Box: 101, 19, 4
Box: 14, 9, 3
Box: 31, 25, 11
Box: 3, 7, 38
Box: 56, 51, 47
Box: 101, 37, 47
Box: 33, 9, 18
Box: 3, 21, 47
Box: 37, 123, 11
Box: 32, 8, 47
Box: 56, 12, 6
Box: 2, 30, 2
Box: 18, 5, 47
Box: 29, 54, 43
Box: 11, 16, 26
Box: 6, 33, 6
Box: 32, 22, 47
Box: 23, 38, 47
Box: 17, 6, 47
Box: 20, 11, 13
Box: 25, 12, 3
Box: 6, 73, 28
Box: 44, 96, 47
Box: 16, 6, 47
Box: 101, 8, 14
Box: 60, 54, 8
Box: 43, 3, 47
Box: 38, 4, 5
Box: 101, 13, 3
Box: 12, 13, 18
Box: 101, 2, 5
Box: 12, 7, 2
Box: 52, 46, 47
Box: 34, 12, 47
Box: 4, 20, 47
Box: 21, 14, 11
Box: 13, 75, 5
Box: 3, 55, 11
Box: 26, 34, 6
Box: 6, 41, 47
Box: 7, 55, 47
Box: 4, 7, 7
Box: 4, 5, 47
Box: 13, 18, 4
Box: 94, 8, 47
Box: 43, 12, 47
Box: 6, 23, 15
Box: 12, 4, 47
Box: 69, 11, 47
Box: 101, 11, 6
Box: 42, 12, 47
Box: 12, 10, 6
Box: 4, 20, 11
Box: 5, 32, 4
Box: 7, 15, 25
Box: 101, 2, 47
Box: 4, 21, 47
Box: 6, 123, 13
Box: 32, 10, 3
Box: 61, 123, 47
Box: 2, 49, 4
Box: 11, 9, 47
Box: 18, 123, 47
Box: 6, 2, 47
Box: 18, 2, 47
Box: 39, 43, 6
Box: 17, 4, 6
Box: 7, 37, 16
Box: 37, 4, 47
Box: 6, 6, 47
Box: 17, 123, 9
Box: 17, 9, 7
Box: 8, 13, 3
Box: 7, 8, 47
Box: 33, 5, 16
Box: 16, 55, 4
Box: 4, 34, 7
Box: 26, 10, 35
Box: 8, 3, 5
Box: 24, 39, 6
Box: 11, 11, 33
Box: 45, 3, 8
Box: 11, 4, 10
Box: 7, 60, 47
Box: 11, 10, 47
Box: 24, 2, 33
Box: 6, 85, 5
Box: 5, 5, 8
Box: 6, 9, 47
Box: 17, 123, 6
Box: 35, 3, 19
Box: 59, 59, 7
Box: 8, 48, 31
Box: 2, 31, 5
Box: 19, 33, 10
Box: 101, 4, 47
Box: 5, 18, 8
Box: 17, 123, 4
Box: 26, 21, 47
Box: 39, 10, 47
Box: 101, 73, 47
Box: 5, 21, 47
Box: 101, 29, 47
Box: 42, 14, 47
Box: 9, 2, 3
Box: 4, 32, 2
Box: 15, 8, 12
Box: 29, 123, 2
Box: 24, 54, 47
Box: 9, 96, 47
Box: 25, 3, 16
Box: 60, 6, 4
Box: 11, 8, 47
Box: 19, 18, 5
Box: 6, 3, 47
Box: 3, 20, 47
Box: 97, 2, 18
Box: 8, 3, 5
Box: 21, 7, 47
Box: 46, 7, 47
Box: 6, 3, 22
Box: 16, 15, 19
Box: 4, 3, 20
Box: 17, 4, 47
Box: 8, 22, 47
Box: 45, 21, 3
Box: 35, 27, 47
Box: 35, 40, 47
Box: 7, 13, 4
Box: 53, 12, 47
Box: 33, 96, 5
Box: 6, 6, 4
Box: 34, 17, 2
Box: 3, 5, 5
Box: 15, 12, 3
Box: 9, 15, 22
Box: 101, 67, 10
Box: 101, 15, 9
Box: 26, 21, 30
Box: 4, 7, 15
Box: 18, 20, 47
Box: 2, 26, 47
Box: 9, 39, 3
Box: 3, 11, 16
Box: 4, 7, 19
Box: 5, 5, 17
Box: 2, 21, 47
Box: 33, 11, 8
Box: 15, 123, 47
Box: 11, 12, 11
Box: 101, 3, 5
Box: 17, 24, 47
Box: 21, 3, 47
Box: 101, 6, 47
Box: 33, 18, 14
Box: 9, 18, 6
Box: 27, 19, 3
Box: 9, 36, 2
Box: 17, 21, 47
Box: 4, 5, 5
Box: 26, 18, 8
Box: 46, 3, 47
Box: 56, 6, 12
Box: 63, 12, 23
Box: 2, 14, 5
Box: 58, 2, 47
Box: 2, 8, 3
Box: 10, 46, 3
Box: 3, 16, 3
Box: 3, 12, 47
Box: 4, 7, 7
Box: 8, 3, 47
Box: 16, 18, 6
Box: 7, 7, 20
Box: 3, 10, 3
Box: 24, 2, 33
Box: 2, 3, 2
Box: 23, 16, 47
Box: 32, 31, 47
Box: 28, 4, 47
Box: 29, 32, 16
Box: 7, 4, 47
Box: 59, 4, 2
Box: 101, 11, 7
Box: 8, 29, 16
Box: 30, 2, 7
Box: 10, 33, 47
Box: 101, 19, 6
Box: 3, 17, 19
Box: 35, 47, 47
Box: 43, 3, 47
Box: 2, 17, 8
Box: 4, 4, 33
Box: 7, 19, 29
Box: 14, 50, 13
Box: 8, 27, 6
Box: 3, 5, 3
Box: 29, 6, 3
Box: 17, 2, 4
Box: 74, 42, 47
Box: 7, 6, 26
Box: 4, 16, 13
Box: 101, 6, 47
Box: 7, 2, 6
Box: 31, 34, 29
Box: 11, 14, 9
Box: 4, 9, 47
Box: 12, 32, 47
Box: 18, 6, 8
Box: 85, 22, 47
Box: 43, 5, 47
Box: 9, 7, 47
Box: 5, 26, 47
Box: 19, 23, 47
Box: 3, 7, 47
Box: 4, 10, 3
Box: 17, 2, 3
Box: 19, 15, 4
Box: 18, 5, 47
Box: 21, 13, 2
Box: 6, 36, 24
Box: 101, 45, 47
Box: 23, 123, 47
Box: 6, 5, 47
Box: 28, 6, 42
Box: 6, 12, 21
Box: 6, 106, 47
Box: 101, 17, 26
Box: 8, 6, 7
Box: 23, 19, 7
Box: 2, 4, 40
Box: 32, 14, 47
Box: 101, 25, 19
Box: 101, 5, 47
Box: 34, 22, 47
Box: 37, 123, 47
Box: 101, 19, 3
Box: 9, 36, 5
Box: 54, 3, 5
Box: 19, 2, 24
Box: 5, 14, 7
Box: 28, 16, 47
Box: 6, 2, 12
Box: 101, 13, 12
Box: 22, 67, 47
Box: 23, 22, 2
Box: 3, 28, 47
Box: 7, 29, 47
Box: 11, 12, 8
Box: 56, 2, 28
Box: 44, 41, 47
Box: 3, 6, 13
Box: 24, 10, 33
Box: 101, 2, 3
Box: 31, 49, 14
Box: 9, 14, 47
Box: 13, 12, 6
Box: 101, 24, 6
Box: 101, 2, 47
Box: 10, 2, 2
Box: 6, 3, 47
Box: 17, 36, 2
Box: 101, 36, 47
Box: 101, 25, 4
Box: 23, 46, 6
Box: 12, 25, 47
Box: 6, 26, 2
Box: 2, 5, 26
Box: 10, 30, 33
Box: 7, 90, 47
Box: 3, 110, 47
Box: 53, 36, 31
Box: 101, 5, 12
Box: 22, 15, 47
Box: 11, 123, 47
Box: 31, 11, 14
Box: 27, 123, 47
Box: 31, 18, 29
Box: 17, 3, 3
Box: 12, 123, 7
Box: 20, 6, 7
Box: 3, 5, 10
Box: 8, 44, 9
Box: 2, 3, 14
Box: 7, 19, 12
Box: 4, 2, 47
Box: 16, 11, 47
Box: 7, 19, 5
Box: 101, 4, 33
Box: 10, 30, 12
Box: 101, 19, 26
Box: 13, 15, 4
Box: 5, 10, 4
Box: 13, 44, 47
Box: 2, 7, 13
Box: 53, 13, 31
Box: 2, 21, 11
Box: 9, 9, 47
Box: 2, 19, 22
Box: 11, 15, 11
Box: 17, 13, 3
Box: 45, 2, 47
Box: 10, 13, 9
Box: 7, 18, 8
Box: 2, 12, 47
Box: 2, 4, 9
Box: 35, 30, 47
Box: 34, 5, 5
Box: 80, 33, 47
Box: 28, 4, 2
Box: 3, 36, 6
Box: 6, 3, 7
Box: 16, 8, 16
Box: 46, 14, 36
Box: 101, 2, 47
Box: 2, 44, 47
Box: 11, 5, 5
Box: 2, 34, 47
Box: 2, 27, 47
Box: 4, 15, 4
Box: 25, 4, 47
Box: 5, 5, 47
Box: 10, 6, 4
Box: 42, 10, 3
Box: 14, 31, 47
Box: 34, 5, 21
Box: 94, 18, 47
Box: 2, 46, 47
Box: 16, 19, 23
Box: 71, 22, 26
Box: 39, 23, 47
Box: 6, 29, 3
Box: 12, 123, 47
Box: 10, 115, 31
Box: 15, 11, 47
Box: 2, 7, 9
Box: 59, 59, 12
Box: 6, 34, 47
Box: 101, 8, 26
Box: 22, 26, 4
Box: 2, 73, 15
Box: 2, 4, 8
Box: 5, 19, 7
Box: 14, 44, 9
Box: 17, 8, 27
Box: 6, 26, 2
Box: 7, 55, 31
Box: 26, 5, 47
Box: 11, 5, 5
Box: 3, 13, 26
Box: 5, 7, 4
Box: 43, 78, 20
Box: 18, 6, 5
Box: 7, 2, 7
Box: 101, 11, 39
Box: 16, 12, 47
Box: 2, 7, 9
Box: 101, 3, 10
Box: 13, 15, 3
Box: 9, 36, 9
Box: 19, 17, 4
Box: 13, 38, 47
Box: 6, 26, 2
Box: 40, 17, 4
Box: 46, 4, 47
Box: 7, 7, 47
Box: 32, 6, 47
Box: 10, 4, 47
Box: 6, 6, 3
Box: 6, 23, 47
Box: 13, 123, 7
Box: 37, 123, 2
Box: 30, 17, 15
Box: 30, 3, 47
Box: 5, 17, 47
Box: 101, 16, 2
Box: 6, 29, 3
Box: 101, 2, 47
Box: 3, 2, 12
Box: 4, 3, 15
Box: 23, 52, 17
Box: 22, 5, 15
Box: 17, 2, 2
Box: 6, 33, 6
Box: 23, 6, 4
Box: 10, 2, 47
Box: 101, 75, 4
Box: 9, 123, 47
Box: 25, 8, 47
Box: 9, 36, 9
Box: 33, 43, 16
Box: 16, 15, 14
Box: 38, 10, 29
Box: 11, 16, 2
Box: 5, 2, 40
Box: 9, 85, 47
Box: 15, 30, 47
Box: 18, 7, 8
Box: 10, 6, 31
Box: 2, 20, 16
Box: 48, 20, 47
Box: 23, 76, 2
Box: 38, 9, 5
Box: 5, 5, 47
Box: 5, 3, 47
Box: 101, 56, 2
Box: 92, 2, 6
Box: 2, 19, 47
Box: 13, 73, 47
Box: 19, 10, 47
Box: 2, 25, 5
Box: 21, 15, 16
Box: 11, 8, 16
Box: 8, 8, 6
Box: 10, 123, 7
Box: 101, 17, 47
Box: 12, 123, 47
Box: 101, 41, 40
Box: 28, 19, 47
Box: 7, 25, 25
Box: 10, 80, 2
Box: 2, 2, 2
Box: 23, 70, 47
Box: 2, 53, 47
Box: 11, 34, 16
Box: 29, 13, 47
Box: 2, 4, 8
Box: 2, 52, 47
Box: 11, 36, 23
Box: 24, 115, 47
Box: 21, 4, 12
Box: 51, 19, 7
Box: 80, 37, 3
Box: 5, 30, 30
Box: 35, 15, 7
Box: 35, 106, 47
Box: 23, 2, 12
Box: 9, 15, 47
Box: 28, 32, 47
Box: 101, 5, 47
Box: 4, 45, 14
Box: 8, 78, 11
Box: 11, 123, 6
Box: 11, 42, 10
Box: 12, 18, 28
Box: 5, 2, 47
Box: 47, 10, 2
Box: 30, 21, 47
Box: 83, 54, 47
Box: 46, 16, 47
Box: 11, 6, 8
Box: 14, 50, 12
Box: 33, 9, 29
Box: 3, 7, 47
Box: 3, 12, 47
Box: 23, 49, 47
Box: 9, 69, 47
Box: 68, 31, 16
Box: 13, 10, 11
Box: 70, 2, 9
Box: 101, 33, 47
Box: 53, 59, 2
Box: 18, 34, 47
Box: 6, 24, 19
Box: 42, 123, 47
Box: 5, 7, 47
Box: 42, 10, 3
Box: 41, 24, 4
Box: 4, 27, 13
Box: 10, 7, 4
Box: 11, 5, 3
Box: 23, 51, 2
Box: 34, 44, 9
Box: 41, 123, 47
Box: 12, 9, 47
Box: 101, 13, 18
Box: 60, 13, 12
Box: 31, 3, 5
Box: 10, 4, 4
Box: 3, 50, 3
Box: 3, 5, 47
Box: 9, 10, 47
Box: 36, 49, 47
Box: 6, 26, 47
Box: 41, 49, 12
Box: 24, 6, 33
Box: 6, 9, 7
Box: 26, 4, 47
Box: 5, 44, 9
Box: 33, 96, 26
Box: 2, 81, 7
Box: 6, 13, 27
Box: 11, 18, 4
Box: 6, 8, 7
Box: 21, 43, 47
Box: 2, 2, 9
Box: 9, 5, 16
Box: 67, 2, 3
Box: 21, 8, 33
Box: 12, 123, 47
Box: 2, 111, 47
Box: 16, 34, 47
Box: 44, 15, 5
Box: 7, 3, 18
Box: 31, 64, 5
Box: 29, 2, 13
Box: 12, 7, 8
Box: 5, 24, 6
Box: 21, 14, 17
Box: 2, 19, 47
Box: 12, 21, 40
Box: 37, 21, 47
Box: 7, 32, 4
Box: 19, 17, 16
Box: 21, 14, 19
Box: 19, 45, 47
Box: 76, 44, 9
Box: 16, 2, 47
Box: 8, 6, 8
Box: 4, 15, 9
Box: 43, 21, 47
Box: 3, 8, 17
Box: 94, 26, 47
Box: 6, 46, 7
Box: 30, 4, 23
Box: 29, 123, 7
Box: 29, 54, 4
Box: 13, 21, 26
Box: 9, 123, 47
Box: 101, 11, 4
Box: 9, 44, 2
Box: 63, 5, 47
Box: 35, 12, 2
Box: 35, 15, 47
Box: 21, 43, 5
Box: 2, 123, 41
Box: 11, 34, 8
Box: 27, 5, 47
Box: 14, 11, 15
Box: 101, 25, 47
Box: 2, 2, 11
Box: 6, 8, 2
Box: 101, 32, 3
Box: 3, 94, 47
Box: 14, 58, 47
Box: 2, 8, 47
Box: 40, 23, 16
Box: 17, 3, 31
Box: 2, 4, 13
Box: 11, 5, 4
Box: 23, 4, 15
Box: 3, 21, 47
Box: 31, 5, 5
Box: 87, 5, 47
Box: 18, 7, 19
Box: 42, 44, 2
Box: 53, 33, 31
Box: 45, 7, 47
Box: 23, 46, 5
Box: 3, 39, 47
Box: 31, 18, 3
Box: 101, 35, 9
Box: 69, 47, 16
Box: 5, 59, 47
Box: 101, 4, 47
Box: 4, 9, 6
Box: 6, 16, 19
Box: 17, 20, 29
Box: 101, 7, 3
Box: 71, 69, 47
Box: 12, 12, 47
Box: 17, 18, 27
Box: 27, 123, 2
Box: 37, 3, 47
Box: 7, 17, 5
Box: 101, 11, 9
Box: 12, 5, 47
Box: 7, 2, 15
Box: 88, 15, 47
Box: 5, 2, 7
Box: 2, 21, 3
Box: 4, 119, 47
Box: 2, 54, 18
Box: 16, 8, 2
Box: 6, 14, 6
Box: 21, 17, 47
Box: 26, 21, 17
Box: 39, 43, 10
Box: 31, 2, 35
Box: 19, 3, 47
Box: 26, 2, 18
Box: 9, 18, 5
Box: 34, 3, 47
Box: 101, 39, 32
Box: 38, 14, 5
Box: 10, 3, 4
Box: 23, 38, 15
Box: 2, 9, 4
Box: 3, 29, 3
Box: 3, 8, 5
Box: 85, 39, 47
Box: 6, 10, 22
Box: 33, 5, 6
Box: 10, 15, 47
Box: 5, 6, 2
Box: 69, 47, 5
Box: 33, 96, 4
Box: 12, 17, 47
Box: 23, 5, 14
Box: 13, 10, 47
Box: 40, 5, 47
Box: 18, 2, 47
Box: 15, 40, 4
Box: 2, 7, 20
Box: 11, 15, 11
Box: 8, 18, 29
Box: 5, 2, 18
Box: 29, 5, 4
Box: 2, 15, 47
Box: 4, 12, 8
Box: 6, 8, 47
Box: 85, 34, 47
Box: 9, 123, 2
Box: 40, 17, 7
Box: 10, 13, 13
Box: 101, 69, 27
Box: 6, 8, 7
Box: 2, 13, 47
Box: 18, 7, 47
Box: 10, 2, 47
Box: 18, 2, 6
Box: 68, 2, 5
Box: 3, 2, 24
Box: 101, 22, 47
Box: 2, 29, 2
Box: 30, 3, 23
Box: 2, 6, 47
Box: 9, 12, 11
Box: 12, 5, 37
Box: 10, 25, 3
Box: 73, 25, 47
Box: 8, 4, 13
Box: 26, 34, 8
Box: 11, 4, 47
Box: 101, 25, 4
Box: 29, 4, 11
Box: 14, 70, 4
Box: 4, 123, 47
Box: 10, 32, 47
Box: 5, 20, 47
Box: 3, 2, 47
Box: 28, 12, 2
Box: 30, 24, 2
Box: 24, 46, 47
Box: 9, 17, 7
Box: 23, 21, 47
Box: 4, 7, 30
Box: 12, 4, 2
Box: 5, 15, 2
Box: 18, 25, 6
Box: 5, 14, 7
Box: 11, 3, 47
Box: 41, 123, 47
Box: 43, 19, 3
Box: 26, 6, 8
Box: 35, 3, 10
Box: 10, 17, 47
Box: 101, 108, 7
Box: 7, 13, 8
Box: 64, 18, 47
Box: 7, 12, 3
Box: 101, 11, 47
Box: 2, 36, 47
Box: 15, 8, 2
Box: 8, 39, 5
Box: 53, 2, 47
Box: 101, 17, 47
Box: 2, 7, 6
Box: 37, 123, 26
Box: 11, 123, 41
Box: 6, 2, 12
Box: 101, 75, 4
Box: 33, 66, 13
Box: 101, 15, 47
Box: 38, 123, 27
Box: 101, 5, 5
Box: 101, 3, 47
Box: 32, 31, 24
Box: 21, 38, 2
Box: 17, 15, 47
Box: 44, 88, 47
Box: 21, 38, 4
Box: 70, 2, 2
Box: 3, 8, 6
Box: 17, 10, 4
Box: 16, 123, 4
Box: 17, 4, 15
Box: 6, 21, 47
Box: 7, 5, 47
Box: 94, 5, 47
Box: 78, 59, 47
Box: 22, 16, 47
Box: 101, 12, 47
Box: 14, 16, 47
Box: 2, 8, 3
Box: 9, 123, 47
Box: 5, 4, 47
Box: 9, 5, 3
Box: 53, 21, 3
Box: 39, 13, 2
Box: 30, 39, 47
Box: 17, 19, 11
Box: 8, 2, 47
Box: 94, 37, 47
Box: 30, 2, 12
Box: 4, 10, 3
Box: 39, 39, 47
Box: 30, 6, 23
Box: 19, 33, 3
Box: 2, 21, 12
Box: 20, 17, 47
Box: 3, 4, 20
Box: 3, 52, 12
Box: 101, 30, 12
Box: 3, 32, 3
Box: 7, 69, 47
Box: 15, 45, 47
Box: 10, 123, 26
Box: 12, 9, 47
Box: 14, 8, 8
Box: 2, 6, 18
Box: 31, 9, 11
Box: 17, 5, 47
Box: 11, 14, 4
Box: 6, 123, 47
Box: 2, 9, 5
Box: 3, 18, 47
Box: 19, 4, 47
Box: 3, 27, 47
Box: 46, 10, 47
Box: 7, 12, 7
Box: 10, 19, 17
Box: 19, 33, 8
Box: 37, 3, 3
Box: 15, 15, 47
Box: 45, 15, 47
Box: 23, 5, 3
Box: 11, 8, 11
Box: 7, 18, 16
Box: 5, 4, 2
Box: 7, 27, 47
Box: 7, 2, 8
Box: 26, 35, 15
Box: 3, 38, 47
Box: 44, 15, 38
Box: 10, 123, 5
Box: 34, 14, 47
Box: 3, 9, 47
Box: 17, 9, 7
Box: 25, 44, 2
Box: 6, 3, 12
Box: 24, 5, 5
Box: 75, 9, 47
Box: 11, 52, 47
Box: 97, 2, 3
Box: 9, 2, 3
Box: 3, 123, 3
Box: 3, 4, 8
Box: 101, 78, 6
Box: 5, 12, 47
Box: 68, 43, 47
Box: 6, 12, 5
Box: 23, 12, 13
Box: 3, 16, 47
Box: 5, 10, 3
Box: 18, 3, 47
Box: 19, 4, 4
Box: 9, 5, 7
Box: 75, 11, 47
Box: 17, 123, 26
Box: 45, 3, 16
Box: 68, 7, 12
Box: 2, 34, 47
Box: 44, 11, 6
Box: 85, 3, 47
Box: 29, 123, 7
Box: 26, 4, 2
Box: 7, 37, 19
Box: 16, 60, 47
Box: 3, 13, 47
Box: 27, 15, 7
Box: 16, 47, 29
Box: 33, 22, 6
Box: 21, 22, 47
Box: 17, 19, 47
Box: 8, 32, 47
Box: 7, 109, 47
Box: 49, 36, 47
Box: 4, 2, 8
Box: 5, 53, 3
Box: 35, 7, 47
Box: 16, 12, 23
Box: 45, 10, 47
Box: 53, 41, 31
Box: 23, 5, 13
Box: 7, 51, 30
Box: 17, 4, 10
Box: 5, 14, 6
Box: 2, 9, 47
Box: 23, 26, 13
Box: 11, 33, 3
Box: 5, 50, 8
Box: 3, 41, 47
Box: 24, 18, 8
Box: 14, 14, 8
Box: 84, 45, 47
Box: 3, 32, 2
Box: 101, 39, 47
Box: 30, 2, 3
Box: 2, 29, 3
Box: 10, 30, 7
Box: 2, 15, 4
Box: 101, 2, 47
Box: 8, 16, 47
Box: 3, 123, 47
Box: 6, 3, 28
Box: 20, 24, 47
Box: 45, 8, 44
Box: 10, 42, 10
Box: 12, 3, 5
Box: 3, 3, 47
Box: 17, 2, 45
Box: 23, 53, 4
Box: 2, 24, 8
Box: 3, 3, 11
Box: 11, 4, 47
Box: 95, 13, 47
Box: 5, 67, 5
Box: 3, 7, 47
Box: 23, 16, 6
Box: 8, 13, 47
Box: 6, 31, 19
Box: 12, 27, 47
Box: 101, 22, 16
Box: 4, 5, 3
Box: 6, 7, 11
Box: 14, 27, 47
Box: 6, 16, 18
Box: 70, 18, 6
Box: 7, 3, 10
Box: 75, 45, 14
Box: 11, 6, 11
Box: 8, 27, 10
Box: 4, 6, 47
Box: 40, 13, 18
Box: 11, 34, 3
Box: 17, 41, 26
Box: 17, 20, 11
Box: 47, 7, 47
Box: 9, 25, 6
Box: 11, 123, 47
Box: 68, 22, 47
Box: 10, 8, 6
Box: 37, 9, 47
Box: 22, 11, 47
Box: 6, 7, 8
Box: 16, 7, 47
Box: 5, 4, 8
Box: 8, 44, 9
Box: 4, 78, 47
Box: 11, 14, 15
Box: 101, 5, 47
Box: 30, 17, 5
Box: 65, 12, 3
Box: 15, 8, 3
Box: 19, 9, 14
Box: 17, 19, 19
Box: 65, 96, 44
Box: 3, 6, 7
Box: 18, 16, 47
Box: 61, 6, 47
Box: 11, 18, 47
Box: 26, 10, 9
Box: 11, 14, 10
Box: 29, 123, 10
Box: 27, 6, 4
Box: 6, 2, 47
Box: 20, 14, 13
Box: 12, 8, 47
Box: 30, 17, 7
Box: 3, 15, 26
Box: 28, 123, 11
Box: 4, 111, 47
Box: 6, 10, 3
Box: 12, 19, 47
Box: 7, 18, 3
Box: 13, 18, 8
Box: 15, 6, 10
Box: 37, 123, 15
Box: 6, 123, 4
Box: 75, 45, 8
Box: 101, 4, 24
Box: 19, 78, 7
Box: 2, 123, 47
Box: 3, 25, 11
Box: 17, 14, 19
Box: 15, 23, 12
Box: 12, 5, 16
Box: 2, 34, 47
Box: 60, 123, 10
Box: 101, 23, 4
Box: 70, 17, 26
Box: 3, 6, 10
Box: 2, 10, 47
Box: 101, 17, 47
Box: 20, 12, 47
Box: 6, 14, 11
Box: 2, 24, 8
Box: 5, 2, 6
Box: 3, 41, 26
Box: 7, 30, 7
Box: 101, 8, 33
Box: 4, 14, 7
Box: 2, 10, 3
Box: 50, 42, 47
Box: 27, 6, 11
Box: 16, 15, 47
Box: 50, 36, 47
Box: 17, 69, 4
Box: 8, 15, 16
Box: 5, 2, 3
Box: 58, 39, 5
Box: 5, 21, 2
Box: 2, 59, 8
Box: 67, 4, 3
Box: 34, 33, 3
Box: 9, 123, 7
Box: 101, 12, 47
Box: 12, 12, 47
Box: 6, 5, 2
Box: 6, 13, 12
Box: 9, 2, 40
Box: 13, 53, 8
Box: 17, 78, 47
Box: 44, 11, 15
Box: 2, 6, 7
Box: 4, 90, 13
Box: 44, 36, 47
Box: 101, 11, 14
Box: 6, 36, 13
Box: 2, 8, 3
Box: 47, 4, 13
####################
#Expected Output: 120
#Number of Bins: 120.
