Bin: 238, 231, 115
Box: 76, 13, 3
Box: 12, 231, 24
Box: 11, 6, 36
Box: 48, 18, 115
Box: 11, 23, 30
Box: 238, 19, 72
Box: 11, 22, 23
Box: 24, 7, 6
Box: 8, 9, 5
Box: 24, 138, 115
Box: 3, 10, 33
Box: 19, 33, 115
Box: 15, 93, 44
Box: 15, 2, 6
Box: 238, 16, 87
Box: 63, 44, 15
Box: 51, 6, 115
Box: 68, 12, 115
Box: 238, 20, 115
Box: 68, 23, 64
Box: 37, 19, 115
Box: 21, 68, 6
Box: 27, 89, 33
Box: 12, 86, 18
Box: 15, 2, 6
Box: 24, 25, 115
Box: 157, 54, 115
Box: 2, 44, 3
Box: 238, 15, 36
Box: 7, 33, 12
Box: 238, 4, 89
Box: 14, 12, 100
Box: 10, 23, 115
Box: 22, 44, 115
Box: 160, 231, 14
Box: 238, 165, 36
Box: 3, 31, 22
Box: 63, 44, 5
Box: 47, 183, 115
Box: 12, 2, 18
Box: 12, 231, 2
Box: 14, 231, 12
Box: 6, 17, 53
Box: 6, 3, 12
Box: 8, 231, 32
Box: 32, 70, 5
Box: 3, 53, 2
Box: 238, 20, 35
Box: 14, 6, 3
Box: 32, 70, 2
Box: 48, 6, 11
Box: 7, 9, 10
Box: 69, 103, 115
Box: 59, 67, 115
Box: 82, 2, 6
Box: 53, 8, 22
Box: 25, 7, 20
Box: 6, 6, 78
Box: 42, 231, 24
Box: 10, 33, 30
Box: 76, 13, 4
Box: 9, 54, 115
Box: 238, 23, 115
Box: 27, 17, 115
Box: 51, 11, 28
Box: 82, 21, 8
Box: 9, 45, 30
Box: 2, 54, 2
Box: 14, 185, 16
Box: 53, 104, 5
Box: 3, 2, 47
Box: 26, 231, 115
Box: 16, 86, 115
Box: 27, 9, 16
Box: 9, 17, 115
Box: 76, 34, 115
Box: 11, 106, 3
Box: 82, 42, 6
Box: 10, 13, 22
Box: 3, 13, 46
Box: 6, 2, 12
Box: 18, 3, 115
Box: 45, 2, 115
Box: 117, 231, 115
Box: 79, 231, 71
Box: 30, 19, 8
Box: 159, 18, 115
Box: 42, 231, 31
Box: 28, 19, 4
Box: 123, 231, 71
Box: 4, 2, 77
Box: 10, 88, 15
Box: 238, 6, 11
Box: 9, 6, 39
Box: 9, 17, 115
Box: 21, 231, 12
Box: 182, 23, 41
Box: 3, 8, 5
Box: 63, 10, 7
Box: 26, 23, 9
Box: 14, 71, 12
Box: 30, 18, 7
Box: 238, 5, 38
Box: 7, 10, 67
Box: 26, 231, 39
Box: 51, 11, 33
Box: 238, 231, 18
Box: 30, 69, 3
Box: 30, 7, 3
Box: 12, 31, 2
Box: 20, 25, 115
Box: 8, 49, 115
Box: 2, 7, 12
Box: 4, 19, 4
Box: 14, 100, 12
Box: 15, 49, 8
Box: 29, 23, 2
Box: 59, 19, 27
Box: 10, 36, 16
Box: 4, 115, 12
Box: 5, 19, 115
Box: 27, 43, 22
Box: 238, 25, 115
Box: 102, 39, 115
Box: 182, 29, 41
Box: 18, 19, 18
Box: 10, 231, 83
Box: 19, 36, 10
Box: 95, 231, 115
Box: 53, 5, 12
Box: 53, 6, 3
Box: 35, 19, 2
Box: 27, 43, 3
Box: 129, 16, 15
Box: 2, 36, 10
Box: 11, 12, 115
Box: 27, 10, 21
Box: 238, 51, 115
Box: 4, 2, 34
Box: 62, 9, 115
Box: 9, 10, 33
Box: 82, 49, 6
Box: 48, 12, 20
Box: 51, 111, 115
Box: 64, 106, 115
Box: 70, 14, 18
Box: 15, 10, 115
Box: 5, 68, 6
Box: 26, 60, 9
Box: 76, 10, 67
Box: 47, 3, 52
Box: 63, 16, 7
Box: 27, 8, 33
Box: 136, 39, 115
Box: 35, 12, 23
Box: 5, 31, 22
Box: 2, 2, 115
Box: 6, 10, 2
Box: 6, 88, 115
Box: 56, 12, 2
Box: 79, 231, 20
Box: 238, 231, 8
Box: 7, 15, 38
Box: 6, 77, 115
Box: 150, 45, 54
Box: 6, 88, 115
Box: 18, 231, 115
Box: 42, 54, 50
Box: 30, 13, 5
Box: 79, 231, 17
Box: 238, 80, 2
Box: 8, 7, 2
Box: 6, 36, 20
Box: 30, 231, 38
Box: 63, 9, 7
Box: 8, 26, 8
Box: 30, 18, 21
Box: 2, 3, 115
Box: 238, 78, 115
Box: 18, 19, 14
Box: 20, 9, 6
Box: 64, 70, 22
Box: 238, 7, 115
Box: 12, 18, 64
Box: 58, 87, 115
Box: 53, 60, 115
Box: 58, 185, 61
Box: 84, 36, 10
Box: 76, 62, 67
Box: 31, 18, 52
Box: 15, 86, 115
Box: 85, 91, 115
Box: 3, 2, 5
Box: 24, 86, 115
Box: 20, 9, 115
Box: 20, 19, 8
Box: 76, 15, 2
Box: 17, 138, 115
Box: 8, 20, 2
Box: 238, 9, 16
Box: 6, 30, 52
Box: 77, 17, 115
Box: 30, 4, 8
Box: 63, 27, 4
Box: 37, 14, 53
Box: 12, 19, 2
Box: 238, 13, 16
Box: 7, 28, 38
Box: 11, 44, 115
Box: 104, 231, 2
Box: 8, 13, 4
Box: 68, 91, 16
Box: 40, 86, 115
Box: 42, 37, 5
Box: 3, 3, 42
Box: 44, 23, 2
Box: 26, 48, 22
Box: 12, 231, 10
Box: 8, 9, 55
Box: 238, 25, 115
Box: 238, 26, 115
Box: 25, 15, 5
Box: 24, 31, 22
Box: 30, 41, 8
Box: 54, 86, 115
Box: 30, 18, 2
Box: 18, 44, 115
Box: 26, 92, 9
Box: 125, 7, 5
Box: 20, 48, 115
Box: 37, 16, 115
Box: 49, 231, 115
Box: 25, 231, 115
Box: 7, 14, 6
Box: 27, 9, 16
Box: 7, 41, 26
Box: 20, 44, 115
Box: 26, 2, 22
Box: 17, 44, 31
Box: 6, 14, 3
Box: 8, 5, 7
Box: 8, 9, 6
Box: 23, 6, 24
Box: 47, 48, 115
Box: 56, 12, 4
Box: 5, 18, 115
Box: 29, 13, 4
Box: 149, 231, 115
Box: 76, 15, 20
Box: 56, 12, 78
Box: 63, 44, 15
Box: 171, 93, 115
Box: 76, 15, 3
Box: 27, 17, 115
Box: 13, 68, 6
Box: 4, 3, 115
Box: 37, 7, 115
Box: 30, 6, 8
Box: 43, 53, 2
Box: 24, 231, 8
Box: 68, 94, 16
Box: 3, 6, 5
Box: 53, 9, 115
Box: 6, 6, 14
Box: 21, 41, 115
Box: 8, 2, 5
Box: 12, 15, 64
Box: 64, 70, 26
Box: 23, 65, 60
Box: 11, 22, 25
Box: 76, 231, 48
Box: 2, 18, 115
Box: 54, 6, 31
Box: 8, 20, 63
Box: 238, 13, 38
Box: 76, 4, 13
Box: 31, 16, 15
Box: 12, 2, 6
Box: 77, 76, 115
Box: 23, 5, 115
Box: 23, 86, 115
Box: 3, 20, 12
Box: 73, 231, 7
Box: 111, 33, 115
Box: 26, 32, 9
Box: 84, 36, 16
Box: 14, 16, 15
Box: 125, 38, 6
Box: 78, 138, 7
Box: 10, 231, 52
Box: 12, 6, 20
Box: 10, 12, 5
Box: 60, 32, 17
Box: 2, 112, 38
Box: 45, 17, 6
Box: 7, 7, 3
Box: 3, 36, 22
Box: 238, 28, 115
Box: 43, 12, 7
Box: 28, 112, 38
Box: 82, 42, 8
Box: 6, 143, 4
Box: 8, 4, 11
Box: 14, 138, 115
Box: 238, 85, 36
Box: 7, 68, 6
Box: 30, 8, 24
Box: 10, 11, 5
Box: 26, 231, 43
Box: 149, 80, 69
Box: 102, 53, 2
Box: 6, 231, 19
Box: 11, 106, 7
Box: 11, 106, 4
Box: 6, 4, 3
Box: 6, 161, 2
Box: 3, 6, 36
Box: 18, 66, 49
Box: 6, 10, 41
Box: 70, 131, 46
Box: 79, 231, 38
Box: 14, 91, 115
Box: 61, 106, 115
Box: 17, 3, 42
Box: 40, 12, 15
Box: 37, 18, 115
Box: 113, 34, 115
Box: 69, 44, 12
Box: 32, 30, 39
Box: 30, 9, 8
Box: 238, 7, 115
Box: 57, 22, 5
Box: 18, 19, 29
Box: 53, 52, 41
Box: 63, 44, 13
Box: 14, 7, 26
Box: 238, 2, 115
Box: 238, 188, 21
Box: 238, 151, 72
Box: 70, 14, 24
Box: 13, 138, 35
Box: 6, 6, 7
Box: 11, 106, 69
Box: 46, 10, 4
Box: 8, 231, 10
Box: 62, 37, 115
Box: 15, 112, 38
Box: 16, 93, 115
Box: 53, 15, 115
Box: 9, 18, 18
Box: 37, 33, 12
Box: 160, 143, 44
Box: 238, 17, 115
Box: 54, 19, 2
Box: 20, 9, 2
Box: 152, 2, 115
Box: 6, 26, 12
Box: 160, 231, 4
Box: 25, 84, 33
Box: 88, 23, 54
Box: 21, 85, 20
Box: 88, 111, 2
Box: 10, 16, 13
Box: 21, 58, 115
Box: 5, 68, 115
Box: 20, 8, 115
Box: 5, 45, 18
Box: 25, 3, 115
Box: 35, 6, 31
Box: 96, 30, 52
Box: 14, 44, 3
Box: 58, 36, 72
Box: 30, 76, 2
Box: 11, 138, 14
Box: 2, 19, 4
Box: 6, 38, 8
Box: 23, 34, 115
Box: 39, 23, 2
Box: 94, 201, 12
Box: 30, 77, 20
Box: 53, 53, 22
Box: 155, 38, 8
Box: 48, 6, 18
Box: 7, 33, 11
Box: 102, 54, 2
Box: 8, 4, 11
Box: 144, 9, 115
Box: 27, 10, 5
Box: 99, 38, 2
Box: 238, 50, 58
Box: 24, 76, 61
Box: 108, 150, 2
Box: 37, 18, 12
Box: 40, 231, 115
Box: 3, 11, 115
Box: 238, 4, 4
Box: 41, 88, 115
Box: 33, 231, 7
Box: 4, 40, 2
Box: 81, 86, 8
Box: 46, 112, 38
Box: 205, 231, 69
Box: 30, 98, 38
Box: 3, 12, 9
Box: 25, 82, 115
Box: 182, 68, 41
Box: 3, 6, 33
Box: 81, 86, 13
Box: 13, 6, 11
Box: 238, 9, 4
Box: 42, 231, 5
Box: 125, 49, 11
Box: 238, 41, 16
Box: 11, 84, 19
Box: 238, 231, 6
Box: 6, 39, 5
Box: 53, 93, 44
Box: 3, 12, 115
Box: 76, 6, 67
Box: 8, 12, 115
Box: 32, 159, 115
Box: 9, 86, 115
Box: 3, 3, 115
Box: 12, 101, 64
Box: 6, 4, 12
Box: 12, 44, 3
Box: 238, 80, 43
Box: 8, 30, 115
Box: 3, 112, 38
Box: 6, 6, 25
Box: 15, 18, 115
Box: 12, 86, 12
Box: 7, 49, 50
Box: 20, 9, 15
Box: 12, 30, 20
Box: 26, 5, 22
Box: 39, 17, 115
Box: 42, 73, 5
Box: 89, 80, 69
Box: 31, 19, 2
Box: 28, 93, 44
Box: 10, 18, 18
Box: 13, 19, 27
Box: 7, 10, 38
Box: 238, 24, 115
Box: 53, 17, 115
Box: 25, 7, 8
Box: 13, 19, 115
Box: 27, 11, 115
Box: 62, 26, 115
Box: 238, 15, 115
Box: 6, 24, 12
Box: 18, 23, 115
Box: 238, 6, 60
Box: 37, 5, 115
Box: 3, 23, 30
Box: 8, 231, 65
Box: 138, 19, 7
Box: 238, 231, 4
Box: 205, 183, 14
Box: 13, 3, 7
Box: 3, 41, 46
Box: 17, 22, 115
Box: 51, 11, 11
Box: 7, 7, 2
Box: 238, 46, 115
Box: 20, 6, 11
Box: 18, 3, 49
Box: 11, 138, 13
Box: 30, 87, 8
Box: 238, 47, 12
Box: 39, 4, 115
Box: 238, 16, 13
Box: 6, 15, 12
Box: 69, 93, 44
Box: 24, 23, 61
Box: 23, 23, 2
Box: 205, 6, 14
Box: 14, 7, 23
Box: 126, 15, 115
Box: 5, 2, 115
Box: 2, 231, 7
Box: 11, 38, 2
Box: 9, 45, 42
Box: 46, 53, 7
Box: 10, 10, 13
Box: 13, 69, 49
Box: 4, 112, 18
Box: 7, 7, 26
Box: 6, 231, 22
Box: 6, 50, 12
Box: 6, 10, 8
Box: 7, 9, 42
Box: 81, 86, 29
Box: 53, 18, 9
Box: 62, 14, 115
Box: 2, 54, 24
Box: 4, 13, 2
Box: 7, 36, 8
Box: 11, 22, 2
Box: 7, 108, 115
Box: 25, 38, 3
Box: 238, 231, 26
Box: 7, 231, 115
Box: 27, 9, 17
Box: 4, 11, 5
Box: 53, 6, 10
Box: 59, 231, 115
Box: 8, 9, 5
Box: 3, 18, 18
Box: 8, 26, 71
Box: 13, 138, 46
Box: 39, 6, 27
Box: 11, 138, 15
Box: 159, 83, 115
Box: 19, 34, 115
Box: 159, 10, 115
Box: 64, 30, 115
Box: 34, 111, 27
Box: 30, 18, 40
Box: 13, 16, 115
Box: 10, 33, 2
Box: 3, 12, 80
Box: 144, 3, 115
Box: 8, 3, 11
Box: 23, 83, 7
Box: 7, 34, 9
Box: 238, 4, 10
Box: 9, 231, 115
Box: 4, 38, 8
Box: 21, 7, 25
Box: 76, 231, 115
Box: 15, 3, 115
Box: 20, 19, 34
Box: 17, 106, 2
Box: 53, 6, 12
Box: 82, 14, 17
Box: 7, 11, 16
Box: 82, 79, 8
Box: 7, 36, 35
Box: 12, 28, 80
Box: 17, 44, 17
Box: 37, 23, 60
Box: 21, 31, 22
Box: 7, 27, 42
Box: 58, 231, 25
Box: 6, 8, 12
Box: 5, 18, 18
Box: 13, 138, 3
Box: 7, 4, 42
Box: 238, 59, 115
Box: 9, 45, 14
Box: 7, 49, 8
Box: 6, 6, 5
Box: 10, 5, 5
Box: 54, 19, 2
Box: 22, 6, 39
Box: 69, 69, 23
Box: 17, 54, 115
Box: 131, 17, 6
Box: 12, 14, 64
Box: 238, 4, 42
Box: 30, 18, 23
Box: 22, 84, 19
Box: 19, 44, 3
Box: 6, 4, 4
Box: 8, 9, 9
Box: 21, 12, 12
Box: 17, 106, 40
Box: 23, 59, 115
Box: 11, 106, 16
Box: 9, 87, 115
Box: 114, 24, 115
Box: 8, 53, 2
Box: 23, 231, 83
Box: 238, 10, 4
Box: 102, 9, 2
Box: 20, 231, 7
Box: 6, 231, 39
Box: 88, 4, 3
Box: 238, 130, 115
Box: 32, 33, 115
Box: 238, 85, 12
Box: 9, 11, 5
Box: 2, 23, 60
Box: 39, 12, 115
Box: 7, 7, 10
Box: 12, 86, 33
Box: 24, 7, 15
Box: 15, 96, 115
Box: 27, 43, 8
Box: 4, 15, 12
Box: 76, 13, 10
Box: 238, 231, 15
Box: 25, 3, 33
Box: 238, 85, 16
Box: 3, 10, 115
Box: 37, 14, 49
Box: 26, 58, 22
Box: 66, 231, 115
Box: 18, 38, 8
Box: 4, 68, 6
Box: 17, 13, 46
Box: 16, 16, 15
Box: 7, 32, 74
Box: 93, 38, 2
Box: 20, 37, 14
Box: 15, 68, 6
Box: 24, 12, 115
Box: 20, 37, 39
Box: 24, 7, 53
Box: 57, 72, 5
Box: 30, 50, 24
Box: 33, 6, 31
Box: 40, 4, 15
Box: 238, 21, 29
Box: 13, 19, 2
Box: 6, 2, 3
Box: 6, 10, 6
Box: 42, 88, 5
Box: 31, 3, 42
Box: 26, 12, 22
Box: 238, 18, 43
Box: 4, 15, 115
Box: 27, 149, 115
Box: 86, 231, 25
Box: 44, 88, 115
Box: 21, 43, 115
Box: 16, 11, 5
Box: 4, 18, 115
Box: 238, 69, 30
Box: 32, 17, 5
Box: 83, 12, 4
Box: 238, 10, 81
Box: 20, 88, 28
Box: 37, 9, 12
Box: 64, 3, 115
Box: 3, 36, 13
Box: 76, 13, 25
Box: 7, 7, 2
Box: 11, 22, 10
Box: 11, 22, 8
Box: 51, 53, 52
Box: 17, 138, 115
Box: 20, 88, 17
Box: 10, 231, 24
Box: 62, 231, 115
Box: 21, 95, 115
Box: 25, 50, 33
Box: 30, 231, 12
Box: 7, 34, 7
Box: 62, 6, 115
Box: 7, 7, 19
Box: 4, 112, 3
Box: 2, 88, 115
Box: 51, 7, 115
Box: 17, 53, 33
Box: 39, 6, 25
Box: 30, 19, 6
Box: 2, 54, 4
Box: 35, 38, 2
Box: 16, 86, 72
Box: 30, 21, 2
Box: 64, 122, 115
Box: 26, 23, 2
Box: 30, 150, 3
Box: 22, 231, 83
Box: 13, 28, 15
Box: 84, 36, 26
Box: 16, 6, 24
Box: 29, 84, 19
Box: 12, 39, 64
Box: 48, 36, 7
Box: 4, 19, 27
Box: 76, 4, 67
Box: 24, 63, 115
Box: 92, 93, 15
Box: 8, 13, 2
Box: 24, 7, 61
Box: 70, 7, 4
Box: 238, 16, 38
Box: 20, 29, 17
Box: 12, 114, 15
Box: 64, 2, 115
Box: 40, 36, 72
Box: 27, 9, 55
Box: 9, 45, 4
Box: 62, 7, 115
Box: 82, 31, 115
Box: 238, 4, 22
Box: 25, 32, 33
Box: 6, 29, 15
Box: 37, 6, 12
Box: 7, 16, 16
Box: 238, 20, 48
Box: 41, 6, 11
Box: 32, 30, 57
Box: 238, 210, 29
Box: 125, 49, 20
Box: 68, 23, 29
Box: 10, 33, 19
Box: 13, 231, 115
Box: 61, 22, 115
Box: 68, 49, 76
Box: 174, 231, 8
Box: 12, 36, 20
Box: 102, 28, 2
Box: 20, 37, 38
Box: 12, 5, 64
Box: 3, 6, 9
Box: 3, 44, 3
Box: 34, 42, 5
Box: 9, 45, 18
Box: 37, 4, 115
Box: 30, 6, 8
Box: 68, 23, 6
Box: 13, 3, 42
Box: 139, 6, 12
Box: 73, 231, 33
Box: 17, 231, 7
Box: 30, 7, 3
Box: 2, 6, 36
Box: 76, 19, 67
Box: 102, 23, 30
Box: 2, 54, 15
Box: 238, 38, 48
Box: 53, 63, 5
Box: 238, 231, 35
Box: 12, 6, 31
Box: 78, 138, 94
Box: 36, 155, 71
Box: 153, 231, 115
Box: 50, 49, 8
Box: 51, 9, 10
Box: 3, 34, 115
Box: 6, 23, 2
Box: 59, 23, 2
Box: 6, 6, 115
Box: 79, 231, 20
Box: 82, 3, 8
Box: 26, 88, 115
Box: 6, 9, 2
Box: 8, 8, 10
Box: 27, 9, 11
Box: 3, 18, 115
Box: 238, 20, 22
Box: 7, 36, 29
Box: 13, 22, 10
Box: 21, 9, 115
Box: 84, 36, 4
Box: 6, 231, 12
Box: 79, 231, 20
Box: 139, 6, 55
Box: 182, 8, 19
Box: 70, 9, 46
Box: 21, 6, 36
Box: 76, 15, 22
Box: 6, 36, 32
Box: 72, 22, 8
Box: 53, 65, 12
Box: 30, 168, 24
Box: 78, 3, 26
Box: 31, 6, 11
Box: 14, 7, 52
Box: 88, 33, 3
Box: 9, 53, 30
Box: 9, 6, 11
Box: 9, 11, 115
Box: 2, 54, 6
Box: 2, 54, 14
Box: 4, 3, 42
Box: 15, 231, 12
Box: 35, 62, 6
Box: 30, 231, 10
Box: 13, 138, 27
Box: 40, 231, 8
Box: 3, 13, 28
Box: 27, 45, 18
Box: 2, 10, 8
Box: 5, 49, 76
Box: 16, 12, 80
Box: 10, 3, 42
Box: 9, 231, 90
Box: 5, 3, 115
Box: 26, 19, 22
Box: 68, 23, 6
Box: 5, 6, 11
Box: 53, 14, 5
Box: 7, 9, 26
Box: 8, 26, 4
Box: 31, 15, 115
Box: 53, 10, 115
Box: 8, 66, 115
Box: 20, 6, 17
Box: 126, 53, 5
Box: 108, 10, 34
Box: 6, 17, 17
Box: 53, 3, 5
Box: 6, 17, 8
Box: 81, 86, 21
Box: 100, 93, 15
Box: 7, 34, 11
Box: 48, 6, 34
Box: 35, 231, 115
Box: 15, 30, 115
Box: 238, 69, 6
Box: 25, 7, 2
Box: 81, 86, 12
Box: 23, 177, 5
Box: 59, 10, 115
Box: 88, 111, 31
Box: 93, 17, 39
Box: 5, 49, 8
Box: 33, 15, 5
Box: 47, 11, 18
Box: 60, 96, 17
Box: 7, 33, 53
Box: 35, 38, 6
Box: 82, 23, 17
Box: 21, 98, 26
Box: 30, 12, 8
Box: 19, 12, 9
Box: 76, 11, 13
Box: 5, 10, 8
Box: 6, 9, 14
Box: 23, 19, 27
Box: 76, 231, 35
Box: 63, 6, 3
Box: 5, 138, 115
Box: 25, 7, 3
Box: 30, 19, 3
Box: 6, 138, 115
Box: 7, 9, 4
Box: 47, 6, 52
Box: 81, 86, 23
Box: 16, 93, 44
Box: 55, 18, 52
Box: 6, 30, 115
Box: 30, 231, 115
Box: 22, 231, 83
Box: 6, 13, 46
Box: 18, 19, 5
Box: 8, 3, 10
Box: 32, 231, 2
Box: 105, 7, 115
Box: 238, 22, 16
Box: 6, 5, 46
Box: 21, 6, 11
Box: 136, 30, 52
Box: 238, 93, 25
Box: 238, 12, 16
Box: 45, 91, 115
Box: 9, 45, 62
Box: 24, 231, 115
Box: 103, 87, 115
Box: 23, 37, 115
Box: 238, 61, 115
Box: 238, 47, 115
Box: 20, 9, 47
Box: 65, 231, 5
Box: 20, 88, 41
Box: 37, 231, 115
Box: 155, 12, 4
Box: 35, 11, 3
Box: 6, 7, 14
Box: 125, 70, 9
Box: 138, 9, 115
Box: 39, 32, 115
Box: 6, 22, 8
Box: 53, 18, 10
Box: 70, 231, 115
Box: 7, 101, 33
Box: 25, 7, 60
Box: 17, 106, 22
Box: 238, 50, 25
Box: 30, 63, 8
Box: 5, 231, 83
Box: 12, 2, 67
Box: 53, 6, 5
Box: 42, 155, 50
Box: 51, 9, 17
Box: 3, 2, 20
Box: 27, 10, 5
Box: 238, 19, 115
Box: 20, 68, 115
Box: 53, 82, 69
Box: 12, 12, 100
Box: 102, 21, 2
Box: 144, 6, 115
Box: 125, 70, 7
Box: 238, 231, 12
Box: 7, 7, 6
Box: 56, 12, 15
Box: 21, 98, 89
Box: 44, 69, 76
Box: 79, 150, 2
Box: 4, 16, 15
Box: 63, 5, 7
Box: 127, 45, 11
Box: 12, 16, 115
Box: 107, 37, 115
Box: 26, 24, 9
Box: 14, 7, 14
Box: 24, 231, 10
Box: 116, 12, 100
Box: 32, 70, 10
Box: 2, 6, 39
Box: 61, 53, 115
Box: 11, 138, 13
Box: 21, 27, 115
Box: 7, 101, 40
Box: 53, 18, 4
Box: 30, 5, 38
Box: 160, 13, 6
Box: 20, 24, 115
Box: 238, 85, 6
Box: 7, 44, 38
Box: 23, 109, 115
Box: 7, 15, 12
Box: 9, 231, 23
Box: 5, 65, 44
Box: 51, 150, 2
Box: 27, 4, 115
Box: 49, 231, 33
Box: 6, 3, 12
Box: 4, 30, 115
Box: 9, 45, 21
Box: 16, 93, 15
Box: 77, 15, 115
Box: 7, 42, 115
Box: 20, 231, 7
Box: 11, 112, 38
Box: 6, 10, 12
Box: 238, 11, 16
Box: 20, 37, 5
Box: 24, 62, 115
Box: 76, 106, 13
Box: 168, 41, 24
Box: 6, 16, 46
Box: 62, 17, 6
Box: 238, 3, 115
Box: 17, 68, 115
Box: 37, 2, 115
Box: 238, 41, 75
Box: 238, 2, 38
Box: 238, 33, 38
Box: 238, 17, 20
Box: 78, 138, 10
Box: 81, 18, 52
Box: 37, 37, 115
Box: 7, 20, 42
Box: 7, 13, 6
Box: 7, 17, 26
Box: 32, 30, 19
Box: 17, 138, 115
Box: 152, 3, 115
Box: 144, 10, 115
Box: 8, 4, 2
Box: 2, 10, 33
Box: 7, 49, 65
Box: 6, 195, 115
Box: 29, 69, 49
Box: 23, 54, 5
Box: 48, 12, 15
Box: 89, 185, 115
Box: 37, 49, 12
Box: 13, 28, 67
Box: 7, 7, 115
Box: 238, 69, 3
Box: 17, 106, 2
Box: 6, 36, 35
Box: 8, 18, 5
Box: 126, 53, 68
Box: 35, 11, 69
Box: 53, 42, 115
Box: 19, 231, 115
Box: 138, 45, 82
Box: 11, 138, 25
Box: 238, 50, 32
Box: 25, 31, 115
Box: 53, 231, 7
Box: 26, 10, 22
Box: 27, 53, 2
Box: 27, 49, 8
Box: 238, 85, 9
Box: 20, 2, 115
Box: 76, 7, 67
Box: 238, 17, 8
Box: 238, 14, 115
Box: 26, 231, 2
Box: 24, 81, 115
Box: 7, 85, 115
Box: 8, 5, 11
Box: 53, 6, 16
Box: 39, 6, 4
Box: 238, 45, 115
Box: 4, 231, 93
Box: 6, 29, 115
Box: 30, 18, 20
Box: 60, 12, 17
Box: 47, 231, 33
Box: 27, 2, 6
Box: 20, 88, 29
Box: 17, 106, 3
Box: 35, 9, 115
Box: 3, 36, 15
Box: 23, 34, 115
Box: 82, 185, 7
Box: 2, 112, 38
Box: 13, 6, 10
Box: 35, 10, 115
Box: 238, 12, 15
Box: 7, 6, 11
Box: 6, 6, 4
Box: 7, 9, 36
Box: 3, 16, 12
Box: 128, 231, 10
Box: 5, 53, 2
Box: 126, 53, 25
Box: 2, 19, 3
Box: 69, 231, 115
Box: 138, 45, 15
Box: 238, 231, 58
Box: 238, 18, 16
Box: 7, 32, 7
Box: 3, 10, 67
Box: 238, 43, 21
Box: 10, 18, 97
Box: 69, 37, 115
Box: 37, 14, 13
Box: 8, 4, 115
Box: 126, 231, 46
Box: 76, 63, 67
Box: 4, 115, 12
Box: 31, 22, 6
Box: 79, 231, 115
Box: 8, 41, 46
Box: 238, 80, 7
Box: 4, 18, 18
Box: 88, 33, 3
Box: 238, 6, 18
Box: 82, 40, 8
Box: 2, 69, 49
Box: 13, 6, 11
Box: 13, 138, 4
Box: 6, 26, 12
Box: 4, 15, 12
Box: 2, 18, 115
Box: 20, 9, 45
Box: 30, 21, 5
Box: 77, 13, 115
Box: 238, 25, 12
Box: 25, 7, 2
Box: 69, 64, 12
Box: 32, 70, 75
Box: 5, 6, 31
Box: 27, 112, 38
Box: 82, 16, 6
Box: 18, 19, 47
Box: 68, 3, 115
Box: 53, 17, 115
Box: 7, 16, 26
Box: 9, 45, 39
Box: 14, 18, 12
Box: 8, 106, 115
Box: 7, 69, 49
Box: 126, 53, 8
Box: 68, 87, 115
Box: 138, 12, 37
Box: 53, 108, 12
Box: 53, 36, 41
Box: 13, 21, 115
Box: 160, 231, 37
Box: 10, 231, 23
Box: 7, 81, 48
Box: 30, 9, 38
Box: 3, 3, 5
Box: 160, 55, 6
Box: 76, 15, 8
Box: 2, 88, 15
Box: 17, 231, 7
Box: 3, 2, 2
Box: 18, 19, 2
Box: 10, 84, 19
Box: 125, 62, 115
Box: 238, 17, 7
Box: 60, 112, 38
Box: 2, 9, 12
Box: 30, 2, 5
Box: 13, 2, 6
Box: 57, 12, 5
Box: 7, 34, 9
Box: 39, 6, 9
Box: 11, 22, 15
Box: 9, 11, 15
Box: 53, 18, 18
Box: 238, 38, 59
Box: 36, 70, 71
Box: 27, 61, 115
Box: 7, 9, 16
Box: 238, 7, 4
Box: 113, 181, 115
Box: 11, 10, 33
Box: 238, 18, 20
Box: 8, 4, 11
Box: 20, 2, 17
Box: 238, 37, 115
Box: 25, 231, 115
Box: 12, 28, 35
Box: 39, 6, 30
Box: 2, 138, 115
Box: 10, 195, 16
Box: 7, 32, 34
Box: 17, 231, 26
Box: 238, 20, 10
Box: 37, 26, 115
Box: 11, 19, 2
Box: 238, 17, 7
Box: 47, 2, 52
Box: 6, 11, 14
Box: 47, 11, 25
Box: 20, 53, 2
Box: 8, 10, 34
Box: 25, 18, 33
Box: 144, 3, 115
Box: 69, 5, 12
Box: 29, 6, 4
Box: 6, 3, 115
Box: 21, 5, 40
Box: 172, 231, 22
Box: 238, 30, 63
Box: 15, 12, 115
Box: 8, 13, 2
Box: 26, 59, 115
Box: 30, 155, 3
Box: 33, 37, 115
Box: 6, 36, 24
Box: 78, 22, 101
Box: 63, 44, 38
Box: 14, 17, 5
Box: 238, 25, 115
Box: 47, 107, 115
Box: 15, 29, 115
Box: 70, 77, 46
Box: 11, 106, 16
Box: 238, 105, 19
Box: 82, 12, 6
Box: 41, 11, 115
Box: 27, 10, 7
Box: 10, 88, 115
Box: 6, 2, 46
Box: 7, 231, 7
Box: 3, 68, 6
Box: 238, 80, 35
Box: 76, 22, 67
Box: 6, 48, 12
Box: 135, 7, 6
Box: 94, 30, 12
Box: 17, 18, 5
Box: 30, 93, 15
Box: 15, 93, 44
Box: 6, 12, 115
Box: 24, 63, 61
Box: 84, 36, 6
Box: 68, 4, 115
Box: 125, 70, 76
Box: 238, 93, 20
Box: 6, 11, 5
Box: 138, 12, 34
Box: 76, 2, 13
Box: 194, 69, 76
Box: 30, 5, 24
Box: 35, 12, 65
Box: 7, 2, 115
Box: 3, 13, 4
Box: 3, 112, 38
Box: 238, 37, 115
Box: 11, 22, 9
Box: 4, 34, 115
Box: 5, 7, 115
Box: 238, 8, 19
Box: 70, 7, 4
Box: 76, 98, 13
Box: 36, 6, 71
Box: 53, 6, 5
Box: 3, 2, 15
Box: 139, 6, 9
Box: 135, 12, 6
Box: 11, 12, 9
Box: 60, 91, 17
Box: 6, 10, 66
Box: 53, 53, 12
Box: 8, 15, 7
Box: 189, 85, 20
Box: 76, 231, 67
Box: 238, 22, 115
Box: 82, 231, 32
Box: 4, 2, 4
Box: 21, 5, 38
Box: 66, 33, 115
Box: 12, 31, 6
Box: 6, 2, 12
Box: 30, 7, 3
Box: 5, 19, 115
Box: 138, 12, 14
Box: 3, 18, 115
Box: 11, 138, 35
Box: 30, 21, 8
Box: 12, 5, 64
Box: 30, 19, 5
Box: 23, 65, 55
Box: 238, 4, 41
Box: 53, 19, 115
Box: 27, 6, 11
Box: 53, 231, 115
Box: 35, 11, 18
Box: 48, 6, 24
Box: 29, 12, 80
Box: 62, 6, 3
Box: 8, 20, 6
Box: 11, 231, 7
Box: 28, 85, 20
Box: 48, 36, 3
Box: 19, 45, 18
Box: 91, 6, 115
Box: 138, 19, 54
Box: 238, 25, 72
Box: 30, 20, 2
Box: 26, 71, 22
Box: 205, 42, 14
Box: 69, 2, 12
Box: 3, 48, 115
Box: 24, 22, 115
Box: 63, 6, 4
Box: 238, 93, 7
Box: 7, 23, 115
Box: 26, 11, 5
Box: 7, 35, 16
Box: 160, 57, 6
Box: 6, 9, 4
Box: 8, 26, 32
Box: 27, 10, 29
Box: 37, 10, 115
Box: 5, 17, 5
Box: 69, 69, 4
Box: 3, 15, 115
Box: 5, 10, 8
Box: 6, 17, 37
Box: 30, 13, 20
Box: 76, 10, 13
Box: 9, 148, 115
Box: 2, 10, 4
Box: 38, 44, 115
Box: 37, 48, 115
Box: 2, 40, 12
Box: 51, 9, 33
Box: 160, 88, 44
Box: 20, 37, 2
Box: 15, 106, 115
Box: 37, 15, 12
Box: 11, 49, 76
Box: 17, 44, 38
Box: 238, 42, 115
Box: 138, 12, 22
Box: 8, 12, 12
Box: 20, 2, 115
Box: 2, 88, 115
Box: 7, 7, 6
Box: 8, 19, 115
Box: 32, 70, 23
Box: 129, 84, 19
Box: 13, 9, 7
Box: 7, 15, 38
Box: 4, 39, 5
Box: 10, 7, 22
Box: 36, 18, 5
Box: 145, 17, 39
Box: 4, 12, 12
Box: 4, 231, 22
Box: 10, 39, 5
Box: 3, 36, 8
Box: 30, 18, 6
Box: 4, 53, 2
Box: 59, 66, 115
Box: 24, 15, 5
Box: 5, 53, 2
Box: 25, 6, 60
Box: 10, 5, 22
Box: 7, 138, 115
Box: 42, 53, 30
Box: 20, 19, 4
Box: 9, 23, 30
Box: 15, 88, 115
Box: 6, 23, 4
Box: 6, 46, 4
Box: 53, 25, 115
Box: 238, 27, 4
Box: 82, 24, 17
Box: 25, 115, 105
Box: 76, 13, 8
Box: 51, 11, 38
Box: 3, 6, 11
Box: 99, 24, 115
Box: 12, 26, 64
Box: 3, 231, 41
Box: 7, 11, 5
Box: 238, 4, 22
Box: 6, 60, 12
Box: 238, 19, 3
Box: 20, 19, 32
Box: 16, 10, 115
Box: 7, 33, 21
Box: 2, 59, 12
Box: 8, 9, 3
Box: 50, 68, 6
Box: 26, 6, 22
Box: 238, 14, 115
Box: 238, 20, 2
Box: 238, 2, 38
Box: 3, 2, 31
Box: 68, 23, 10
Box: 78, 138, 4
Box: 12, 6, 39
Box: 17, 44, 15
Box: 53, 149, 69
Box: 86, 2, 115
Box: 7, 9, 14
Box: 6, 231, 41
Box: 27, 9, 115
Box: 125, 3, 5
Box: 37, 67, 115
Box: 51, 9, 55
Box: 88, 111, 25
Box: 2, 9, 2
Box: 88, 26, 3
Box: 56, 10, 4
Box: 27, 3, 33
Box: 5, 65, 71
Box: 196, 68, 115
Box: 3, 10, 115
Box: 12, 31, 84
Box: 47, 41, 115
Box: 8, 12, 10
Box: 6, 116, 12
Box: 61, 231, 25
Box: 7, 53, 2
Box: 238, 19, 14
Box: 7, 23, 60
Box: 14, 2, 115
Box: 10, 2, 115
Box: 10, 5, 5
Box: 56, 8, 19
Box: 53, 60, 22
Box: 102, 66, 2
Box: 30, 19, 5
Box: 4, 19, 115
Box: 21, 7, 115
Box: 25, 3, 60
Box: 182, 111, 41
Box: 82, 124, 17
Box: 68, 10, 115
Box: 4, 7, 25
Box: 6, 15, 12
Box: 238, 129, 115
Box: 18, 231, 115
Box: 9, 231, 2
Box: 17, 52, 46
Box: 60, 231, 98
Box: 55, 19, 4
Box: 135, 23, 19
Box: 8, 9, 13
Box: 8, 9, 17
Box: 3, 36, 2
Box: 3, 6, 60
Box: 64, 70, 67
Box: 42, 22, 50
Box: 10, 7, 5
Box: 25, 19, 2
Box: 4, 85, 115
Box: 138, 12, 8
Box: 3, 6, 39
Box: 238, 80, 4
Box: 12, 86, 37
Box: 2, 18, 115
Box: 28, 12, 115
Box: 13, 28, 2
Box: 2, 17, 5
Box: 122, 10, 34
Box: 51, 22, 115
Box: 9, 18, 18
Box: 8, 20, 19
Box: 68, 57, 115
Box: 9, 19, 27
Box: 238, 15, 12
Box: 20, 19, 41
Box: 6, 17, 12
Box: 59, 231, 115
Box: 3, 19, 2
Box: 69, 69, 39
Box: 90, 7, 115
Box: 80, 53, 7
Box: 30, 15, 2
Box: 3, 11, 115
Box: 38, 18, 115
Box: 15, 11, 15
Box: 111, 45, 11
Box: 25, 34, 33
Box: 21, 5, 37
Box: 38, 23, 60
Box: 10, 6, 5
Box: 51, 23, 115
Box: 81, 86, 9
Box: 39, 6, 13
Box: 42, 231, 46
Box: 53, 6, 50
Box: 12, 31, 23
Box: 4, 16, 15
Box: 39, 23, 115
Box: 6, 29, 15
Box: 2, 54, 8
Box: 9, 42, 5
Box: 24, 7, 10
Box: 23, 12, 9
Box: 11, 22, 23
Box: 11, 45, 115
Box: 238, 49, 115
Box: 13, 28, 13
Box: 238, 36, 115
Box: 6, 5, 46
Box: 138, 143, 115
Box: 20, 75, 115
Box: 64, 4, 115
Box: 20, 22, 115
Box: 63, 11, 4
Box: 42, 33, 5
Box: 47, 11, 20
Box: 138, 3, 115
Box: 47, 21, 115
Box: 10, 8, 22
Box: 2, 6, 36
Box: 62, 231, 12
Box: 53, 59, 41
Box: 88, 22, 54
Box: 39, 86, 115
Box: 23, 139, 7
Box: 30, 6, 5
Box: 238, 51, 36
Box: 88, 111, 54
Box: 24, 7, 31
Box: 60, 231, 22
Box: 18, 15, 12
Box: 3, 13, 2
Box: 37, 84, 19
Box: 24, 45, 115
Box: 70, 41, 24
Box: 238, 33, 38
Box: 238, 231, 29
Box: 4, 112, 17
Box: 32, 231, 7
Box: 41, 19, 3
Box: 16, 10, 115
Box: 95, 19, 3
Box: 22, 10, 67
Box: 3, 13, 30
Box: 138, 19, 20
Box: 6, 31, 12
Box: 94, 91, 115
Box: 7, 81, 25
Box: 47, 22, 6
Box: 23, 18, 52
Box: 3, 6, 8
Box: 11, 11, 15
Box: 238, 17, 28
Box: 6, 17, 12
Box: 238, 20, 115
Box: 134, 10, 4
Box: 2, 12, 12
Box: 238, 4, 115
Box: 8, 231, 18
Box: 16, 231, 115
Box: 78, 3, 47
Box: 61, 12, 100
Box: 53, 63, 22
Box: 30, 3, 8
Box: 125, 60, 5
Box: 41, 49, 76
Box: 12, 23, 2
Box: 135, 4, 6
Box: 25, 115, 10
Box: 25, 24, 115
Box: 2, 54, 42
Box: 17, 44, 14
Box: 42, 93, 44
Box: 17, 53, 33
Box: 12, 86, 15
Box: 12, 2, 30
Box: 6, 65, 115
Box: 20, 159, 115
Box: 4, 10, 8
Box: 21, 49, 8
Box: 238, 15, 38
Box: 16, 86, 43
Box: 35, 19, 115
Box: 17, 53, 33
Box: 57, 57, 5
Box: 53, 66, 41
Box: 6, 3, 14
Box: 9, 29, 115
Box: 88, 15, 3
Box: 7, 33, 18
Box: 14, 42, 5
Box: 26, 11, 5
Box: 205, 231, 7
Box: 20, 38, 115
Box: 63, 4, 7
Box: 35, 11, 10
Box: 238, 7, 19
Box: 24, 16, 61
Box: 14, 24, 12
Box: 47, 5, 115
Box: 9, 231, 115
Box: 13, 44, 3
Box: 26, 23, 60
Box: 6, 36, 7
Box: 6, 85, 115
Box: 63, 44, 6
Box: 238, 231, 3
Box: 27, 89, 115
Box: 30, 87, 20
Box: 120, 115, 12
Box: 10, 7, 13
Box: 238, 23, 115
Box: 238, 6, 15
Box: 27, 88, 33
Box: 7, 10, 16
Box: 12, 8, 64
Box: 21, 68, 6
Box: 46, 36, 72
Box: 6, 231, 10
Box: 13, 28, 8
Box: 53, 16, 22
Box: 6, 62, 115
Box: 8, 10, 8
Box: 87, 45, 18
Box: 23, 9, 7
Box: 10, 23, 30
Box: 30, 7, 2
Box: 238, 29, 12
Box: 159, 10, 115
Box: 25, 23, 5
Box: 10, 33, 29
Box: 158, 9, 115
Box: 63, 44, 9
Box: 35, 8, 115
Box: 21, 88, 115
Box: 139, 6, 5
Box: 10, 231, 115
Box: 36, 62, 6
Box: 148, 2, 115
Box: 238, 18, 4
Box: 39, 6, 2
Box: 63, 231, 5
Box: 238, 80, 70
Box: 17, 10, 67
Box: 8, 20, 2
Box: 4, 85, 115
Box: 10, 4, 5
Box: 6, 44, 2
Box: 238, 45, 50
Box: 37, 2, 115
Box: 238, 71, 115
Box: 6, 26, 2
Box: 29, 22, 115
Box: 4, 11, 5
Box: 11, 62, 6
Box: 9, 20, 115
Box: 69, 11, 115
Box: 6, 88, 115
Box: 2, 115, 12
Box: 53, 10, 115
Box: 8, 36, 115
Box: 34, 111, 88
Box: 76, 13, 17
Box: 48, 18, 52
Box: 81, 11, 115
Box: 59, 23, 115
Box: 23, 18, 115
Box: 14, 18, 12
Box: 39, 6, 60
Box: 125, 70, 18
Box: 6, 37, 115
Box: 238, 2, 115
Box: 21, 68, 6
Box: 6, 16, 3
Box: 21, 3, 115
Box: 7, 36, 10
Box: 62, 18, 115
Box: 8, 2, 2
Box: 53, 6, 24
Box: 7, 9, 25
####################
#Expected Output: 36
#Number of Bins: 36.
