Bin: 32, 279, 183
Box: 4, 71, 17
Box: 25, 10, 3
Box: 32, 279, 171
Box: 6, 13, 24
Box: 10, 3, 4
Box: 32, 152, 34
Box: 5, 4, 12
Box: 32, 115, 28
Box: 32, 3, 3
Box: 13, 17, 94
Box: 32, 99, 38
Box: 6, 24, 2
Box: 3, 34, 12
Box: 32, 5, 22
Box: 2, 9, 21
Box: 8, 25, 30
Box: 32, 24, 128
Box: 32, 11, 10
Box: 32, 18, 6
Box: 32, 13, 51
Box: 32, 10, 31
Box: 2, 29, 36
Box: 32, 113, 4
Box: 8, 5, 67
Box: 6, 12, 9
Box: 32, 12, 20
Box: 32, 52, 2
Box: 11, 50, 18
Box: 32, 2, 57
Box: 4, 8, 19
Box: 4, 29, 18
Box: 32, 12, 12
Box: 32, 34, 183
Box: 16, 23, 4
Box: 32, 14, 123
Box: 32, 279, 90
Box: 32, 38, 138
Box: 32, 8, 42
Box: 32, 205, 63
Box: 32, 4, 10
Box: 32, 19, 91
Box: 32, 84, 7
Box: 32, 6, 37
Box: 32, 136, 51
Box: 7, 3, 48
Box: 8, 6, 2
Box: 13, 17, 21
Box: 5, 279, 43
Box: 32, 26, 18
Box: 32, 41, 6
Box: 32, 279, 32
Box: 32, 8, 8
Box: 32, 29, 12
Box: 32, 40, 59
Box: 32, 79, 67
Box: 32, 81, 33
Box: 32, 20, 2
Box: 32, 112, 17
Box: 18, 64, 10
Box: 2, 44, 15
Box: 9, 20, 183
Box: 6, 3, 9
Box: 32, 26, 138
Box: 16, 7, 40
Box: 14, 41, 10
Box: 32, 30, 67
Box: 2, 50, 4
Box: 32, 2, 183
Box: 32, 10, 3
Box: 9, 279, 3
Box: 32, 11, 5
Box: 32, 98, 22
Box: 32, 3, 15
Box: 32, 84, 8
Box: 6, 15, 17
Box: 8, 89, 67
Box: 32, 14, 3
Box: 32, 68, 98
Box: 32, 5, 30
Box: 23, 25, 29
Box: 6, 4, 12
Box: 32, 24, 183
Box: 8, 3, 2
Box: 32, 16, 11
Box: 9, 15, 10
Box: 32, 59, 3
Box: 14, 16, 143
Box: 32, 41, 24
Box: 32, 19, 9
Box: 32, 5, 32
Box: 32, 28, 26
Box: 6, 3, 8
Box: 32, 22, 18
Box: 18, 43, 41
Box: 32, 21, 26
Box: 32, 3, 6
Box: 32, 3, 63
Box: 32, 243, 54
Box: 32, 80, 109
Box: 32, 64, 75
Box: 32, 16, 22
Box: 32, 25, 54
Box: 4, 2, 2
Box: 32, 39, 35
Box: 32, 6, 2
Box: 32, 35, 41
Box: 14, 80, 29
Box: 13, 2, 32
Box: 32, 87, 27
Box: 32, 56, 2
Box: 32, 279, 14
Box: 32, 18, 2
Box: 32, 4, 12
Box: 3, 11, 2
Box: 14, 81, 13
Box: 32, 8, 4
Box: 32, 77, 42
Box: 6, 17, 45
Box: 32, 8, 56
Box: 32, 167, 32
Box: 32, 11, 18
Box: 32, 18, 12
Box: 32, 5, 65
Box: 32, 96, 18
Box: 32, 10, 22
Box: 4, 6, 27
Box: 3, 12, 38
Box: 32, 22, 19
Box: 32, 51, 21
Box: 32, 3, 6
Box: 4, 14, 4
Box: 32, 3, 5
Box: 32, 6, 94
Box: 5, 11, 13
Box: 3, 33, 8
Box: 32, 99, 183
Box: 32, 38, 74
Box: 9, 12, 30
Box: 27, 7, 37
Box: 6, 3, 2
Box: 32, 76, 37
Box: 32, 5, 15
Box: 7, 5, 12
Box: 5, 43, 183
Box: 32, 20, 13
Box: 32, 12, 9
Box: 12, 14, 7
Box: 4, 8, 31
Box: 32, 253, 7
Box: 3, 69, 6
Box: 32, 22, 53
Box: 32, 6, 2
Box: 5, 43, 45
Box: 32, 83, 9
Box: 32, 99, 183
Box: 32, 32, 2
Box: 32, 113, 45
Box: 12, 78, 14
Box: 9, 27, 120
Box: 32, 50, 31
Box: 28, 11, 5
Box: 32, 7, 95
Box: 32, 4, 28
Box: 32, 10, 5
Box: 14, 80, 94
Box: 4, 4, 20
Box: 32, 29, 56
Box: 32, 93, 12
Box: 32, 16, 9
Box: 32, 108, 32
Box: 28, 7, 13
Box: 32, 118, 2
Box: 7, 6, 19
Box: 32, 141, 2
Box: 12, 20, 115
Box: 32, 31, 29
Box: 2, 32, 3
Box: 32, 12, 32
Box: 32, 12, 4
Box: 32, 50, 183
Box: 2, 5, 40
Box: 32, 64, 94
Box: 3, 12, 3
Box: 32, 11, 37
Box: 32, 53, 13
Box: 32, 10, 8
Box: 2, 19, 2
Box: 32, 3, 10
Box: 11, 16, 23
Box: 9, 26, 25
Box: 32, 152, 42
Box: 7, 35, 20
Box: 32, 89, 12
Box: 32, 100, 12
Box: 18, 29, 18
Box: 6, 6, 2
Box: 21, 5, 12
Box: 18, 30, 2
Box: 32, 36, 150
Box: 9, 10, 2
Box: 32, 28, 183
Box: 16, 3, 8
Box: 32, 12, 16
Box: 6, 279, 42
Box: 32, 33, 183
Box: 6, 36, 9
Box: 32, 2, 10
Box: 3, 4, 4
Box: 32, 5, 3
Box: 32, 11, 24
Box: 32, 279, 14
Box: 32, 4, 183
Box: 32, 64, 17
Box: 17, 3, 20
Box: 32, 5, 6
Box: 32, 141, 40
Box: 32, 279, 6
Box: 32, 4, 133
Box: 32, 40, 10
Box: 19, 10, 12
Box: 32, 41, 6
Box: 3, 69, 16
Box: 2, 3, 22
Box: 10, 14, 9
Box: 32, 157, 28
Box: 32, 77, 22
Box: 32, 28, 41
Box: 32, 26, 15
Box: 9, 55, 120
Box: 32, 70, 4
Box: 5, 38, 56
Box: 32, 13, 11
Box: 32, 3, 4
Box: 32, 33, 5
Box: 32, 9, 48
Box: 32, 16, 4
Box: 32, 2, 17
Box: 12, 9, 69
Box: 32, 12, 30
Box: 32, 25, 31
Box: 32, 7, 40
Box: 32, 84, 16
Box: 32, 183, 138
Box: 23, 32, 41
Box: 5, 9, 69
Box: 32, 2, 74
Box: 32, 133, 17
Box: 32, 12, 30
Box: 32, 20, 23
Box: 32, 2, 23
Box: 11, 38, 24
Box: 32, 12, 10
Box: 32, 59, 87
Box: 32, 52, 30
Box: 5, 81, 17
Box: 32, 76, 14
Box: 32, 17, 74
Box: 32, 10, 35
Box: 2, 74, 183
Box: 3, 3, 46
Box: 4, 14, 7
Box: 32, 24, 18
Box: 14, 10, 5
Box: 32, 59, 55
Box: 28, 11, 3
Box: 2, 32, 25
Box: 32, 4, 8
Box: 32, 6, 2
Box: 13, 2, 32
Box: 17, 31, 5
Box: 32, 4, 6
Box: 3, 69, 4
Box: 32, 18, 4
Box: 32, 7, 28
Box: 32, 109, 28
Box: 32, 17, 63
Box: 4, 16, 7
Box: 32, 84, 40
Box: 32, 6, 10
Box: 32, 2, 44
Box: 32, 74, 59
Box: 32, 23, 36
Box: 32, 34, 132
Box: 3, 3, 22
Box: 16, 7, 8
Box: 32, 10, 47
Box: 32, 112, 18
Box: 32, 12, 17
Box: 9, 7, 8
Box: 32, 279, 92
Box: 32, 218, 30
Box: 2, 7, 3
Box: 3, 39, 9
Box: 3, 21, 40
Box: 7, 43, 12
Box: 32, 5, 27
Box: 32, 21, 91
Box: 32, 115, 15
Box: 32, 279, 4
Box: 32, 17, 183
Box: 32, 33, 50
Box: 32, 64, 15
Box: 32, 2, 12
Box: 32, 94, 33
Box: 13, 2, 21
Box: 32, 7, 18
Box: 30, 6, 13
Box: 9, 112, 19
Box: 16, 8, 3
Box: 32, 6, 93
Box: 8, 5, 21
Box: 22, 31, 19
Box: 32, 67, 31
Box: 32, 13, 8
Box: 5, 14, 3
Box: 2, 14, 7
Box: 32, 3, 56
Box: 32, 15, 7
Box: 5, 25, 8
Box: 32, 3, 4
Box: 6, 279, 42
Box: 32, 59, 20
Box: 32, 150, 83
Box: 32, 37, 15
Box: 32, 12, 2
Box: 13, 50, 13
Box: 32, 23, 81
Box: 32, 13, 12
Box: 22, 52, 28
Box: 32, 30, 44
Box: 32, 279, 34
Box: 9, 27, 13
Box: 32, 70, 30
Box: 32, 3, 42
Box: 11, 55, 183
Box: 9, 31, 5
Box: 32, 5, 60
Box: 32, 44, 35
Box: 12, 24, 3
Box: 10, 16, 9
Box: 32, 140, 4
Box: 32, 10, 28
Box: 6, 32, 2
Box: 32, 12, 183
Box: 32, 75, 3
Box: 6, 11, 2
Box: 32, 6, 9
Box: 13, 35, 16
Box: 32, 11, 14
Box: 32, 9, 53
Box: 10, 132, 45
Box: 8, 67, 8
Box: 8, 3, 21
Box: 32, 44, 3
Box: 32, 24, 5
Box: 11, 179, 56
Box: 2, 3, 9
Box: 32, 17, 3
Box: 32, 2, 40
Box: 32, 10, 42
Box: 32, 9, 2
Box: 32, 10, 183
Box: 32, 10, 4
Box: 32, 24, 183
Box: 32, 12, 25
Box: 9, 27, 3
Box: 3, 2, 27
Box: 32, 22, 64
Box: 32, 3, 18
Box: 32, 3, 3
Box: 32, 2, 7
Box: 32, 3, 183
Box: 32, 21, 2
Box: 32, 34, 12
Box: 32, 146, 11
Box: 8, 18, 12
Box: 2, 13, 59
Box: 7, 29, 9
Box: 17, 12, 3
Box: 32, 4, 4
Box: 32, 152, 36
Box: 32, 12, 67
Box: 32, 4, 20
Box: 32, 22, 15
Box: 32, 99, 48
Box: 32, 7, 8
Box: 32, 38, 183
Box: 3, 101, 23
Box: 4, 12, 3
Box: 23, 53, 41
Box: 32, 8, 3
Box: 32, 19, 14
Box: 32, 132, 40
Box: 32, 28, 2
Box: 20, 24, 7
Box: 27, 19, 37
Box: 32, 43, 10
Box: 32, 205, 9
Box: 2, 13, 8
Box: 16, 23, 12
Box: 10, 33, 183
Box: 32, 51, 8
Box: 32, 50, 13
Box: 32, 9, 35
Box: 32, 32, 12
Box: 32, 34, 69
Box: 32, 5, 9
Box: 32, 6, 2
Box: 13, 50, 18
Box: 28, 11, 2
Box: 32, 4, 140
Box: 4, 64, 10
Box: 32, 17, 148
Box: 5, 16, 183
Box: 8, 3, 3
Box: 32, 20, 13
Box: 3, 32, 25
Box: 32, 8, 183
Box: 32, 33, 14
Box: 32, 56, 2
Box: 23, 3, 16
Box: 4, 13, 48
Box: 13, 6, 18
Box: 32, 237, 15
Box: 32, 18, 24
Box: 32, 82, 44
Box: 32, 42, 37
Box: 14, 20, 10
Box: 32, 38, 94
Box: 32, 2, 7
Box: 32, 13, 3
Box: 13, 5, 3
Box: 9, 8, 43
Box: 32, 4, 20
Box: 32, 60, 47
Box: 28, 11, 6
Box: 32, 3, 16
Box: 9, 29, 17
Box: 2, 11, 26
Box: 7, 4, 9
Box: 18, 11, 5
Box: 2, 7, 3
Box: 2, 33, 34
Box: 32, 31, 65
Box: 32, 9, 4
Box: 32, 100, 13
Box: 32, 37, 85
Box: 32, 42, 19
Box: 8, 3, 2
Box: 32, 40, 9
Box: 32, 49, 58
Box: 23, 19, 15
Box: 32, 32, 46
Box: 14, 41, 9
Box: 32, 71, 12
Box: 32, 82, 183
Box: 32, 56, 62
Box: 8, 47, 13
Box: 32, 38, 58
Box: 32, 12, 25
Box: 32, 2, 18
Box: 32, 5, 28
Box: 32, 56, 54
Box: 32, 7, 21
Box: 32, 133, 52
Box: 32, 8, 30
Box: 32, 59, 33
Box: 32, 12, 44
Box: 32, 10, 46
Box: 32, 11, 23
Box: 32, 106, 10
Box: 9, 12, 3
Box: 32, 28, 10
Box: 32, 26, 61
Box: 32, 5, 7
Box: 32, 12, 26
Box: 32, 6, 35
Box: 32, 14, 3
Box: 4, 33, 54
Box: 6, 8, 90
Box: 32, 10, 10
Box: 32, 3, 133
Box: 17, 17, 3
Box: 10, 77, 121
Box: 32, 99, 55
Box: 32, 35, 183
Box: 32, 33, 16
Box: 2, 6, 34
Box: 32, 13, 31
Box: 4, 2, 32
Box: 32, 2, 22
Box: 2, 53, 4
Box: 13, 9, 10
Box: 7, 3, 20
Box: 32, 6, 3
Box: 32, 6, 12
Box: 32, 52, 3
Box: 11, 2, 2
Box: 12, 35, 16
Box: 32, 3, 9
Box: 32, 20, 183
Box: 32, 14, 24
Box: 16, 59, 86
Box: 32, 62, 183
Box: 32, 9, 4
Box: 9, 7, 3
Box: 32, 7, 11
Box: 25, 12, 112
Box: 32, 97, 18
Box: 5, 20, 107
Box: 32, 3, 47
Box: 7, 59, 86
Box: 32, 38, 110
Box: 10, 33, 54
Box: 32, 114, 27
Box: 32, 38, 91
Box: 28, 33, 91
Box: 8, 8, 3
Box: 4, 24, 5
Box: 32, 15, 12
Box: 6, 47, 2
Box: 32, 2, 3
Box: 32, 43, 10
Box: 20, 7, 12
Box: 32, 279, 77
Box: 8, 121, 26
Box: 32, 3, 6
Box: 7, 6, 19
Box: 11, 21, 40
Box: 28, 12, 27
Box: 7, 21, 2
Box: 32, 30, 36
Box: 32, 49, 26
Box: 32, 12, 183
Box: 32, 11, 37
Box: 7, 43, 56
Box: 2, 16, 58
Box: 32, 11, 119
Box: 3, 2, 2
Box: 3, 2, 6
Box: 23, 165, 25
Box: 10, 18, 58
Box: 32, 55, 127
Box: 13, 3, 9
Box: 2, 80, 6
Box: 32, 12, 104
Box: 32, 2, 9
Box: 32, 120, 16
Box: 10, 20, 71
Box: 32, 44, 36
Box: 32, 17, 62
Box: 32, 139, 81
Box: 32, 3, 2
Box: 32, 13, 124
Box: 16, 84, 2
Box: 32, 8, 14
Box: 29, 20, 9
Box: 3, 27, 30
Box: 32, 16, 6
Box: 32, 279, 125
Box: 32, 9, 5
Box: 32, 9, 41
Box: 14, 83, 41
Box: 24, 2, 25
Box: 2, 33, 44
Box: 9, 11, 13
Box: 32, 3, 3
Box: 32, 16, 60
Box: 32, 10, 18
Box: 32, 13, 183
Box: 32, 33, 19
Box: 32, 11, 7
Box: 24, 55, 8
Box: 32, 143, 34
Box: 4, 30, 19
Box: 28, 13, 39
Box: 14, 13, 10
Box: 32, 3, 3
Box: 5, 11, 88
Box: 32, 49, 52
Box: 14, 23, 143
Box: 7, 48, 12
Box: 32, 16, 114
Box: 32, 2, 2
Box: 32, 9, 2
Box: 7, 2, 4
Box: 14, 3, 5
Box: 32, 2, 4
Box: 32, 8, 30
Box: 32, 22, 183
Box: 23, 19, 16
Box: 32, 84, 2
Box: 32, 72, 70
Box: 32, 279, 60
Box: 32, 21, 2
Box: 32, 96, 9
Box: 4, 45, 40
Box: 32, 123, 48
Box: 32, 40, 14
Box: 32, 279, 85
Box: 9, 26, 2
Box: 7, 104, 22
Box: 16, 18, 183
Box: 7, 3, 3
Box: 32, 9, 24
Box: 32, 16, 12
Box: 32, 6, 13
Box: 32, 49, 151
Box: 5, 2, 3
Box: 32, 127, 27
Box: 15, 7, 3
Box: 32, 12, 6
Box: 4, 18, 6
Box: 32, 10, 4
Box: 32, 6, 43
Box: 4, 12, 2
Box: 32, 167, 36
Box: 32, 59, 39
Box: 32, 11, 8
Box: 8, 7, 8
Box: 32, 12, 9
Box: 5, 12, 6
Box: 3, 2, 4
Box: 32, 38, 2
Box: 16, 19, 4
Box: 24, 71, 58
Box: 32, 17, 56
Box: 32, 82, 183
Box: 9, 222, 8
Box: 9, 27, 3
Box: 32, 25, 22
Box: 10, 45, 29
Box: 32, 3, 43
Box: 32, 7, 60
Box: 32, 41, 23
Box: 20, 28, 42
Box: 15, 16, 23
Box: 18, 4, 2
Box: 13, 38, 50
Box: 32, 12, 21
Box: 32, 10, 33
Box: 32, 70, 46
Box: 32, 136, 46
Box: 5, 20, 11
Box: 32, 44, 158
Box: 32, 11, 9
Box: 5, 12, 66
Box: 32, 70, 3
Box: 32, 34, 2
Box: 32, 43, 183
Box: 32, 9, 22
Box: 5, 14, 9
Box: 15, 26, 2
Box: 32, 37, 53
Box: 32, 3, 16
Box: 27, 113, 5
Box: 2, 33, 40
Box: 32, 83, 49
Box: 32, 12, 54
Box: 32, 31, 11
Box: 2, 9, 10
Box: 32, 17, 3
Box: 4, 69, 183
Box: 8, 3, 23
Box: 32, 49, 183
Box: 32, 70, 17
Box: 13, 52, 65
Box: 32, 4, 13
Box: 32, 12, 89
Box: 5, 9, 40
Box: 14, 41, 3
Box: 32, 3, 2
Box: 32, 30, 11
Box: 32, 9, 69
Box: 32, 14, 31
Box: 32, 11, 11
Box: 32, 18, 26
Box: 7, 39, 4
Box: 15, 5, 40
Box: 32, 4, 18
Box: 32, 53, 7
Box: 5, 26, 5
Box: 32, 13, 48
Box: 6, 3, 9
Box: 32, 180, 21
Box: 32, 12, 11
Box: 6, 22, 20
Box: 32, 25, 20
Box: 29, 17, 9
Box: 8, 81, 17
Box: 23, 53, 120
Box: 32, 2, 3
Box: 3, 2, 8
Box: 32, 35, 7
Box: 10, 12, 66
Box: 32, 24, 24
Box: 32, 54, 20
Box: 32, 4, 13
Box: 32, 19, 44
Box: 4, 71, 17
Box: 32, 3, 2
Box: 32, 42, 12
Box: 32, 10, 183
Box: 5, 7, 33
Box: 32, 24, 14
Box: 15, 6, 34
Box: 2, 14, 7
Box: 32, 9, 54
Box: 32, 52, 56
Box: 32, 74, 19
Box: 24, 55, 27
Box: 32, 32, 3
Box: 15, 34, 7
Box: 6, 3, 90
Box: 4, 35, 16
Box: 32, 96, 2
Box: 13, 18, 58
Box: 28, 34, 9
Box: 32, 16, 94
Box: 32, 15, 51
Box: 32, 36, 37
Box: 32, 9, 9
Box: 23, 12, 9
Box: 18, 27, 4
Box: 32, 42, 183
Box: 24, 55, 15
Box: 7, 12, 8
Box: 3, 5, 42
Box: 32, 30, 42
Box: 32, 141, 32
Box: 4, 18, 3
Box: 32, 4, 3
Box: 32, 2, 5
Box: 32, 5, 35
Box: 2, 2, 2
Box: 8, 25, 3
Box: 32, 97, 3
Box: 2, 3, 7
Box: 32, 4, 32
Box: 2, 28, 122
Box: 32, 243, 3
Box: 32, 279, 37
Box: 32, 13, 8
Box: 32, 21, 31
Box: 32, 36, 64
Box: 32, 10, 9
Box: 7, 83, 9
Box: 32, 12, 20
Box: 32, 94, 21
Box: 29, 10, 9
Box: 32, 52, 57
Box: 9, 3, 24
Box: 32, 6, 19
Box: 32, 37, 37
Box: 32, 71, 59
Box: 32, 30, 33
Box: 32, 70, 103
Box: 32, 10, 26
Box: 32, 3, 14
Box: 32, 119, 6
Box: 15, 36, 9
Box: 32, 17, 183
Box: 6, 41, 40
Box: 32, 51, 76
Box: 32, 125, 183
Box: 32, 19, 8
Box: 2, 7, 3
Box: 32, 13, 2
Box: 10, 21, 5
Box: 32, 7, 17
Box: 32, 9, 124
Box: 32, 29, 46
Box: 16, 14, 7
Box: 32, 132, 10
Box: 32, 31, 14
Box: 10, 22, 45
Box: 32, 66, 183
Box: 32, 31, 17
Box: 32, 32, 13
Box: 4, 279, 2
Box: 6, 14, 7
Box: 7, 38, 23
Box: 32, 16, 31
Box: 32, 109, 126
Box: 32, 279, 136
Box: 32, 9, 33
Box: 3, 12, 26
Box: 32, 22, 80
Box: 32, 141, 19
Box: 8, 13, 23
Box: 32, 28, 4
Box: 32, 4, 4
Box: 32, 3, 6
Box: 5, 5, 11
Box: 2, 33, 64
Box: 15, 2, 8
Box: 32, 27, 64
Box: 32, 19, 2
Box: 32, 106, 10
Box: 9, 29, 90
Box: 3, 10, 2
Box: 10, 45, 2
Box: 4, 27, 30
Box: 32, 16, 4
Box: 32, 29, 2
Box: 9, 9, 40
Box: 10, 38, 56
Box: 32, 29, 2
Box: 32, 8, 5
Box: 2, 38, 50
Box: 12, 2, 47
Box: 32, 2, 32
Box: 32, 218, 22
Box: 32, 3, 62
Box: 32, 54, 183
Box: 32, 2, 11
Box: 32, 18, 4
Box: 3, 5, 12
Box: 32, 57, 46
Box: 32, 7, 37
Box: 32, 14, 2
Box: 3, 16, 9
Box: 32, 91, 183
Box: 3, 2, 4
Box: 32, 99, 10
Box: 32, 12, 55
Box: 11, 10, 59
Box: 3, 5, 40
Box: 6, 3, 6
Box: 32, 279, 12
Box: 32, 158, 74
Box: 32, 24, 20
Box: 32, 12, 65
Box: 12, 27, 183
Box: 32, 62, 10
Box: 6, 101, 23
Box: 6, 2, 10
Box: 6, 3, 6
Box: 7, 8, 50
Box: 16, 2, 3
Box: 32, 22, 16
Box: 32, 15, 3
Box: 32, 8, 73
Box: 32, 72, 4
Box: 32, 51, 22
Box: 4, 18, 6
Box: 32, 3, 20
Box: 32, 2, 72
Box: 5, 43, 16
Box: 11, 4, 12
Box: 2, 9, 19
Box: 32, 28, 29
Box: 32, 9, 22
Box: 32, 44, 56
Box: 32, 2, 4
Box: 32, 44, 34
Box: 32, 25, 46
Box: 32, 46, 55
Box: 32, 77, 11
Box: 13, 10, 12
Box: 2, 80, 9
Box: 32, 60, 24
Box: 32, 37, 3
Box: 5, 26, 22
Box: 2, 5, 62
Box: 32, 3, 6
Box: 32, 37, 91
Box: 3, 8, 10
Box: 5, 3, 6
Box: 32, 20, 20
Box: 32, 7, 93
Box: 32, 102, 13
Box: 32, 4, 30
Box: 12, 12, 6
Box: 12, 38, 115
Box: 11, 41, 74
Box: 8, 64, 8
Box: 5, 38, 17
Box: 32, 218, 8
Box: 32, 35, 12
Box: 32, 32, 88
Box: 32, 50, 183
Box: 32, 20, 5
Box: 32, 18, 2
Box: 32, 6, 5
Box: 6, 39, 18
Box: 32, 37, 10
Box: 32, 258, 16
Box: 32, 30, 50
Box: 32, 7, 38
Box: 32, 139, 36
Box: 32, 36, 4
Box: 32, 9, 32
Box: 12, 21, 13
Box: 16, 72, 183
Box: 32, 57, 107
Box: 32, 279, 12
Box: 32, 13, 12
Box: 32, 279, 14
Box: 32, 38, 183
Box: 32, 48, 2
Box: 32, 2, 46
Box: 14, 4, 12
Box: 32, 13, 5
Box: 9, 9, 69
Box: 32, 37, 16
Box: 13, 3, 24
Box: 32, 104, 77
Box: 32, 44, 2
Box: 32, 3, 2
Box: 6, 41, 80
Box: 11, 38, 23
Box: 3, 5, 183
Box: 4, 29, 32
Box: 5, 43, 11
Box: 32, 3, 46
Box: 12, 3, 183
Box: 32, 27, 28
Box: 32, 7, 36
Box: 4, 5, 183
Box: 32, 12, 37
Box: 12, 24, 2
Box: 23, 4, 23
Box: 32, 54, 2
Box: 7, 2, 87
Box: 2, 27, 47
Box: 32, 31, 6
Box: 32, 5, 50
Box: 32, 2, 40
Box: 2, 13, 27
Box: 32, 38, 4
Box: 32, 9, 6
Box: 16, 45, 40
Box: 2, 55, 20
Box: 3, 138, 15
Box: 32, 24, 45
Box: 32, 22, 48
Box: 32, 38, 54
Box: 3, 50, 7
Box: 13, 7, 12
Box: 32, 119, 4
Box: 32, 56, 63
Box: 32, 50, 67
Box: 32, 279, 50
Box: 32, 57, 2
Box: 32, 31, 12
Box: 32, 80, 7
Box: 32, 13, 30
Box: 32, 5, 120
Box: 32, 18, 4
Box: 32, 5, 30
Box: 4, 18, 7
Box: 32, 5, 8
Box: 4, 34, 9
Box: 6, 2, 2
Box: 10, 7, 23
Box: 32, 40, 56
Box: 15, 27, 16
Box: 32, 30, 8
Box: 14, 2, 15
Box: 32, 279, 17
Box: 32, 24, 58
Box: 32, 7, 173
Box: 32, 10, 17
Box: 32, 4, 2
Box: 6, 10, 59
Box: 32, 9, 46
Box: 32, 9, 183
Box: 32, 10, 17
Box: 32, 6, 12
Box: 4, 2, 2
Box: 15, 14, 9
Box: 32, 37, 83
Box: 32, 26, 7
Box: 16, 50, 183
Box: 6, 64, 4
Box: 28, 8, 8
Box: 11, 61, 8
Box: 32, 51, 26
Box: 4, 7, 23
Box: 32, 17, 12
Box: 32, 279, 4
Box: 32, 11, 12
Box: 32, 45, 50
Box: 32, 118, 6
Box: 32, 16, 9
Box: 3, 23, 4
Box: 32, 167, 9
Box: 4, 2, 14
Box: 32, 44, 7
Box: 32, 15, 41
Box: 4, 16, 13
Box: 17, 7, 26
Box: 32, 115, 37
Box: 12, 6, 34
Box: 12, 3, 41
Box: 14, 67, 183
Box: 8, 20, 183
Box: 32, 150, 33
Box: 11, 9, 28
Box: 2, 2, 14
Box: 6, 12, 2
Box: 24, 2, 69
Box: 32, 9, 107
Box: 32, 30, 49
Box: 32, 9, 5
Box: 32, 32, 49
Box: 32, 96, 27
Box: 23, 3, 23
Box: 32, 9, 24
Box: 32, 41, 7
Box: 14, 33, 90
Box: 11, 5, 12
Box: 4, 2, 30
Box: 3, 36, 57
Box: 3, 3, 6
Box: 32, 279, 63
Box: 32, 5, 11
Box: 32, 18, 183
Box: 3, 10, 59
Box: 11, 8, 12
Box: 32, 13, 17
Box: 32, 14, 3
Box: 32, 12, 183
Box: 32, 11, 17
Box: 10, 5, 20
Box: 11, 3, 4
Box: 32, 31, 10
Box: 32, 11, 7
Box: 32, 18, 5
Box: 10, 45, 2
Box: 32, 40, 25
Box: 32, 11, 17
Box: 4, 22, 10
Box: 2, 20, 4
Box: 14, 17, 15
Box: 32, 174, 13
Box: 32, 10, 63
Box: 32, 20, 37
Box: 25, 112, 9
Box: 6, 7, 23
Box: 12, 29, 17
Box: 32, 70, 2
Box: 32, 3, 14
Box: 32, 19, 90
Box: 12, 19, 2
Box: 10, 78, 45
Box: 32, 60, 44
Box: 32, 19, 28
Box: 32, 24, 35
Box: 32, 5, 34
Box: 2, 33, 72
Box: 32, 63, 37
Box: 32, 108, 14
Box: 6, 29, 17
Box: 4, 7, 33
Box: 32, 84, 4
Box: 3, 20, 71
Box: 2, 13, 2
Box: 32, 22, 31
Box: 32, 42, 19
Box: 5, 17, 62
Box: 7, 7, 2
Box: 3, 26, 22
Box: 32, 8, 21
Box: 32, 48, 9
Box: 6, 4, 37
Box: 23, 16, 7
Box: 32, 67, 44
Box: 32, 30, 58
Box: 32, 30, 30
Box: 32, 74, 63
Box: 32, 16, 31
Box: 32, 97, 37
Box: 15, 100, 22
Box: 4, 33, 183
Box: 32, 90, 56
Box: 3, 6, 33
Box: 32, 3, 11
Box: 32, 9, 28
Box: 16, 15, 19
Box: 32, 2, 13
Box: 32, 81, 17
Box: 2, 33, 47
Box: 32, 6, 27
Box: 32, 101, 94
Box: 32, 56, 3
Box: 32, 33, 5
Box: 3, 7, 23
Box: 32, 64, 51
Box: 32, 130, 10
Box: 32, 10, 27
Box: 32, 41, 183
Box: 19, 3, 2
Box: 32, 44, 7
Box: 32, 279, 4
Box: 2, 33, 7
Box: 14, 17, 183
Box: 5, 11, 8
Box: 6, 17, 6
Box: 32, 6, 36
Box: 3, 30, 19
Box: 27, 163, 5
Box: 3, 10, 55
Box: 6, 27, 22
Box: 32, 68, 7
Box: 32, 7, 48
Box: 11, 5, 20
Box: 32, 38, 27
Box: 32, 18, 19
Box: 7, 6, 33
Box: 32, 3, 18
Box: 32, 3, 12
Box: 32, 8, 183
Box: 5, 18, 6
Box: 32, 10, 8
Box: 32, 2, 20
Box: 32, 7, 41
Box: 32, 10, 55
Box: 5, 5, 183
Box: 32, 50, 183
Box: 32, 29, 32
Box: 32, 33, 44
Box: 32, 21, 17
Box: 32, 21, 17
Box: 3, 26, 25
Box: 32, 64, 183
Box: 32, 5, 32
Box: 32, 13, 3
Box: 32, 7, 17
Box: 10, 135, 45
Box: 8, 3, 34
Box: 32, 17, 23
Box: 32, 32, 119
Box: 32, 38, 86
Box: 32, 3, 14
Box: 4, 35, 20
Box: 5, 19, 10
Box: 32, 5, 17
Box: 32, 34, 109
Box: 32, 12, 2
Box: 32, 5, 56
Box: 32, 18, 2
Box: 32, 10, 18
Box: 32, 10, 17
Box: 32, 112, 77
Box: 32, 5, 4
Box: 32, 20, 11
Box: 32, 32, 2
Box: 28, 13, 42
Box: 32, 26, 4
Box: 9, 26, 9
Box: 6, 5, 2
Box: 28, 11, 14
Box: 32, 3, 17
Box: 32, 2, 3
Box: 32, 32, 8
Box: 7, 4, 4
Box: 8, 2, 27
Box: 32, 8, 3
Box: 22, 4, 23
Box: 9, 11, 13
Box: 2, 21, 69
Box: 32, 44, 28
Box: 5, 7, 12
Box: 2, 3, 13
Box: 32, 2, 2
Box: 5, 12, 7
Box: 32, 279, 30
Box: 23, 85, 42
Box: 3, 24, 2
Box: 32, 24, 34
Box: 32, 80, 13
Box: 32, 12, 52
Box: 13, 50, 13
Box: 32, 7, 33
Box: 32, 93, 15
Box: 32, 11, 19
Box: 5, 19, 2
Box: 32, 6, 22
Box: 32, 5, 183
Box: 32, 3, 5
Box: 2, 18, 58
Box: 5, 17, 26
Box: 13, 8, 10
Box: 32, 9, 13
Box: 32, 180, 12
Box: 32, 92, 2
Box: 32, 159, 2
Box: 14, 52, 14
Box: 32, 117, 90
Box: 12, 4, 20
Box: 5, 20, 11
Box: 32, 28, 19
Box: 6, 61, 8
Box: 32, 3, 37
Box: 32, 2, 2
Box: 32, 21, 6
Box: 32, 20, 183
Box: 16, 30, 19
Box: 13, 179, 56
Box: 23, 15, 10
Box: 32, 33, 42
Box: 32, 11, 7
Box: 8, 7, 26
Box: 32, 30, 50
Box: 5, 26, 9
Box: 24, 71, 48
Box: 8, 2, 2
Box: 32, 58, 3
Box: 32, 12, 62
Box: 32, 20, 52
Box: 32, 108, 5
Box: 32, 54, 14
Box: 4, 14, 2
Box: 7, 41, 183
Box: 32, 7, 8
Box: 32, 26, 31
Box: 32, 37, 71
Box: 32, 6, 4
Box: 32, 17, 24
Box: 10, 9, 45
Box: 32, 5, 2
Box: 32, 84, 2
Box: 32, 2, 183
Box: 7, 5, 8
Box: 32, 96, 16
Box: 5, 11, 88
Box: 32, 64, 23
Box: 32, 84, 23
Box: 32, 20, 3
Box: 32, 3, 36
Box: 32, 99, 28
Box: 11, 50, 8
Box: 9, 85, 158
Box: 6, 56, 122
Box: 32, 18, 65
Box: 32, 187, 16
Box: 32, 104, 15
Box: 32, 46, 35
Box: 5, 11, 11
Box: 32, 42, 7
Box: 32, 19, 21
Box: 2, 2, 47
Box: 32, 16, 6
Box: 5, 224, 35
Box: 5, 13, 24
Box: 32, 33, 24
Box: 32, 27, 26
Box: 32, 82, 26
Box: 6, 4, 9
Box: 32, 12, 7
Box: 32, 17, 20
Box: 32, 279, 67
Box: 32, 50, 16
Box: 32, 25, 35
Box: 3, 9, 10
Box: 16, 33, 183
Box: 13, 27, 6
Box: 32, 279, 11
Box: 32, 16, 2
Box: 23, 7, 8
Box: 32, 88, 183
Box: 32, 13, 16
Box: 32, 5, 6
Box: 32, 3, 19
Box: 5, 12, 2
Box: 5, 50, 33
Box: 32, 119, 24
Box: 20, 12, 106
Box: 2, 23, 4
Box: 32, 6, 29
Box: 7, 13, 3
Box: 32, 28, 19
Box: 32, 97, 183
Box: 32, 39, 10
Box: 2, 83, 4
Box: 8, 13, 27
Box: 32, 37, 19
Box: 2, 26, 25
Box: 32, 100, 183
Box: 28, 11, 13
Box: 32, 5, 6
Box: 3, 5, 9
Box: 32, 13, 13
Box: 16, 23, 27
Box: 32, 51, 9
Box: 2, 29, 51
Box: 10, 27, 47
Box: 32, 8, 40
Box: 2, 14, 62
Box: 32, 12, 24
Box: 32, 6, 59
Box: 32, 2, 77
Box: 32, 24, 183
Box: 32, 97, 16
Box: 32, 93, 157
Box: 32, 29, 39
Box: 32, 83, 34
Box: 32, 26, 91
Box: 6, 16, 23
Box: 32, 3, 74
Box: 32, 8, 74
Box: 3, 69, 21
Box: 32, 2, 29
Box: 32, 6, 5
Box: 32, 75, 3
Box: 16, 23, 9
Box: 21, 267, 183
Box: 12, 5, 13
Box: 32, 19, 22
Box: 32, 29, 9
Box: 23, 61, 120
Box: 32, 44, 124
Box: 32, 10, 94
Box: 32, 67, 183
Box: 3, 13, 48
Box: 2, 35, 28
Box: 15, 32, 25
Box: 32, 17, 6
Box: 32, 93, 183
Box: 32, 10, 62
Box: 4, 3, 9
Box: 32, 2, 28
Box: 32, 98, 59
Box: 32, 44, 180
Box: 32, 76, 4
Box: 2, 11, 41
Box: 32, 29, 14
Box: 8, 94, 67
Box: 8, 25, 10
Box: 11, 50, 7
Box: 32, 24, 12
Box: 24, 13, 69
Box: 12, 12, 9
Box: 32, 18, 2
Box: 13, 24, 5
Box: 5, 3, 9
Box: 32, 16, 19
Box: 6, 52, 27
Box: 32, 36, 13
Box: 32, 89, 54
Box: 32, 30, 183
Box: 32, 15, 42
Box: 7, 43, 28
Box: 8, 3, 2
Box: 32, 8, 46
Box: 5, 4, 6
Box: 3, 11, 18
Box: 17, 19, 10
Box: 32, 46, 63
Box: 2, 39, 18
Box: 2, 8, 4
Box: 32, 6, 46
Box: 32, 14, 16
Box: 32, 10, 6
Box: 32, 8, 21
Box: 32, 32, 29
Box: 32, 2, 6
Box: 32, 279, 80
Box: 32, 2, 12
Box: 32, 40, 11
Box: 32, 9, 40
Box: 32, 10, 4
Box: 32, 24, 48
Box: 4, 2, 9
Box: 32, 35, 3
Box: 2, 64, 4
Box: 32, 4, 8
Box: 32, 61, 4
Box: 6, 13, 48
Box: 32, 2, 54
Box: 7, 14, 7
Box: 3, 69, 28
Box: 32, 21, 15
Box: 7, 104, 22
Box: 32, 2, 20
Box: 6, 52, 8
Box: 32, 243, 20
Box: 32, 22, 52
Box: 32, 57, 6
Box: 32, 26, 46
Box: 32, 26, 19
Box: 32, 26, 22
Box: 32, 5, 27
Box: 28, 32, 32
Box: 24, 153, 183
Box: 32, 9, 2
Box: 32, 4, 63
Box: 32, 16, 9
Box: 3, 47, 13
Box: 32, 55, 56
Box: 13, 50, 112
Box: 32, 100, 13
Box: 32, 32, 23
Box: 6, 52, 28
Box: 32, 57, 58
Box: 32, 14, 2
Box: 4, 5, 28
Box: 32, 72, 12
Box: 14, 8, 15
Box: 32, 176, 81
Box: 6, 29, 18
Box: 32, 43, 23
Box: 24, 71, 50
Box: 12, 15, 3
Box: 5, 23, 11
Box: 32, 11, 4
Box: 32, 33, 28
Box: 5, 7, 33
Box: 32, 40, 40
Box: 32, 3, 85
Box: 32, 56, 6
Box: 6, 3, 2
Box: 32, 28, 2
Box: 32, 71, 2
Box: 32, 19, 20
Box: 6, 2, 2
Box: 32, 58, 7
Box: 23, 117, 120
Box: 2, 28, 62
Box: 32, 9, 67
Box: 32, 51, 30
Box: 26, 22, 20
Box: 28, 11, 44
Box: 32, 25, 7
Box: 7, 81, 17
Box: 13, 27, 5
Box: 10, 56, 45
Box: 3, 96, 33
Box: 32, 64, 37
Box: 16, 19, 4
Box: 13, 12, 23
Box: 12, 69, 183
Box: 32, 5, 2
Box: 32, 12, 183
Box: 32, 3, 64
Box: 18, 138, 15
Box: 32, 19, 39
Box: 32, 28, 6
Box: 32, 59, 6
Box: 4, 8, 13
Box: 32, 3, 183
Box: 8, 3, 46
Box: 16, 12, 183
Box: 5, 4, 3
Box: 32, 26, 62
Box: 32, 29, 16
Box: 26, 14, 8
Box: 32, 16, 19
Box: 32, 4, 11
Box: 13, 20, 183
Box: 32, 81, 36
Box: 8, 29, 3
Box: 32, 3, 10
Box: 8, 11, 21
Box: 3, 27, 4
Box: 4, 3, 70
Box: 10, 3, 24
Box: 4, 3, 12
Box: 5, 4, 37
Box: 3, 3, 8
Box: 32, 35, 35
Box: 5, 10, 2
Box: 32, 63, 16
Box: 32, 279, 3
Box: 9, 46, 6
Box: 32, 47, 37
Box: 32, 22, 46
Box: 5, 14, 9
Box: 32, 12, 52
Box: 5, 11, 26
Box: 10, 22, 10
Box: 15, 38, 24
Box: 2, 9, 69
Box: 32, 6, 63
Box: 8, 3, 46
Box: 2, 24, 10
Box: 28, 2, 59
Box: 19, 3, 34
Box: 4, 4, 12
Box: 2, 55, 41
Box: 32, 2, 55
Box: 32, 13, 40
Box: 32, 4, 9
Box: 2, 6, 2
Box: 2, 138, 15
Box: 9, 2, 120
Box: 32, 74, 107
Box: 32, 20, 4
Box: 12, 10, 3
Box: 32, 3, 3
Box: 32, 26, 63
Box: 3, 11, 8
Box: 32, 25, 183
Box: 5, 7, 12
Box: 32, 52, 15
Box: 6, 23, 4
Box: 6, 35, 45
Box: 6, 21, 45
Box: 32, 13, 10
Box: 32, 279, 2
Box: 32, 4, 12
Box: 32, 14, 183
Box: 5, 19, 35
Box: 32, 4, 18
Box: 32, 135, 133
Box: 32, 9, 12
Box: 32, 3, 183
Box: 32, 28, 29
Box: 32, 3, 12
Box: 32, 22, 10
Box: 32, 9, 183
Box: 32, 30, 13
Box: 32, 44, 2
Box: 6, 18, 6
Box: 4, 98, 27
Box: 32, 6, 22
Box: 32, 7, 183
Box: 32, 10, 4
Box: 32, 152, 31
Box: 32, 27, 40
Box: 32, 2, 77
Box: 3, 2, 10
Box: 3, 138, 15
Box: 32, 43, 7
Box: 32, 14, 22
Box: 8, 28, 3
Box: 32, 3, 12
Box: 32, 33, 67
Box: 32, 38, 4
Box: 32, 3, 3
Box: 32, 279, 41
Box: 32, 60, 27
Box: 32, 167, 3
Box: 32, 34, 183
Box: 32, 32, 60
Box: 32, 38, 8
Box: 6, 41, 11
Box: 32, 7, 3
Box: 2, 6, 183
Box: 32, 3, 12
Box: 5, 29, 90
Box: 32, 167, 12
Box: 32, 32, 5
Box: 32, 43, 13
Box: 32, 38, 34
Box: 2, 35, 4
Box: 32, 15, 124
Box: 5, 25, 11
Box: 32, 84, 64
Box: 7, 5, 18
Box: 32, 4, 15
Box: 5, 4, 17
Box: 32, 22, 28
Box: 32, 84, 100
Box: 32, 9, 19
Box: 32, 163, 66
Box: 32, 36, 2
Box: 3, 6, 34
Box: 6, 3, 3
Box: 32, 71, 5
Box: 32, 98, 12
Box: 32, 18, 37
Box: 32, 84, 83
Box: 32, 11, 12
Box: 7, 151, 2
Box: 32, 3, 9
Box: 32, 50, 48
Box: 32, 31, 15
Box: 32, 48, 17
Box: 32, 216, 183
Box: 12, 4, 115
Box: 2, 64, 14
Box: 32, 51, 22
Box: 32, 2, 16
Box: 5, 3, 36
Box: 5, 5, 28
Box: 13, 50, 4
Box: 32, 27, 27
Box: 32, 100, 5
Box: 2, 80, 19
Box: 32, 141, 52
Box: 32, 2, 8
Box: 32, 2, 7
Box: 32, 13, 33
Box: 32, 52, 11
Box: 14, 100, 22
Box: 32, 22, 28
Box: 32, 6, 33
Box: 4, 12, 27
Box: 2, 14, 8
Box: 2, 8, 3
Box: 14, 77, 121
Box: 2, 20, 129
Box: 4, 14, 2
Box: 32, 96, 10
Box: 32, 279, 108
Box: 32, 3, 38
Box: 32, 11, 77
Box: 20, 14, 9
Box: 2, 35, 28
Box: 32, 24, 8
Box: 32, 4, 46
Box: 3, 7, 12
Box: 32, 46, 2
Box: 32, 51, 54
Box: 32, 11, 6
Box: 32, 35, 183
Box: 32, 43, 37
Box: 32, 253, 12
Box: 10, 16, 9
Box: 32, 3, 26
Box: 32, 74, 39
Box: 32, 20, 2
Box: 32, 70, 28
Box: 32, 10, 39
Box: 9, 24, 5
Box: 32, 38, 17
Box: 32, 49, 24
Box: 22, 11, 17
Box: 32, 4, 10
Box: 32, 8, 12
Box: 32, 32, 54
Box: 32, 4, 67
Box: 9, 2, 4
Box: 12, 123, 115
Box: 16, 3, 13
Box: 32, 80, 74
Box: 32, 88, 183
Box: 32, 2, 14
Box: 32, 51, 3
Box: 32, 11, 54
Box: 32, 4, 47
Box: 32, 2, 19
Box: 32, 9, 183
Box: 7, 2, 47
Box: 6, 23, 45
Box: 32, 40, 16
Box: 11, 26, 12
Box: 32, 279, 18
Box: 32, 11, 183
Box: 18, 7, 33
Box: 32, 10, 3
Box: 32, 36, 4
Box: 32, 5, 27
Box: 32, 4, 63
Box: 4, 4, 20
Box: 14, 41, 14
Box: 32, 16, 50
Box: 32, 60, 183
Box: 32, 10, 24
Box: 32, 103, 41
Box: 32, 4, 46
Box: 3, 69, 6
Box: 32, 2, 85
Box: 32, 163, 13
Box: 32, 39, 120
Box: 32, 5, 20
Box: 8, 35, 3
Box: 32, 52, 2
Box: 32, 279, 68
Box: 32, 4, 37
Box: 3, 17, 62
Box: 32, 7, 17
Box: 14, 80, 13
Box: 14, 11, 15
Box: 24, 55, 11
Box: 32, 113, 45
Box: 32, 3, 8
Box: 32, 119, 7
Box: 3, 98, 27
Box: 32, 5, 29
Box: 32, 11, 183
Box: 32, 76, 126
Box: 32, 16, 41
Box: 4, 279, 36
Box: 5, 26, 9
Box: 32, 89, 27
Box: 32, 8, 63
Box: 14, 41, 2
Box: 10, 24, 10
Box: 32, 279, 90
Box: 32, 5, 20
Box: 32, 29, 7
Box: 32, 24, 42
Box: 19, 18, 12
Box: 7, 12, 66
Box: 18, 34, 2
Box: 32, 119, 29
Box: 32, 111, 183
Box: 32, 4, 33
Box: 32, 32, 11
Box: 32, 8, 5
Box: 32, 4, 30
Box: 23, 3, 16
Box: 5, 26, 7
Box: 32, 13, 3
Box: 32, 27, 19
Box: 3, 11, 11
Box: 5, 7, 26
Box: 32, 35, 3
Box: 32, 19, 183
Box: 32, 148, 3
Box: 9, 35, 28
Box: 5, 6, 11
Box: 32, 5, 14
Box: 7, 279, 4
Box: 32, 10, 41
Box: 5, 2, 2
Box: 32, 7, 2
Box: 32, 12, 36
Box: 32, 36, 98
Box: 32, 59, 2
Box: 4, 206, 183
Box: 32, 2, 9
Box: 32, 18, 90
Box: 32, 18, 7
Box: 3, 81, 17
Box: 32, 57, 63
Box: 5, 31, 11
Box: 32, 20, 4
Box: 4, 6, 2
Box: 32, 3, 22
Box: 14, 14, 15
Box: 19, 5, 3
Box: 32, 108, 4
Box: 32, 68, 183
Box: 32, 11, 14
Box: 32, 11, 15
Box: 32, 91, 52
Box: 32, 3, 46
Box: 12, 3, 72
Box: 32, 88, 133
Box: 32, 49, 56
Box: 32, 53, 74
Box: 2, 5, 183
Box: 32, 35, 40
Box: 8, 15, 8
Box: 32, 56, 17
Box: 3, 3, 7
Box: 32, 14, 17
Box: 8, 19, 2
Box: 32, 11, 22
Box: 9, 97, 23
Box: 10, 71, 17
Box: 2, 30, 32
Box: 13, 29, 20
Box: 32, 5, 68
Box: 32, 167, 30
Box: 32, 244, 24
Box: 32, 14, 4
Box: 10, 222, 8
Box: 7, 7, 28
Box: 3, 26, 25
Box: 32, 9, 183
Box: 25, 8, 3
Box: 5, 38, 2
Box: 9, 96, 11
Box: 13, 27, 31
Box: 32, 24, 43
Box: 32, 34, 14
Box: 16, 23, 4
Box: 32, 133, 2
Box: 9, 27, 14
Box: 32, 32, 2
Box: 5, 19, 2
Box: 32, 58, 29
Box: 32, 4, 5
Box: 18, 31, 11
Box: 32, 7, 13
Box: 32, 19, 2
Box: 32, 15, 67
Box: 32, 30, 78
Box: 32, 28, 22
Box: 32, 3, 31
Box: 11, 50, 64
Box: 32, 89, 10
Box: 32, 26, 20
Box: 5, 3, 7
Box: 2, 6, 4
Box: 5, 12, 36
Box: 14, 71, 17
Box: 10, 43, 183
Box: 8, 15, 17
Box: 32, 5, 2
Box: 5, 3, 9
Box: 6, 39, 9
Box: 32, 8, 76
Box: 8, 33, 114
Box: 32, 16, 18
Box: 32, 279, 18
Box: 32, 16, 2
Box: 18, 52, 92
Box: 8, 3, 3
Box: 32, 120, 37
Box: 11, 34, 7
Box: 32, 3, 85
Box: 32, 57, 31
Box: 32, 11, 22
Box: 8, 100, 26
Box: 32, 35, 43
Box: 13, 4, 9
Box: 3, 7, 12
Box: 32, 279, 43
Box: 32, 8, 77
Box: 32, 39, 183
Box: 10, 67, 37
Box: 32, 33, 11
Box: 3, 39, 18
Box: 15, 3, 9
Box: 3, 218, 35
Box: 32, 29, 17
Box: 32, 20, 50
Box: 32, 279, 6
Box: 6, 29, 90
Box: 32, 32, 56
Box: 32, 279, 155
Box: 32, 14, 33
Box: 4, 112, 19
Box: 32, 9, 2
Box: 18, 34, 2
Box: 32, 37, 2
Box: 23, 85, 75
Box: 32, 6, 2
Box: 32, 4, 22
Box: 10, 2, 2
Box: 6, 8, 10
Box: 32, 6, 3
Box: 12, 20, 3
Box: 32, 113, 183
Box: 32, 28, 8
Box: 32, 3, 61
Box: 9, 11, 12
Box: 2, 3, 20
Box: 3, 5, 6
Box: 32, 6, 30
Box: 32, 22, 3
Box: 23, 4, 23
Box: 32, 31, 5
Box: 32, 21, 8
Box: 32, 31, 67
Box: 32, 6, 54
Box: 2, 21, 69
Box: 17, 55, 20
Box: 32, 56, 3
Box: 32, 77, 2
Box: 14, 81, 21
Box: 2, 87, 50
Box: 15, 21, 40
Box: 32, 4, 12
Box: 4, 21, 28
Box: 32, 44, 12
Box: 32, 9, 75
Box: 32, 13, 24
Box: 32, 19, 6
Box: 11, 98, 27
Box: 32, 74, 63
Box: 32, 70, 18
Box: 5, 12, 35
Box: 5, 26, 5
Box: 5, 2, 47
Box: 8, 2, 21
Box: 4, 112, 19
Box: 32, 27, 65
Box: 5, 17, 87
Box: 32, 2, 8
Box: 32, 22, 21
Box: 32, 25, 117
Box: 32, 26, 24
Box: 3, 72, 10
Box: 32, 44, 16
Box: 19, 3, 2
Box: 32, 58, 183
Box: 8, 50, 183
Box: 32, 58, 2
Box: 32, 29, 27
Box: 32, 7, 18
Box: 32, 87, 22
Box: 32, 10, 12
Box: 32, 45, 3
Box: 32, 15, 69
Box: 8, 157, 23
Box: 4, 42, 57
Box: 32, 35, 4
Box: 32, 17, 12
Box: 32, 5, 13
Box: 18, 17, 62
Box: 32, 5, 12
Box: 32, 279, 4
Box: 32, 101, 85
Box: 2, 20, 71
Box: 32, 73, 40
Box: 32, 279, 19
Box: 11, 7, 13
Box: 4, 31, 28
Box: 32, 95, 9
Box: 12, 96, 33
Box: 8, 3, 61
Box: 5, 4, 11
Box: 32, 3, 39
Box: 32, 76, 6
Box: 32, 8, 46
Box: 32, 36, 64
Box: 32, 14, 12
Box: 32, 11, 18
Box: 13, 38, 3
Box: 32, 6, 10
Box: 32, 2, 37
Box: 32, 5, 22
Box: 32, 14, 63
Box: 32, 51, 2
Box: 32, 18, 5
Box: 32, 160, 183
Box: 2, 69, 183
Box: 17, 14, 3
Box: 32, 4, 87
Box: 32, 10, 12
Box: 3, 18, 58
Box: 32, 29, 64
Box: 30, 87, 50
Box: 32, 16, 21
Box: 28, 6, 27
Box: 32, 107, 183
Box: 5, 8, 3
Box: 32, 12, 107
Box: 32, 130, 37
Box: 5, 2, 36
Box: 32, 17, 30
Box: 6, 47, 45
Box: 32, 69, 14
Box: 32, 4, 27
Box: 8, 6, 21
Box: 32, 27, 14
Box: 32, 5, 28
Box: 32, 279, 2
Box: 32, 119, 19
Box: 8, 68, 23
Box: 13, 12, 5
Box: 5, 20, 3
Box: 24, 2, 17
Box: 32, 9, 67
Box: 8, 179, 56
Box: 32, 19, 2
Box: 32, 14, 40
Box: 32, 6, 32
Box: 32, 12, 17
Box: 32, 17, 13
Box: 16, 3, 3
Box: 32, 9, 183
Box: 8, 3, 13
Box: 16, 4, 3
Box: 32, 32, 72
Box: 7, 14, 9
Box: 32, 139, 19
Box: 32, 67, 13
Box: 32, 33, 56
Box: 32, 37, 7
Box: 32, 38, 101
Box: 6, 4, 9
Box: 5, 33, 183
Box: 32, 4, 2
Box: 32, 3, 28
Box: 15, 39, 57
Box: 32, 2, 15
Box: 32, 16, 82
Box: 32, 4, 4
Box: 32, 15, 22
Box: 2, 7, 3
Box: 32, 8, 183
Box: 32, 9, 18
Box: 32, 15, 44
Box: 32, 108, 4
Box: 10, 12, 10
Box: 12, 21, 13
Box: 13, 3, 6
Box: 11, 3, 4
Box: 32, 8, 19
Box: 12, 28, 42
Box: 32, 10, 53
Box: 4, 7, 6
Box: 32, 12, 13
Box: 22, 12, 2
Box: 32, 17, 2
Box: 32, 21, 2
Box: 32, 2, 57
Box: 32, 39, 4
Box: 32, 9, 183
Box: 32, 140, 33
Box: 5, 163, 5
Box: 14, 52, 12
Box: 5, 43, 8
Box: 7, 9, 25
Box: 32, 105, 13
Box: 32, 13, 183
Box: 6, 35, 28
Box: 2, 3, 7
Box: 32, 119, 10
Box: 32, 7, 47
Box: 32, 67, 92
Box: 32, 141, 4
Box: 3, 12, 57
Box: 10, 44, 2
Box: 3, 12, 57
Box: 5, 11, 12
Box: 32, 12, 31
Box: 14, 279, 4
Box: 32, 15, 7
Box: 32, 10, 120
Box: 32, 21, 29
Box: 6, 13, 90
Box: 32, 6, 33
Box: 9, 24, 2
Box: 32, 70, 30
Box: 9, 9, 28
Box: 32, 32, 31
Box: 32, 12, 2
Box: 3, 27, 6
Box: 32, 7, 69
Box: 32, 12, 24
Box: 32, 3, 46
Box: 32, 21, 37
Box: 32, 64, 5
Box: 32, 6, 6
Box: 7, 6, 33
Box: 14, 41, 22
Box: 10, 5, 28
Box: 9, 12, 3
Box: 3, 11, 49
Box: 27, 14, 5
Box: 32, 133, 33
Box: 13, 4, 32
Box: 3, 49, 35
Box: 5, 5, 2
Box: 32, 5, 6
Box: 32, 8, 47
Box: 5, 38, 3
Box: 8, 3, 2
Box: 32, 97, 183
Box: 32, 15, 24
Box: 23, 25, 42
Box: 7, 2, 28
Box: 32, 57, 76
Box: 18, 5, 183
Box: 32, 16, 56
Box: 32, 56, 11
Box: 32, 64, 25
Box: 9, 99, 120
Box: 2, 56, 78
Box: 32, 3, 14
Box: 32, 4, 48
Box: 32, 16, 16
Box: 32, 2, 2
Box: 2, 279, 35
Box: 32, 87, 12
Box: 32, 44, 33
Box: 32, 26, 43
Box: 32, 81, 20
Box: 14, 80, 21
Box: 7, 14, 7
Box: 32, 56, 12
Box: 32, 10, 10
Box: 32, 14, 13
Box: 20, 12, 9
Box: 8, 24, 26
Box: 32, 56, 27
Box: 5, 3, 34
Box: 32, 2, 7
Box: 32, 25, 24
Box: 32, 16, 2
Box: 14, 41, 6
Box: 5, 5, 20
Box: 32, 3, 30
Box: 32, 22, 67
Box: 32, 23, 13
Box: 13, 27, 20
Box: 32, 6, 4
Box: 32, 36, 2
Box: 8, 20, 183
Box: 32, 3, 77
Box: 32, 151, 31
Box: 32, 3, 48
Box: 32, 13, 12
Box: 32, 40, 4
Box: 2, 13, 4
Box: 32, 44, 34
Box: 32, 3, 88
Box: 6, 112, 19
Box: 32, 19, 37
Box: 32, 28, 183
Box: 18, 21, 14
Box: 32, 51, 8
Box: 32, 41, 58
Box: 32, 45, 8
Box: 25, 44, 4
Box: 32, 31, 43
Box: 4, 9, 69
Box: 10, 12, 40
Box: 10, 24, 45
Box: 8, 33, 30
Box: 32, 68, 85
Box: 32, 53, 2
Box: 2, 33, 54
Box: 32, 11, 16
Box: 5, 17, 10
Box: 32, 84, 13
Box: 20, 279, 42
Box: 2, 22, 32
Box: 32, 23, 183
Box: 3, 7, 12
Box: 4, 2, 20
Box: 32, 28, 46
Box: 28, 11, 2
Box: 32, 28, 20
Box: 32, 18, 8
Box: 19, 45, 183
Box: 32, 59, 71
Box: 32, 24, 183
Box: 32, 52, 5
Box: 3, 5, 2
Box: 32, 12, 183
Box: 32, 32, 4
Box: 32, 7, 21
Box: 32, 63, 50
Box: 32, 70, 183
Box: 6, 188, 45
Box: 4, 23, 12
Box: 32, 18, 11
Box: 2, 80, 16
Box: 32, 13, 3
Box: 32, 37, 15
Box: 3, 11, 26
Box: 32, 22, 116
Box: 32, 253, 6
Box: 4, 28, 40
Box: 9, 64, 14
Box: 5, 2, 35
Box: 16, 29, 183
Box: 4, 31, 5
Box: 32, 74, 23
Box: 4, 11, 17
Box: 32, 12, 100
Box: 8, 36, 8
Box: 32, 54, 4
Box: 6, 4, 20
Box: 32, 10, 9
Box: 15, 64, 4
Box: 32, 37, 17
Box: 32, 35, 40
Box: 3, 10, 4
Box: 32, 16, 27
Box: 32, 21, 28
Box: 32, 12, 3
Box: 4, 2, 27
Box: 32, 70, 3
Box: 5, 22, 17
Box: 32, 25, 20
Box: 32, 37, 34
Box: 32, 20, 2
Box: 32, 22, 2
Box: 5, 2, 11
Box: 4, 73, 183
Box: 32, 6, 6
Box: 32, 97, 6
Box: 32, 5, 71
Box: 32, 10, 17
Box: 32, 117, 183
Box: 32, 6, 8
Box: 20, 20, 3
Box: 3, 8, 3
Box: 32, 44, 14
Box: 17, 12, 39
Box: 11, 2, 14
Box: 32, 51, 30
Box: 32, 57, 25
Box: 32, 2, 23
Box: 32, 84, 21
Box: 32, 5, 7
Box: 32, 180, 77
Box: 2, 33, 58
Box: 7, 2, 8
Box: 32, 3, 7
Box: 28, 11, 25
Box: 32, 83, 15
Box: 32, 48, 23
Box: 7, 3, 46
Box: 32, 59, 11
Box: 32, 8, 126
Box: 2, 13, 48
Box: 12, 61, 8
Box: 13, 50, 6
Box: 32, 9, 3
Box: 32, 2, 19
Box: 14, 41, 13
Box: 32, 13, 42
Box: 32, 6, 12
Box: 32, 29, 31
Box: 3, 18, 22
Box: 32, 77, 5
Box: 32, 5, 6
Box: 32, 2, 3
Box: 11, 26, 2
Box: 32, 13, 42
Box: 8, 22, 32
Box: 32, 39, 33
Box: 32, 77, 8
Box: 32, 117, 183
Box: 32, 9, 5
Box: 2, 2, 14
Box: 32, 60, 16
Box: 11, 38, 50
Box: 32, 8, 9
Box: 14, 81, 8
Box: 4, 96, 33
Box: 32, 14, 2
Box: 2, 29, 3
Box: 32, 112, 103
Box: 32, 24, 42
Box: 7, 7, 12
Box: 32, 7, 3
Box: 18, 3, 48
Box: 32, 2, 28
Box: 32, 86, 6
Box: 32, 5, 14
Box: 8, 9, 33
Box: 32, 2, 47
Box: 12, 12, 106
Box: 32, 64, 41
Box: 32, 28, 59
Box: 32, 7, 20
Box: 32, 18, 13
Box: 8, 28, 29
Box: 6, 9, 10
Box: 24, 16, 58
Box: 15, 56, 22
Box: 32, 11, 5
Box: 32, 3, 23
Box: 32, 108, 183
Box: 32, 43, 24
Box: 5, 5, 183
Box: 8, 19, 3
Box: 32, 35, 13
Box: 32, 3, 10
Box: 32, 12, 9
Box: 3, 69, 10
Box: 32, 33, 27
Box: 32, 8, 15
Box: 13, 18, 6
Box: 7, 10, 3
Box: 32, 72, 10
Box: 8, 50, 7
Box: 32, 2, 183
Box: 32, 4, 17
Box: 32, 12, 183
Box: 32, 16, 7
Box: 6, 38, 3
Box: 4, 8, 3
Box: 32, 38, 24
Box: 32, 165, 76
Box: 32, 17, 7
Box: 32, 36, 21
Box: 5, 29, 3
Box: 32, 68, 38
Box: 32, 14, 15
Box: 32, 23, 13
Box: 2, 3, 6
Box: 32, 57, 33
Box: 14, 80, 26
Box: 27, 18, 37
Box: 9, 165, 25
Box: 13, 46, 6
Box: 32, 151, 31
Box: 32, 5, 3
Box: 8, 56, 122
Box: 7, 26, 9
Box: 18, 34, 6
Box: 32, 62, 17
Box: 3, 98, 27
Box: 32, 100, 84
Box: 32, 5, 74
Box: 32, 17, 2
Box: 6, 11, 26
Box: 32, 3, 75
Box: 2, 4, 12
Box: 6, 27, 30
Box: 32, 59, 183
Box: 16, 18, 12
Box: 32, 21, 15
Box: 32, 24, 4
Box: 32, 8, 4
Box: 32, 19, 12
Box: 3, 55, 183
Box: 4, 12, 183
Box: 6, 5, 90
Box: 4, 29, 3
Box: 32, 7, 10
Box: 2, 80, 5
Box: 4, 11, 6
Box: 5, 26, 13
Box: 8, 12, 3
Box: 32, 5, 85
Box: 32, 36, 183
Box: 32, 23, 13
Box: 6, 41, 17
Box: 32, 18, 52
Box: 10, 8, 10
Box: 8, 38, 23
Box: 9, 30, 19
Box: 23, 25, 8
Box: 32, 32, 3
Box: 3, 19, 4
Box: 16, 5, 24
Box: 2, 38, 24
Box: 14, 31, 11
Box: 32, 18, 11
Box: 13, 26, 25
Box: 32, 20, 11
Box: 10, 57, 45
Box: 11, 50, 2
Box: 32, 58, 40
Box: 32, 27, 14
Box: 32, 26, 28
Box: 32, 3, 8
Box: 29, 8, 5
Box: 32, 221, 9
Box: 32, 53, 62
Box: 32, 32, 33
Box: 7, 5, 4
Box: 32, 52, 50
Box: 32, 19, 91
Box: 3, 69, 179
Box: 32, 33, 44
Box: 32, 33, 31
Box: 32, 59, 18
Box: 5, 13, 3
Box: 2, 25, 3
Box: 4, 10, 59
Box: 24, 3, 20
Box: 4, 5, 2
Box: 4, 25, 5
Box: 32, 72, 71
Box: 4, 29, 25
Box: 32, 17, 3
Box: 4, 26, 9
Box: 32, 19, 3
Box: 3, 72, 10
Box: 32, 5, 46
Box: 32, 17, 12
Box: 32, 2, 69
Box: 32, 12, 12
Box: 32, 5, 30
Box: 32, 21, 75
Box: 6, 4, 12
Box: 32, 30, 11
Box: 32, 19, 12
Box: 2, 3, 2
Box: 32, 205, 52
Box: 32, 150, 4
Box: 2, 5, 122
Box: 32, 28, 19
Box: 32, 32, 64
Box: 14, 80, 40
Box: 32, 8, 21
Box: 32, 20, 71
Box: 32, 14, 17
Box: 32, 74, 35
Box: 32, 112, 183
Box: 5, 17, 14
Box: 32, 10, 59
Box: 8, 69, 183
Box: 2, 3, 13
Box: 8, 3, 2
Box: 32, 8, 126
Box: 32, 22, 92
Box: 32, 45, 24
Box: 32, 7, 14
Box: 12, 27, 16
Box: 18, 6, 19
Box: 32, 21, 2
Box: 32, 46, 10
Box: 32, 7, 85
Box: 32, 68, 44
Box: 32, 8, 9
Box: 32, 6, 133
Box: 32, 4, 37
Box: 3, 29, 3
Box: 32, 14, 13
Box: 32, 37, 54
Box: 32, 5, 19
Box: 3, 11, 21
Box: 32, 96, 6
Box: 32, 55, 27
Box: 32, 44, 36
Box: 18, 15, 17
Box: 32, 14, 5
Box: 3, 43, 183
Box: 13, 42, 18
Box: 14, 6, 5
Box: 32, 27, 183
Box: 2, 80, 5
Box: 32, 10, 9
Box: 32, 11, 3
Box: 6, 5, 20
Box: 2, 2, 8
Box: 32, 4, 33
Box: 32, 99, 92
Box: 32, 5, 28
Box: 32, 75, 6
Box: 10, 27, 62
Box: 17, 87, 7
Box: 3, 26, 22
Box: 14, 22, 5
Box: 32, 6, 6
Box: 32, 52, 31
Box: 32, 279, 17
Box: 32, 3, 28
Box: 2, 22, 32
Box: 32, 42, 15
Box: 15, 26, 25
Box: 3, 13, 8
Box: 32, 32, 18
Box: 32, 19, 183
Box: 20, 24, 16
Box: 32, 76, 3
Box: 3, 11, 17
Box: 11, 36, 9
Box: 32, 60, 39
Box: 7, 3, 48
Box: 16, 35, 20
Box: 32, 16, 17
Box: 14, 64, 14
Box: 32, 167, 12
Box: 24, 55, 32
Box: 5, 18, 33
Box: 32, 64, 15
Box: 13, 26, 2
Box: 32, 75, 13
Box: 32, 26, 16
Box: 6, 52, 30
Box: 32, 39, 25
Box: 3, 8, 50
Box: 3, 2, 2
Box: 17, 12, 8
Box: 32, 18, 2
Box: 2, 80, 20
Box: 32, 48, 27
Box: 3, 18, 12
Box: 32, 41, 101
Box: 3, 3, 14
Box: 32, 15, 10
Box: 32, 279, 18
Box: 8, 20, 71
Box: 32, 89, 98
Box: 16, 19, 13
Box: 32, 50, 30
Box: 3, 17, 62
Box: 32, 18, 6
Box: 16, 10, 183
Box: 32, 5, 2
Box: 14, 19, 10
Box: 5, 96, 11
Box: 32, 6, 119
Box: 17, 7, 13
Box: 32, 39, 3
Box: 32, 57, 50
Box: 2, 20, 9
Box: 3, 5, 7
Box: 15, 37, 3
Box: 32, 3, 116
Box: 32, 56, 22
Box: 14, 11, 5
Box: 32, 15, 7
Box: 32, 58, 25
Box: 13, 26, 81
Box: 32, 7, 183
Box: 3, 12, 3
Box: 8, 3, 70
Box: 32, 3, 27
Box: 32, 30, 6
Box: 6, 9, 40
Box: 23, 12, 30
Box: 17, 22, 32
Box: 5, 8, 3
Box: 8, 27, 30
Box: 32, 3, 21
Box: 32, 44, 14
Box: 23, 9, 23
Box: 10, 44, 18
Box: 32, 2, 68
Box: 16, 23, 14
Box: 32, 52, 37
Box: 32, 2, 25
Box: 32, 10, 183
Box: 20, 9, 33
Box: 2, 3, 22
Box: 32, 7, 18
Box: 32, 279, 10
Box: 32, 129, 13
Box: 3, 56, 22
Box: 8, 2, 8
Box: 32, 279, 46
Box: 5, 2, 183
Box: 10, 8, 3
Box: 32, 11, 4
Box: 2, 41, 4
Box: 25, 9, 25
Box: 32, 79, 44
Box: 6, 18, 12
Box: 13, 152, 56
Box: 32, 14, 172
Box: 32, 86, 183
Box: 32, 2, 68
Box: 32, 3, 25
Box: 32, 50, 10
Box: 32, 32, 12
Box: 3, 12, 35
Box: 3, 17, 62
Box: 32, 7, 10
Box: 32, 4, 46
Box: 32, 120, 183
Box: 32, 4, 28
Box: 5, 54, 19
Box: 32, 75, 42
Box: 32, 243, 31
Box: 32, 13, 18
Box: 32, 279, 56
Box: 14, 56, 22
Box: 5, 3, 46
Box: 19, 4, 63
Box: 32, 75, 17
Box: 32, 19, 183
Box: 32, 69, 27
Box: 32, 27, 10
Box: 32, 11, 2
Box: 7, 2, 21
Box: 32, 56, 15
Box: 4, 13, 183
Box: 2, 9, 40
Box: 32, 63, 90
Box: 32, 11, 20
Box: 32, 115, 69
Box: 5, 38, 3
Box: 32, 99, 3
Box: 32, 18, 8
Box: 32, 57, 5
Box: 32, 65, 17
Box: 3, 11, 17
Box: 32, 2, 50
Box: 32, 75, 19
Box: 32, 61, 57
Box: 6, 3, 6
Box: 22, 31, 43
Box: 32, 13, 12
Box: 2, 31, 22
Box: 32, 2, 37
Box: 32, 6, 37
Box: 23, 8, 43
Box: 3, 3, 2
Box: 32, 23, 102
Box: 32, 18, 5
Box: 32, 7, 26
Box: 32, 74, 33
Box: 32, 70, 6
Box: 32, 11, 29
Box: 4, 27, 30
Box: 32, 12, 32
Box: 32, 81, 54
Box: 32, 76, 40
Box: 13, 5, 32
Box: 32, 11, 13
Box: 2, 19, 4
Box: 32, 64, 6
Box: 32, 32, 4
Box: 32, 11, 27
Box: 32, 51, 2
Box: 32, 55, 17
Box: 32, 71, 107
Box: 2, 56, 122
Box: 32, 34, 5
Box: 32, 8, 23
Box: 3, 12, 3
Box: 2, 13, 87
Box: 32, 26, 183
Box: 4, 159, 5
Box: 32, 96, 63
Box: 5, 26, 5
Box: 32, 31, 108
Box: 32, 65, 36
Box: 28, 2, 22
Box: 32, 5, 9
Box: 16, 23, 6
Box: 32, 43, 17
Box: 32, 10, 19
Box: 32, 22, 42
Box: 32, 10, 37
Box: 32, 8, 2
Box: 7, 64, 14
Box: 32, 11, 18
Box: 32, 4, 131
Box: 17, 6, 3
Box: 11, 50, 22
Box: 32, 4, 17
Box: 7, 8, 4
Box: 32, 25, 38
Box: 32, 6, 2
Box: 32, 52, 29
Box: 5, 14, 5
Box: 32, 29, 16
Box: 16, 29, 3
Box: 27, 11, 11
Box: 6, 16, 9
Box: 32, 5, 10
Box: 32, 17, 7
Box: 4, 12, 66
Box: 32, 33, 40
Box: 32, 279, 27
Box: 7, 279, 4
Box: 20, 2, 2
Box: 32, 15, 13
Box: 4, 96, 33
Box: 32, 279, 48
Box: 2, 7, 23
Box: 32, 5, 88
Box: 32, 18, 20
Box: 13, 72, 10
Box: 9, 12, 3
Box: 32, 115, 29
Box: 25, 48, 12
Box: 5, 17, 35
Box: 7, 5, 12
Box: 32, 59, 10
Box: 13, 17, 16
Box: 13, 12, 6
Box: 32, 75, 37
Box: 32, 6, 12
Box: 32, 25, 13
Box: 32, 21, 42
Box: 32, 8, 71
Box: 32, 56, 35
Box: 32, 14, 41
Box: 32, 34, 27
Box: 32, 27, 17
Box: 32, 213, 4
Box: 32, 7, 25
Box: 32, 12, 183
Box: 32, 22, 119
Box: 12, 32, 25
Box: 32, 46, 28
Box: 28, 12, 183
Box: 32, 5, 37
Box: 2, 10, 22
Box: 32, 23, 22
Box: 32, 73, 183
Box: 2, 38, 22
Box: 32, 13, 33
Box: 32, 115, 5
Box: 15, 87, 7
Box: 16, 8, 40
Box: 28, 33, 14
Box: 32, 12, 8
Box: 32, 8, 110
Box: 4, 55, 183
Box: 32, 16, 19
Box: 22, 44, 18
Box: 32, 33, 183
Box: 32, 24, 16
Box: 32, 12, 57
Box: 6, 3, 7
Box: 32, 2, 37
Box: 5, 26, 10
Box: 32, 40, 89
Box: 32, 15, 106
Box: 5, 58, 19
Box: 32, 26, 88
Box: 3, 34, 7
Box: 32, 2, 4
Box: 32, 9, 2
Box: 5, 20, 2
Box: 5, 43, 49
Box: 32, 6, 19
Box: 3, 12, 3
Box: 6, 22, 10
Box: 4, 2, 14
Box: 8, 25, 6
Box: 32, 45, 63
Box: 32, 4, 22
Box: 32, 23, 18
Box: 3, 16, 9
Box: 32, 54, 105
Box: 32, 16, 30
Box: 32, 167, 45
Box: 8, 34, 26
Box: 32, 8, 30
Box: 3, 4, 6
Box: 8, 77, 121
Box: 32, 12, 64
Box: 7, 5, 2
Box: 32, 26, 74
Box: 12, 78, 14
Box: 12, 50, 115
Box: 32, 10, 21
Box: 7, 41, 87
Box: 14, 26, 81
Box: 32, 279, 39
Box: 32, 5, 7
Box: 16, 6, 24
Box: 32, 37, 4
Box: 32, 4, 11
Box: 10, 97, 23
Box: 32, 7, 183
Box: 10, 12, 3
Box: 32, 9, 4
Box: 32, 70, 4
Box: 32, 45, 31
Box: 32, 18, 5
Box: 32, 8, 46
Box: 12, 6, 33
Box: 32, 17, 60
Box: 5, 5, 17
Box: 32, 33, 183
Box: 16, 23, 21
Box: 10, 46, 6
Box: 5, 97, 23
Box: 32, 43, 20
Box: 3, 35, 20
Box: 32, 16, 5
Box: 32, 5, 8
Box: 32, 21, 25
Box: 32, 7, 85
Box: 32, 36, 15
Box: 13, 279, 35
Box: 32, 3, 6
Box: 32, 2, 20
Box: 3, 5, 133
Box: 32, 26, 2
Box: 7, 32, 3
Box: 16, 17, 183
Box: 32, 8, 18
Box: 32, 17, 19
Box: 13, 17, 14
Box: 13, 50, 2
Box: 32, 43, 6
Box: 16, 7, 45
Box: 32, 13, 6
Box: 32, 14, 2
Box: 32, 37, 21
Box: 32, 30, 50
Box: 7, 5, 2
Box: 7, 2, 28
Box: 32, 43, 2
Box: 32, 6, 2
Box: 10, 67, 146
Box: 10, 45, 12
Box: 32, 2, 183
Box: 2, 4, 22
Box: 3, 2, 8
Box: 32, 3, 9
Box: 4, 6, 8
Box: 32, 36, 3
Box: 32, 7, 6
Box: 32, 39, 90
Box: 32, 163, 14
Box: 9, 2, 120
Box: 32, 11, 174
Box: 32, 100, 33
Box: 3, 34, 7
Box: 32, 56, 12
Box: 32, 279, 3
Box: 9, 27, 5
Box: 6, 22, 2
Box: 6, 31, 5
Box: 32, 11, 4
Box: 32, 21, 47
Box: 3, 69, 67
Box: 32, 60, 53
Box: 28, 8, 13
Box: 32, 99, 2
Box: 32, 3, 17
Box: 13, 2, 32
Box: 3, 26, 2
Box: 32, 2, 12
Box: 32, 22, 31
Box: 32, 119, 21
Box: 6, 8, 2
Box: 32, 2, 3
Box: 32, 47, 4
Box: 32, 28, 2
Box: 2, 35, 28
Box: 32, 12, 96
Box: 32, 94, 20
Box: 32, 7, 12
Box: 5, 26, 25
Box: 32, 76, 54
Box: 19, 51, 4
Box: 32, 54, 55
Box: 16, 4, 3
Box: 4, 32, 32
Box: 32, 158, 30
Box: 32, 44, 10
Box: 32, 9, 19
Box: 32, 136, 26
Box: 24, 3, 69
Box: 3, 12, 9
Box: 32, 3, 183
Box: 32, 23, 103
Box: 5, 6, 2
Box: 32, 279, 33
Box: 32, 133, 36
Box: 3, 12, 66
Box: 32, 8, 46
Box: 32, 9, 8
Box: 32, 37, 36
Box: 6, 138, 15
Box: 32, 56, 20
Box: 32, 6, 2
Box: 32, 6, 8
Box: 9, 279, 32
Box: 32, 21, 22
Box: 32, 10, 79
Box: 2, 6, 13
Box: 32, 9, 5
Box: 32, 8, 7
Box: 3, 69, 2
Box: 32, 85, 36
Box: 32, 36, 18
Box: 32, 33, 21
Box: 5, 27, 16
Box: 32, 33, 36
Box: 32, 38, 74
Box: 32, 4, 3
Box: 32, 167, 28
Box: 32, 8, 27
Box: 7, 2, 4
Box: 32, 25, 20
Box: 4, 96, 33
Box: 7, 27, 4
Box: 7, 12, 23
Box: 32, 72, 13
Box: 32, 53, 13
Box: 32, 15, 15
Box: 32, 52, 20
Box: 32, 4, 10
Box: 32, 29, 183
Box: 32, 11, 74
Box: 15, 5, 12
Box: 8, 33, 8
Box: 32, 2, 33
Box: 32, 4, 28
Box: 5, 26, 5
Box: 32, 26, 96
Box: 32, 31, 71
Box: 5, 10, 2
Box: 32, 25, 19
Box: 27, 36, 8
Box: 32, 4, 24
Box: 8, 5, 40
Box: 32, 26, 92
Box: 7, 12, 20
Box: 32, 37, 69
Box: 32, 21, 58
Box: 32, 10, 43
Box: 2, 21, 2
Box: 32, 2, 4
Box: 3, 26, 2
Box: 32, 4, 3
Box: 32, 16, 21
Box: 28, 11, 6
Box: 9, 19, 15
Box: 32, 17, 26
Box: 32, 15, 46
Box: 32, 61, 29
Box: 32, 279, 2
Box: 24, 55, 21
Box: 32, 100, 33
Box: 32, 12, 12
Box: 32, 9, 7
Box: 4, 18, 28
Box: 32, 74, 40
Box: 19, 18, 4
Box: 3, 2, 14
Box: 32, 80, 92
Box: 32, 12, 37
Box: 3, 22, 9
Box: 32, 9, 38
Box: 3, 12, 3
Box: 6, 2, 47
Box: 32, 75, 56
Box: 32, 25, 183
Box: 3, 26, 2
Box: 32, 60, 100
Box: 32, 16, 17
Box: 32, 14, 62
Box: 32, 11, 23
Box: 32, 132, 26
Box: 32, 14, 44
Box: 32, 51, 3
Box: 2, 9, 62
Box: 11, 35, 28
Box: 32, 20, 30
Box: 5, 4, 63
Box: 32, 44, 10
Box: 32, 10, 21
Box: 32, 17, 22
Box: 32, 50, 49
Box: 32, 36, 13
Box: 32, 40, 59
Box: 32, 31, 13
Box: 32, 94, 109
Box: 32, 53, 34
Box: 32, 50, 15
Box: 30, 3, 2
Box: 32, 93, 183
Box: 8, 3, 15
Box: 32, 133, 40
Box: 32, 143, 183
Box: 4, 3, 12
Box: 32, 12, 158
Box: 5, 44, 16
Box: 32, 44, 40
Box: 7, 12, 11
Box: 32, 3, 6
Box: 6, 29, 18
Box: 32, 2, 69
Box: 16, 7, 90
Box: 32, 48, 20
Box: 4, 2, 8
Box: 5, 17, 10
Box: 8, 33, 39
Box: 23, 5, 23
Box: 32, 12, 76
Box: 32, 70, 5
Box: 2, 7, 26
Box: 32, 58, 8
Box: 32, 141, 4
Box: 7, 26, 9
Box: 6, 96, 23
Box: 6, 33, 54
Box: 32, 5, 92
Box: 9, 22, 2
Box: 32, 17, 26
Box: 32, 6, 183
Box: 4, 9, 33
Box: 32, 84, 14
Box: 32, 22, 130
Box: 32, 22, 130
Box: 32, 44, 3
Box: 32, 100, 3
Box: 32, 51, 2
Box: 32, 2, 183
Box: 9, 20, 71
Box: 32, 26, 8
Box: 6, 3, 13
Box: 19, 23, 2
Box: 32, 15, 9
Box: 32, 7, 20
Box: 5, 28, 33
Box: 32, 3, 12
Box: 32, 4, 183
Box: 9, 31, 2
Box: 8, 67, 183
Box: 32, 11, 23
Box: 32, 21, 18
Box: 9, 2, 27
Box: 32, 43, 35
Box: 2, 51, 4
Box: 32, 72, 42
Box: 32, 47, 27
Box: 13, 72, 10
Box: 32, 8, 42
Box: 32, 4, 4
Box: 18, 40, 41
Box: 3, 13, 8
Box: 32, 60, 10
Box: 32, 279, 25
Box: 32, 11, 74
Box: 6, 10, 2
Box: 2, 25, 3
Box: 32, 12, 3
Box: 32, 6, 21
Box: 32, 28, 3
Box: 5, 5, 3
Box: 28, 11, 30
Box: 32, 150, 28
Box: 32, 50, 52
Box: 8, 172, 3
Box: 32, 31, 22
Box: 32, 13, 95
Box: 32, 36, 52
Box: 32, 167, 15
Box: 32, 6, 10
Box: 3, 8, 5
Box: 9, 59, 86
Box: 32, 4, 17
Box: 32, 12, 13
Box: 32, 3, 17
Box: 3, 20, 9
Box: 32, 9, 30
Box: 32, 12, 105
Box: 8, 13, 10
Box: 9, 31, 2
Box: 32, 31, 24
Box: 32, 82, 33
Box: 32, 8, 12
Box: 32, 12, 56
Box: 20, 24, 5
Box: 32, 24, 77
Box: 32, 89, 183
Box: 32, 32, 5
Box: 5, 10, 183
Box: 6, 27, 21
Box: 28, 28, 40
Box: 32, 28, 183
Box: 32, 139, 41
Box: 32, 62, 62
Box: 32, 15, 43
Box: 32, 21, 27
Box: 32, 53, 183
Box: 32, 45, 66
Box: 32, 64, 18
Box: 32, 139, 6
Box: 3, 5, 10
Box: 32, 81, 53
Box: 32, 279, 27
Box: 2, 35, 20
Box: 2, 4, 22
Box: 16, 3, 13
Box: 32, 136, 183
Box: 32, 14, 3
Box: 24, 4, 6
Box: 2, 13, 122
Box: 10, 18, 12
Box: 4, 2, 22
Box: 2, 18, 12
Box: 32, 108, 7
Box: 32, 5, 108
Box: 12, 20, 115
Box: 32, 13, 94
Box: 10, 3, 5
Box: 32, 2, 18
Box: 32, 8, 3
Box: 32, 64, 36
Box: 32, 49, 158
Box: 32, 132, 72
Box: 32, 32, 10
Box: 6, 3, 6
Box: 32, 3, 18
Box: 8, 39, 9
Box: 32, 3, 6
Box: 3, 2, 4
Box: 32, 4, 10
Box: 32, 38, 16
Box: 32, 7, 20
Box: 13, 23, 28
Box: 32, 41, 22
Box: 10, 33, 54
Box: 32, 32, 22
Box: 32, 13, 36
Box: 13, 52, 7
Box: 7, 5, 3
Box: 23, 279, 43
Box: 32, 92, 27
Box: 32, 73, 10
Box: 32, 35, 63
Box: 7, 28, 29
Box: 32, 9, 69
Box: 5, 3, 3
Box: 32, 2, 2
Box: 3, 35, 28
Box: 32, 15, 10
Box: 20, 16, 20
Box: 32, 27, 29
Box: 19, 11, 88
Box: 32, 22, 10
Box: 32, 27, 14
Box: 32, 59, 40
Box: 32, 76, 13
Box: 32, 59, 113
Box: 32, 12, 32
Box: 32, 2, 18
Box: 32, 7, 76
Box: 28, 13, 102
Box: 8, 98, 27
Box: 2, 26, 4
Box: 13, 52, 58
Box: 32, 17, 183
Box: 32, 5, 7
Box: 32, 9, 63
Box: 32, 30, 126
Box: 2, 10, 122
Box: 32, 12, 27
Box: 32, 163, 43
Box: 32, 9, 15
Box: 32, 46, 55
Box: 32, 11, 9
Box: 32, 6, 14
Box: 9, 11, 13
Box: 32, 70, 2
Box: 12, 16, 20
Box: 32, 84, 77
Box: 32, 7, 21
Box: 32, 5, 27
Box: 32, 5, 54
Box: 32, 116, 56
Box: 32, 83, 13
Box: 32, 34, 107
Box: 32, 21, 89
Box: 32, 49, 40
Box: 32, 141, 5
Box: 32, 12, 36
Box: 5, 12, 32
Box: 3, 10, 57
Box: 32, 165, 38
Box: 32, 13, 183
Box: 2, 5, 22
Box: 12, 24, 115
Box: 32, 221, 26
Box: 32, 76, 14
Box: 30, 29, 2
Box: 2, 38, 24
Box: 3, 2, 2
Box: 32, 16, 7
Box: 7, 6, 2
Box: 32, 5, 7
Box: 32, 6, 10
Box: 3, 8, 4
Box: 28, 2, 13
Box: 9, 51, 4
Box: 32, 16, 6
Box: 14, 27, 183
Box: 5, 4, 17
Box: 32, 31, 88
Box: 13, 50, 12
Box: 32, 28, 92
Box: 32, 9, 31
Box: 32, 3, 3
Box: 32, 67, 183
Box: 32, 6, 4
Box: 32, 42, 56
Box: 32, 51, 25
Box: 32, 92, 36
Box: 4, 112, 19
Box: 13, 13, 24
Box: 32, 58, 9
Box: 32, 9, 183
Box: 9, 5, 133
Box: 32, 45, 40
Box: 5, 44, 21
Box: 3, 32, 4
Box: 32, 9, 42
Box: 7, 15, 2
Box: 32, 60, 40
Box: 32, 9, 120
Box: 32, 19, 105
Box: 32, 49, 36
Box: 32, 226, 12
Box: 17, 3, 7
Box: 2, 13, 3
Box: 32, 51, 32
Box: 32, 26, 21
Box: 32, 9, 183
Box: 32, 3, 6
Box: 32, 19, 62
Box: 19, 39, 18
Box: 8, 78, 14
Box: 28, 11, 5
Box: 5, 12, 17
Box: 32, 60, 6
Box: 32, 4, 50
Box: 32, 4, 20
Box: 32, 112, 113
Box: 32, 10, 24
Box: 32, 104, 48
Box: 16, 12, 24
Box: 9, 44, 2
Box: 32, 4, 12
Box: 32, 13, 20
Box: 32, 5, 183
Box: 32, 10, 19
Box: 3, 5, 133
Box: 8, 14, 7
Box: 32, 52, 142
Box: 13, 50, 3
Box: 32, 2, 28
Box: 32, 31, 2
Box: 18, 32, 3
Box: 6, 3, 40
Box: 32, 15, 18
Box: 32, 10, 20
Box: 17, 101, 23
Box: 32, 19, 3
Box: 32, 5, 19
Box: 32, 31, 45
Box: 32, 87, 35
Box: 5, 20, 32
Box: 32, 3, 69
Box: 8, 9, 10
Box: 32, 26, 59
Box: 32, 5, 7
Box: 11, 41, 109
Box: 32, 99, 6
Box: 3, 69, 18
Box: 32, 2, 46
Box: 32, 279, 51
Box: 32, 13, 22
Box: 32, 10, 40
Box: 32, 7, 14
Box: 32, 10, 11
Box: 13, 18, 4
Box: 4, 2, 2
Box: 32, 76, 183
Box: 10, 4, 23
Box: 32, 72, 30
Box: 32, 26, 23
Box: 12, 56, 122
Box: 32, 12, 44
Box: 13, 96, 11
Box: 32, 82, 16
Box: 32, 36, 30
Box: 32, 28, 19
Box: 32, 6, 6
Box: 32, 73, 44
Box: 32, 39, 3
Box: 32, 113, 11
Box: 14, 41, 59
Box: 2, 56, 4
Box: 32, 3, 183
Box: 32, 50, 3
Box: 32, 21, 21
Box: 7, 38, 56
Box: 32, 279, 26
Box: 7, 12, 50
Box: 32, 2, 5
Box: 32, 4, 37
Box: 8, 279, 64
Box: 32, 62, 28
Box: 32, 6, 3
Box: 32, 31, 70
Box: 32, 109, 29
Box: 11, 38, 23
Box: 32, 14, 2
Box: 32, 2, 57
Box: 32, 11, 18
Box: 15, 27, 47
Box: 6, 73, 45
Box: 32, 139, 3
Box: 32, 26, 183
Box: 32, 18, 4
Box: 32, 8, 14
Box: 6, 3, 20
Box: 32, 22, 7
Box: 32, 84, 2
Box: 32, 4, 47
Box: 32, 62, 183
Box: 32, 101, 12
Box: 32, 77, 183
Box: 32, 44, 45
Box: 32, 42, 183
Box: 9, 81, 17
Box: 32, 17, 27
Box: 32, 24, 17
Box: 32, 16, 23
Box: 10, 3, 8
Box: 32, 70, 7
Box: 32, 38, 32
Box: 32, 26, 20
Box: 32, 3, 41
Box: 3, 6, 33
Box: 32, 87, 34
Box: 13, 25, 183
Box: 32, 44, 7
Box: 32, 58, 183
Box: 32, 13, 6
Box: 5, 12, 16
Box: 32, 12, 20
Box: 5, 28, 29
Box: 32, 44, 4
Box: 2, 4, 3
Box: 32, 64, 91
Box: 32, 7, 33
Box: 14, 52, 56
Box: 7, 2, 4
Box: 32, 7, 33
Box: 3, 98, 27
Box: 32, 38, 11
Box: 4, 11, 158
Box: 2, 14, 9
Box: 32, 22, 103
Box: 32, 21, 183
Box: 5, 10, 59
Box: 8, 5, 133
Box: 14, 26, 25
Box: 32, 27, 13
Box: 5, 43, 54
Box: 14, 29, 15
Box: 6, 41, 4
Box: 32, 49, 46
Box: 32, 65, 126
Box: 23, 4, 26
Box: 12, 22, 10
Box: 32, 17, 35
Box: 32, 3, 2
Box: 32, 15, 28
Box: 4, 19, 5
Box: 32, 22, 38
Box: 32, 44, 33
Box: 32, 33, 4
Box: 6, 5, 23
Box: 3, 38, 23
Box: 32, 34, 50
Box: 10, 64, 10
Box: 32, 165, 13
Box: 32, 16, 11
Box: 32, 5, 29
Box: 13, 5, 28
Box: 32, 5, 17
Box: 32, 9, 183
Box: 11, 50, 25
Box: 32, 14, 17
Box: 32, 2, 7
Box: 32, 2, 7
Box: 32, 112, 10
Box: 32, 17, 183
Box: 32, 32, 57
Box: 32, 12, 17
Box: 32, 11, 17
Box: 32, 2, 43
Box: 32, 4, 28
Box: 32, 20, 7
Box: 32, 174, 52
Box: 11, 55, 183
Box: 8, 9, 40
Box: 2, 3, 4
Box: 12, 45, 40
Box: 32, 4, 2
Box: 5, 222, 8
Box: 32, 30, 183
Box: 32, 23, 2
Box: 32, 22, 15
Box: 7, 26, 2
Box: 5, 38, 26
Box: 32, 33, 7
Box: 32, 46, 18
Box: 10, 11, 26
Box: 32, 24, 24
Box: 32, 75, 20
Box: 32, 279, 15
Box: 32, 6, 54
Box: 32, 3, 183
Box: 32, 7, 4
Box: 32, 14, 2
Box: 32, 20, 37
Box: 21, 4, 37
Box: 32, 3, 4
Box: 3, 11, 36
Box: 7, 19, 13
Box: 32, 3, 183
Box: 32, 86, 183
Box: 23, 25, 2
Box: 32, 6, 63
Box: 9, 2, 32
Box: 32, 38, 8
Box: 32, 28, 25
Box: 6, 41, 31
Box: 6, 11, 26
Box: 2, 29, 18
Box: 32, 11, 73
Box: 32, 75, 38
Box: 5, 38, 8
Box: 11, 50, 30
Box: 32, 44, 20
Box: 32, 15, 60
Box: 32, 34, 75
Box: 32, 103, 12
Box: 8, 8, 67
Box: 32, 23, 42
Box: 18, 11, 12
Box: 32, 6, 88
Box: 9, 27, 18
Box: 32, 2, 54
Box: 32, 3, 28
Box: 19, 73, 2
Box: 4, 21, 5
Box: 32, 5, 29
Box: 20, 21, 69
Box: 2, 91, 4
Box: 32, 66, 18
Box: 32, 16, 16
Box: 32, 92, 83
Box: 2, 3, 9
Box: 32, 12, 91
Box: 32, 124, 9
Box: 32, 137, 30
Box: 32, 21, 4
Box: 13, 26, 20
Box: 2, 2, 4
Box: 32, 87, 183
Box: 6, 154, 45
Box: 32, 25, 6
Box: 32, 17, 3
Box: 6, 5, 133
Box: 32, 91, 13
Box: 8, 3, 20
Box: 32, 108, 3
Box: 32, 12, 14
Box: 32, 11, 10
Box: 32, 37, 27
Box: 32, 10, 101
Box: 32, 29, 23
Box: 10, 31, 19
Box: 32, 167, 4
Box: 6, 27, 140
Box: 26, 8, 2
Box: 32, 27, 9
Box: 32, 51, 14
Box: 32, 13, 3
Box: 32, 66, 8
Box: 8, 58, 67
Box: 32, 47, 15
Box: 32, 64, 15
Box: 32, 24, 48
Box: 32, 10, 2
Box: 32, 59, 10
Box: 28, 11, 3
Box: 32, 8, 38
Box: 23, 21, 2
Box: 16, 23, 56
Box: 32, 30, 12
Box: 32, 30, 27
Box: 32, 34, 2
Box: 10, 31, 43
Box: 8, 3, 2
Box: 32, 7, 54
Box: 3, 2, 14
Box: 5, 7, 12
Box: 32, 178, 28
Box: 32, 71, 19
Box: 12, 279, 68
Box: 32, 11, 20
Box: 9, 4, 26
Box: 32, 15, 13
Box: 28, 33, 78
Box: 32, 279, 23
Box: 32, 4, 8
Box: 32, 17, 28
Box: 32, 9, 32
Box: 24, 2, 16
Box: 32, 6, 42
Box: 32, 141, 3
Box: 5, 38, 3
Box: 7, 13, 28
Box: 32, 5, 43
Box: 6, 38, 50
Box: 2, 29, 2
Box: 32, 9, 88
Box: 32, 2, 111
Box: 32, 15, 37
Box: 6, 27, 6
Box: 32, 11, 158
Box: 32, 30, 18
Box: 32, 3, 28
Box: 32, 106, 25
Box: 32, 31, 48
Box: 32, 10, 113
Box: 4, 51, 4
Box: 32, 11, 14
Box: 3, 69, 5
Box: 24, 14, 69
Box: 2, 20, 15
Box: 5, 5, 35
Box: 32, 4, 12
Box: 2, 20, 26
Box: 8, 13, 11
Box: 7, 7, 23
Box: 32, 12, 20
Box: 14, 2, 10
Box: 32, 25, 4
Box: 32, 35, 29
Box: 32, 14, 183
Box: 32, 3, 3
Box: 9, 13, 48
Box: 16, 8, 143
Box: 8, 4, 63
Box: 32, 49, 17
Box: 2, 56, 44
Box: 32, 17, 11
Box: 32, 2, 33
Box: 32, 213, 20
Box: 32, 134, 64
Box: 32, 279, 22
Box: 9, 47, 13
Box: 32, 38, 73
Box: 32, 26, 21
Box: 32, 5, 7
Box: 32, 17, 46
Box: 3, 12, 2
Box: 32, 16, 10
Box: 32, 10, 14
Box: 3, 55, 183
Box: 5, 2, 17
Box: 32, 8, 9
Box: 32, 12, 7
Box: 32, 20, 73
Box: 32, 98, 23
Box: 32, 180, 6
Box: 32, 279, 10
Box: 32, 96, 18
Box: 2, 14, 41
Box: 32, 34, 29
Box: 6, 3, 9
Box: 32, 21, 183
Box: 12, 24, 11
Box: 9, 35, 28
Box: 32, 26, 8
Box: 32, 5, 4
Box: 32, 9, 43
Box: 32, 164, 5
Box: 32, 19, 56
Box: 9, 19, 13
Box: 32, 7, 14
Box: 32, 38, 3
Box: 32, 124, 92
Box: 14, 18, 19
Box: 32, 21, 7
Box: 32, 9, 37
Box: 32, 18, 14
Box: 32, 5, 20
Box: 2, 38, 2
Box: 32, 5, 20
Box: 18, 8, 50
Box: 32, 279, 2
Box: 32, 28, 183
Box: 11, 42, 57
Box: 32, 95, 33
Box: 32, 11, 24
Box: 32, 166, 19
Box: 32, 103, 13
Box: 6, 4, 20
Box: 32, 12, 6
Box: 5, 97, 23
Box: 32, 79, 158
Box: 32, 20, 21
Box: 32, 21, 10
Box: 32, 38, 14
Box: 32, 54, 4
Box: 32, 6, 6
Box: 32, 6, 3
Box: 2, 24, 62
Box: 32, 5, 4
Box: 32, 81, 6
Box: 32, 69, 124
Box: 32, 24, 3
Box: 5, 38, 56
Box: 32, 69, 22
Box: 32, 51, 125
Box: 16, 4, 12
Box: 32, 127, 183
Box: 3, 35, 16
Box: 32, 19, 25
Box: 32, 7, 65
Box: 32, 15, 183
Box: 32, 82, 167
Box: 2, 18, 19
Box: 32, 78, 183
Box: 32, 49, 77
Box: 32, 16, 12
Box: 32, 14, 3
Box: 32, 74, 58
Box: 32, 104, 10
Box: 32, 13, 29
Box: 32, 69, 106
Box: 5, 27, 47
Box: 32, 19, 5
Box: 32, 39, 22
Box: 6, 13, 3
Box: 9, 94, 120
Box: 32, 19, 18
Box: 32, 105, 27
Box: 32, 38, 2
Box: 9, 64, 4
Box: 3, 5, 9
Box: 32, 11, 46
Box: 4, 18, 4
Box: 32, 205, 14
Box: 9, 2, 10
Box: 32, 28, 61
Box: 19, 152, 56
Box: 32, 4, 9
Box: 16, 18, 19
Box: 32, 4, 11
Box: 4, 5, 40
Box: 32, 13, 16
Box: 32, 31, 119
Box: 2, 12, 6
Box: 32, 279, 5
Box: 32, 40, 89
Box: 32, 35, 36
Box: 32, 76, 6
Box: 32, 63, 9
Box: 7, 27, 30
Box: 3, 38, 3
Box: 5, 4, 7
Box: 32, 4, 33
Box: 32, 14, 26
Box: 32, 50, 183
Box: 7, 5, 4
Box: 32, 10, 3
Box: 32, 36, 183
Box: 32, 26, 36
Box: 32, 9, 18
Box: 3, 22, 32
Box: 32, 44, 39
Box: 32, 12, 47
Box: 32, 2, 23
Box: 15, 33, 90
Box: 24, 2, 11
Box: 4, 18, 10
Box: 32, 32, 35
Box: 32, 124, 4
Box: 12, 28, 29
Box: 8, 3, 56
Box: 32, 75, 26
Box: 32, 37, 8
Box: 12, 13, 3
Box: 32, 32, 27
Box: 7, 17, 6
Box: 32, 8, 11
Box: 4, 2, 21
Box: 32, 38, 12
Box: 32, 10, 42
Box: 32, 279, 14
Box: 32, 4, 19
Box: 7, 2, 2
Box: 16, 23, 2
Box: 32, 14, 22
Box: 32, 32, 138
Box: 10, 10, 2
Box: 32, 13, 2
Box: 32, 26, 106
Box: 32, 112, 4
Box: 32, 38, 39
Box: 9, 4, 3
Box: 15, 39, 9
Box: 32, 33, 183
Box: 32, 141, 2
Box: 32, 6, 8
Box: 32, 98, 47
Box: 21, 2, 4
Box: 32, 9, 5
Box: 6, 16, 58
Box: 3, 97, 23
Box: 8, 2, 27
Box: 32, 22, 20
Box: 2, 44, 7
Box: 7, 62, 2
Box: 32, 3, 4
Box: 7, 9, 28
Box: 8, 41, 183
Box: 4, 27, 4
Box: 8, 13, 24
Box: 23, 23, 120
Box: 2, 30, 151
Box: 16, 15, 19
Box: 32, 66, 20
Box: 32, 10, 3
Box: 32, 19, 15
Box: 32, 90, 19
Box: 5, 113, 5
Box: 32, 49, 18
Box: 32, 30, 25
Box: 7, 6, 28
Box: 32, 7, 3
Box: 32, 279, 53
Box: 32, 2, 45
Box: 32, 4, 7
Box: 24, 71, 27
Box: 10, 19, 10
Box: 3, 27, 22
Box: 32, 10, 13
Box: 5, 9, 28
Box: 32, 31, 38
Box: 32, 74, 103
Box: 32, 6, 8
Box: 32, 20, 19
Box: 32, 101, 28
Box: 3, 21, 40
Box: 19, 48, 18
Box: 32, 41, 44
Box: 32, 25, 50
Box: 32, 96, 144
Box: 14, 21, 14
Box: 16, 104, 22
Box: 3, 5, 59
Box: 32, 5, 22
Box: 32, 19, 8
Box: 2, 39, 18
Box: 32, 279, 5
Box: 32, 8, 54
Box: 32, 4, 20
Box: 3, 3, 9
Box: 32, 3, 48
Box: 3, 33, 90
Box: 11, 267, 183
Box: 32, 4, 37
####################
#Expected Output: 94
#Number of Bins: 94.
