Bin: 207, 214, 202
Box: 4, 214, 189
Box: 194, 41, 202
Box: 18, 25, 13
Box: 12, 13, 202
Box: 13, 214, 66
Box: 39, 35, 51
Box: 49, 69, 13
Box: 30, 63, 39
Box: 20, 30, 202
Box: 7, 32, 2
Box: 22, 4, 31
Box: 20, 38, 202
Box: 195, 214, 202
Box: 12, 46, 47
Box: 207, 111, 41
Box: 22, 214, 42
Box: 6, 13, 26
Box: 207, 186, 10
Box: 11, 4, 36
Box: 132, 48, 202
Box: 207, 22, 24
Box: 8, 31, 16
Box: 31, 30, 90
Box: 5, 168, 202
Box: 7, 23, 4
Box: 4, 214, 20
Box: 207, 13, 4
Box: 104, 30, 7
Box: 150, 24, 176
Box: 30, 53, 4
Box: 45, 13, 45
Box: 34, 214, 14
Box: 13, 38, 49
Box: 51, 34, 147
Box: 35, 5, 56
Box: 207, 17, 46
Box: 207, 10, 46
Box: 55, 68, 42
Box: 130, 35, 202
Box: 13, 23, 125
Box: 13, 43, 42
Box: 4, 8, 15
Box: 6, 6, 13
Box: 84, 24, 57
Box: 4, 2, 62
Box: 8, 206, 95
Box: 105, 46, 86
Box: 20, 22, 10
Box: 194, 26, 202
Box: 12, 16, 24
Box: 16, 20, 33
Box: 207, 63, 202
Box: 7, 2, 4
Box: 25, 10, 5
Box: 25, 41, 202
Box: 4, 89, 7
Box: 37, 21, 88
Box: 18, 20, 33
Box: 28, 57, 6
Box: 8, 72, 202
Box: 65, 10, 202
Box: 12, 38, 11
Box: 6, 79, 28
Box: 207, 18, 6
Box: 19, 108, 21
Box: 3, 36, 23
Box: 38, 21, 12
Box: 17, 25, 28
Box: 71, 59, 56
Box: 4, 11, 13
Box: 5, 3, 58
Box: 207, 6, 43
Box: 2, 18, 53
Box: 3, 8, 5
Box: 7, 73, 2
Box: 16, 24, 24
Box: 12, 11, 69
Box: 5, 3, 6
Box: 8, 25, 28
Box: 19, 21, 9
Box: 41, 57, 2
Box: 65, 21, 86
Box: 3, 214, 202
Box: 89, 50, 46
Box: 22, 4, 41
Box: 2, 36, 202
Box: 53, 83, 12
Box: 32, 35, 7
Box: 207, 18, 46
Box: 11, 86, 202
Box: 10, 9, 202
Box: 34, 214, 4
Box: 207, 32, 24
Box: 40, 123, 99
Box: 43, 9, 3
Box: 20, 22, 6
Box: 5, 206, 95
Box: 38, 21, 6
Box: 34, 19, 120
Box: 7, 85, 20
Box: 207, 44, 202
Box: 20, 3, 202
Box: 22, 9, 10
Box: 9, 19, 2
Box: 7, 12, 3
Box: 3, 16, 2
Box: 52, 25, 46
Box: 20, 14, 75
Box: 29, 22, 35
Box: 207, 2, 10
Box: 42, 9, 10
Box: 6, 50, 202
Box: 207, 50, 13
Box: 5, 16, 24
Box: 43, 25, 29
Box: 29, 30, 80
Box: 15, 9, 6
Box: 23, 8, 15
Box: 66, 47, 34
Box: 207, 214, 19
Box: 2, 42, 51
Box: 4, 93, 202
Box: 105, 46, 78
Box: 8, 12, 75
Box: 207, 38, 10
Box: 39, 2, 51
Box: 3, 32, 26
Box: 27, 2, 10
Box: 207, 18, 7
Box: 207, 59, 34
Box: 207, 11, 54
Box: 2, 3, 42
Box: 3, 8, 15
Box: 39, 47, 76
Box: 98, 19, 2
Box: 58, 2, 62
Box: 30, 5, 202
Box: 2, 3, 4
Box: 13, 16, 16
Box: 24, 16, 24
Box: 207, 2, 202
Box: 154, 214, 31
Box: 81, 9, 80
Box: 207, 19, 57
Box: 46, 13, 7
Box: 157, 214, 43
Box: 99, 206, 202
Box: 93, 40, 14
Box: 207, 214, 66
Box: 26, 208, 202
Box: 21, 116, 13
Box: 53, 206, 202
Box: 54, 13, 42
Box: 2, 3, 4
Box: 29, 21, 6
Box: 13, 58, 50
Box: 27, 168, 139
Box: 13, 62, 60
Box: 207, 37, 73
Box: 51, 10, 6
Box: 111, 24, 6
Box: 2, 2, 5
Box: 74, 18, 53
Box: 4, 46, 83
Box: 109, 24, 40
Box: 13, 80, 50
Box: 18, 86, 202
Box: 42, 21, 9
Box: 34, 44, 9
Box: 29, 36, 10
Box: 49, 23, 9
Box: 207, 122, 7
Box: 32, 4, 13
Box: 26, 27, 14
Box: 207, 8, 73
Box: 11, 9, 80
Box: 24, 29, 50
Box: 83, 31, 62
Box: 207, 53, 73
Box: 15, 8, 81
Box: 7, 138, 4
Box: 2, 57, 2
Box: 53, 2, 62
Box: 207, 3, 202
Box: 15, 9, 21
Box: 29, 25, 28
Box: 35, 10, 90
Box: 104, 30, 6
Box: 8, 33, 2
Box: 2, 8, 15
Box: 21, 3, 2
Box: 12, 100, 50
Box: 4, 106, 21
Box: 35, 5, 90
Box: 50, 10, 202
Box: 8, 40, 95
Box: 5, 3, 2
Box: 11, 8, 202
Box: 12, 8, 22
Box: 13, 16, 14
Box: 207, 83, 85
Box: 35, 55, 49
Box: 34, 31, 17
Box: 4, 16, 7
Box: 34, 214, 122
Box: 207, 91, 6
Box: 2, 27, 85
Box: 4, 30, 7
Box: 49, 2, 7
Box: 207, 189, 36
Box: 37, 6, 10
Box: 111, 36, 50
Box: 93, 33, 9
Box: 54, 25, 13
Box: 51, 103, 2
Box: 26, 6, 98
Box: 6, 33, 2
Box: 34, 44, 3
Box: 55, 38, 202
Box: 4, 8, 3
Box: 28, 168, 202
Box: 10, 8, 80
Box: 10, 13, 202
Box: 3, 3, 42
Box: 7, 46, 4
Box: 34, 3, 202
Box: 5, 3, 5
Box: 207, 91, 86
Box: 30, 8, 202
Box: 55, 68, 69
Box: 54, 209, 37
Box: 48, 135, 37
Box: 39, 209, 37
Box: 154, 214, 22
Box: 37, 138, 202
Box: 15, 9, 11
Box: 51, 27, 42
Box: 20, 14, 127
Box: 207, 136, 44
Box: 54, 2, 202
Box: 15, 124, 202
Box: 13, 31, 62
Box: 207, 6, 111
Box: 22, 168, 202
Box: 49, 206, 3
Box: 3, 2, 2
Box: 55, 68, 15
Box: 16, 3, 42
Box: 6, 8, 15
Box: 51, 103, 2
Box: 12, 46, 54
Box: 8, 10, 8
Box: 30, 27, 7
Box: 94, 35, 202
Box: 38, 3, 43
Box: 44, 25, 14
Box: 45, 18, 53
Box: 13, 43, 8
Box: 26, 6, 72
Box: 207, 6, 10
Box: 130, 14, 125
Box: 131, 3, 202
Box: 43, 8, 15
Box: 207, 36, 13
Box: 3, 24, 2
Box: 33, 6, 23
Box: 46, 92, 5
Box: 183, 106, 13
Box: 3, 2, 2
Box: 14, 9, 80
Box: 207, 9, 24
Box: 21, 7, 7
Box: 39, 13, 51
Box: 27, 6, 10
Box: 10, 8, 30
Box: 35, 55, 39
Box: 5, 3, 9
Box: 8, 4, 5
Box: 4, 27, 202
Box: 31, 14, 65
Box: 34, 214, 18
Box: 13, 16, 5
Box: 4, 78, 7
Box: 207, 131, 111
Box: 207, 20, 29
Box: 61, 32, 6
Box: 43, 33, 2
Box: 207, 41, 62
Box: 33, 70, 16
Box: 46, 106, 7
Box: 9, 33, 2
Box: 25, 10, 39
Box: 6, 42, 202
Box: 40, 30, 62
Box: 36, 168, 15
Box: 207, 20, 27
Box: 19, 9, 77
Box: 10, 2, 16
Box: 207, 91, 2
Box: 23, 31, 62
Box: 54, 75, 202
Box: 5, 3, 3
Box: 31, 214, 40
Box: 207, 18, 74
Box: 7, 138, 4
Box: 111, 4, 15
Box: 9, 20, 56
Box: 41, 112, 5
Box: 12, 4, 69
Box: 34, 31, 9
Box: 33, 4, 8
Box: 207, 214, 5
Box: 16, 109, 4
Box: 13, 17, 26
Box: 12, 11, 11
Box: 9, 31, 4
Box: 207, 38, 73
Box: 207, 8, 6
Box: 22, 25, 54
Box: 13, 94, 62
Box: 18, 36, 23
Box: 23, 214, 98
Box: 56, 5, 13
Box: 23, 24, 40
Box: 46, 34, 7
Box: 30, 214, 14
Box: 107, 88, 10
Box: 14, 36, 202
Box: 52, 4, 3
Box: 7, 10, 17
Box: 93, 4, 14
Box: 32, 19, 11
Box: 13, 4, 34
Box: 23, 24, 40
Box: 24, 214, 5
Box: 207, 31, 202
Box: 21, 3, 3
Box: 14, 3, 2
Box: 28, 21, 20
Box: 29, 2, 202
Box: 43, 33, 4
Box: 29, 214, 85
Box: 8, 40, 54
Box: 2, 4, 4
Box: 32, 31, 88
Box: 49, 26, 6
Box: 21, 13, 107
Box: 75, 214, 202
Box: 13, 16, 5
Box: 78, 2, 51
Box: 207, 25, 202
Box: 207, 6, 202
Box: 35, 41, 3
Box: 83, 20, 14
Box: 21, 39, 202
Box: 100, 13, 2
Box: 13, 34, 62
Box: 3, 2, 4
Box: 8, 4, 36
Box: 38, 214, 10
Box: 3, 14, 23
Box: 7, 19, 111
Box: 207, 52, 10
Box: 17, 2, 10
Box: 34, 5, 39
Box: 19, 214, 30
Box: 207, 11, 80
Box: 49, 206, 13
Box: 35, 41, 11
Box: 45, 5, 2
Box: 207, 20, 9
Box: 130, 89, 13
Box: 14, 3, 10
Box: 2, 20, 3
Box: 154, 214, 4
Box: 2, 21, 9
Box: 10, 2, 21
Box: 34, 64, 39
Box: 49, 11, 13
Box: 12, 18, 53
Box: 12, 46, 9
Box: 33, 70, 10
Box: 31, 30, 2
Box: 207, 15, 54
Box: 15, 10, 56
Box: 11, 20, 33
Box: 25, 10, 53
Box: 20, 21, 14
Box: 207, 2, 34
Box: 38, 2, 43
Box: 78, 35, 7
Box: 45, 8, 15
Box: 35, 55, 114
Box: 12, 30, 202
Box: 54, 10, 42
Box: 22, 19, 6
Box: 21, 5, 77
Box: 40, 159, 13
Box: 144, 49, 42
Box: 55, 68, 27
Box: 207, 88, 63
Box: 8, 19, 5
Box: 44, 59, 56
Box: 4, 32, 7
Box: 32, 4, 3
Box: 75, 10, 202
Box: 19, 2, 77
Box: 22, 19, 11
Box: 7, 87, 12
Box: 4, 14, 7
Box: 42, 189, 7
Box: 52, 189, 7
Box: 3, 18, 13
Box: 43, 16, 29
Box: 19, 214, 38
Box: 7, 10, 13
Box: 3, 30, 202
Box: 22, 214, 202
Box: 207, 9, 73
Box: 207, 16, 41
Box: 8, 40, 26
Box: 3, 9, 10
Box: 207, 17, 41
Box: 73, 3, 2
Box: 20, 22, 58
Box: 207, 91, 23
Box: 166, 3, 10
Box: 43, 33, 3
Box: 13, 6, 77
Box: 4, 46, 45
Box: 94, 27, 43
Box: 16, 25, 13
Box: 207, 35, 195
Box: 207, 36, 4
Box: 68, 37, 202
Box: 45, 5, 25
Box: 43, 5, 56
Box: 43, 7, 46
Box: 207, 49, 58
Box: 43, 10, 29
Box: 26, 27, 5
Box: 30, 6, 7
Box: 34, 20, 13
Box: 43, 36, 29
Box: 21, 3, 4
Box: 207, 4, 24
Box: 7, 12, 33
Box: 207, 18, 75
Box: 12, 19, 13
Box: 60, 6, 10
Box: 35, 41, 10
Box: 207, 45, 24
Box: 105, 46, 38
Box: 54, 16, 42
Box: 33, 36, 17
Box: 207, 91, 4
Box: 8, 12, 25
Box: 7, 85, 30
Box: 9, 136, 5
Box: 41, 99, 37
Box: 16, 10, 202
Box: 207, 64, 62
Box: 207, 18, 39
Box: 40, 10, 99
Box: 207, 204, 20
Box: 154, 125, 28
Box: 15, 9, 4
Box: 134, 214, 13
Box: 71, 47, 85
Box: 7, 116, 13
Box: 2, 214, 21
Box: 22, 214, 33
Box: 43, 14, 3
Box: 5, 30, 202
Box: 3, 48, 2
Box: 49, 4, 9
Box: 40, 214, 13
Box: 33, 4, 15
Box: 95, 214, 202
Box: 4, 18, 13
Box: 43, 7, 10
Box: 29, 30, 122
Box: 154, 2, 26
Box: 29, 2, 202
Box: 198, 38, 73
Box: 24, 31, 20
Box: 46, 214, 202
Box: 51, 7, 147
Box: 21, 138, 21
Box: 43, 24, 40
Box: 13, 3, 34
Box: 13, 93, 83
Box: 4, 3, 8
Box: 20, 214, 160
Box: 4, 6, 8
Box: 3, 48, 59
Box: 15, 9, 10
Box: 28, 189, 7
Box: 56, 3, 13
Box: 12, 21, 76
Box: 31, 32, 6
Box: 207, 6, 202
Box: 163, 25, 14
Box: 8, 3, 10
Box: 23, 214, 39
Box: 41, 20, 5
Box: 3, 9, 23
Box: 22, 31, 30
Box: 207, 88, 5
Box: 207, 49, 19
Box: 55, 214, 202
Box: 13, 36, 74
Box: 15, 10, 8
Box: 207, 189, 21
Box: 35, 71, 202
Box: 51, 3, 3
Box: 79, 4, 11
Box: 54, 204, 39
Box: 10, 27, 43
Box: 6, 79, 36
Box: 10, 2, 25
Box: 13, 6, 34
Box: 12, 23, 11
Box: 207, 136, 51
Box: 207, 204, 55
Box: 49, 26, 64
Box: 15, 8, 44
Box: 21, 138, 50
Box: 5, 106, 21
Box: 104, 30, 66
Box: 3, 8, 2
Box: 2, 18, 51
Box: 207, 3, 2
Box: 45, 3, 10
Box: 70, 3, 4
Box: 51, 21, 147
Box: 5, 18, 20
Box: 13, 138, 202
Box: 2, 9, 51
Box: 88, 8, 50
Box: 25, 24, 26
Box: 36, 168, 104
Box: 207, 88, 18
Box: 77, 23, 46
Box: 111, 4, 79
Box: 38, 12, 43
Box: 2, 214, 14
Box: 207, 59, 66
Box: 134, 47, 139
Box: 51, 3, 3
Box: 7, 214, 85
Box: 56, 53, 13
Box: 122, 214, 21
Box: 4, 53, 7
Box: 51, 10, 16
Box: 83, 19, 2
Box: 207, 11, 24
Box: 27, 92, 7
Box: 8, 41, 54
Box: 20, 18, 53
Box: 207, 24, 15
Box: 35, 41, 2
Box: 30, 61, 23
Box: 4, 3, 9
Box: 20, 22, 16
Box: 26, 30, 62
Box: 35, 41, 85
Box: 61, 31, 88
Box: 30, 61, 7
Box: 13, 41, 62
Box: 35, 47, 20
Box: 124, 214, 5
Box: 25, 8, 12
Box: 41, 33, 37
Box: 6, 28, 26
Box: 16, 47, 54
Box: 17, 27, 10
Box: 7, 49, 71
Box: 36, 214, 202
Box: 2, 214, 202
Box: 110, 214, 67
Box: 27, 3, 10
Box: 91, 85, 202
Box: 207, 59, 24
Box: 13, 34, 11
Box: 77, 88, 10
Box: 5, 19, 5
Box: 5, 18, 20
Box: 207, 6, 6
Box: 78, 72, 202
Box: 3, 2, 23
Box: 2, 20, 32
Box: 2, 33, 2
Box: 10, 19, 57
Box: 30, 25, 71
Box: 15, 9, 22
Box: 7, 23, 4
Box: 10, 46, 202
Box: 207, 18, 36
Box: 9, 8, 12
Box: 207, 6, 12
Box: 12, 19, 2
Box: 34, 44, 2
Box: 9, 214, 13
Box: 2, 20, 56
Box: 43, 29, 56
Box: 12, 100, 106
Box: 207, 13, 73
Box: 71, 109, 13
Box: 207, 22, 202
Box: 4, 8, 8
Box: 5, 25, 13
Box: 50, 9, 80
Box: 24, 36, 23
Box: 25, 10, 23
Box: 4, 20, 7
Box: 13, 3, 34
Box: 94, 214, 166
Box: 7, 29, 50
Box: 207, 20, 8
Box: 21, 138, 46
Box: 3, 38, 42
Box: 11, 8, 3
Box: 207, 3, 13
Box: 207, 76, 7
Box: 61, 138, 202
Box: 33, 36, 17
Box: 4, 106, 21
Box: 207, 24, 74
Box: 16, 12, 24
Box: 90, 214, 60
Box: 7, 138, 8
Box: 34, 214, 5
Box: 25, 58, 50
Box: 207, 91, 46
Box: 207, 214, 44
Box: 4, 49, 7
Box: 36, 168, 50
Box: 46, 214, 138
Box: 207, 8, 80
Box: 21, 2, 5
Box: 7, 80, 2
Box: 28, 57, 18
Box: 207, 214, 18
Box: 23, 214, 30
Box: 10, 19, 38
Box: 40, 214, 5
Box: 76, 136, 51
Box: 53, 18, 12
Box: 28, 4, 20
Box: 5, 3, 15
Box: 152, 25, 26
Box: 34, 109, 13
Box: 4, 31, 16
Box: 207, 44, 41
Box: 42, 214, 70
Box: 22, 61, 42
Box: 8, 214, 189
Box: 3, 13, 23
Box: 39, 19, 14
Box: 17, 88, 10
Box: 207, 214, 5
Box: 20, 65, 202
Box: 5, 8, 202
Box: 50, 3, 4
Box: 5, 32, 26
Box: 50, 21, 23
Box: 30, 2, 7
Box: 21, 13, 95
Box: 207, 10, 202
Box: 28, 2, 20
Box: 88, 20, 67
Box: 51, 23, 46
Box: 24, 16, 6
Box: 12, 46, 3
Box: 74, 2, 133
Box: 207, 214, 30
Box: 13, 27, 43
Box: 6, 9, 10
Box: 207, 59, 11
Box: 4, 46, 74
Box: 11, 18, 53
Box: 8, 31, 16
Box: 52, 35, 7
Box: 13, 214, 85
Box: 12, 9, 23
Box: 27, 17, 7
Box: 32, 4, 7
Box: 7, 53, 4
Box: 12, 46, 6
Box: 41, 5, 37
Box: 17, 4, 4
Box: 7, 3, 111
Box: 207, 119, 202
Box: 2, 29, 51
Box: 57, 85, 20
Box: 3, 8, 5
Box: 8, 17, 78
Box: 131, 3, 27
Box: 94, 214, 15
Box: 7, 214, 202
Box: 5, 25, 13
Box: 136, 8, 7
Box: 51, 54, 147
Box: 59, 13, 2
Box: 4, 10, 202
Box: 51, 82, 4
Box: 15, 58, 50
Box: 2, 20, 17
Box: 121, 19, 11
Box: 154, 12, 28
Box: 27, 11, 10
Box: 24, 31, 57
Box: 13, 21, 14
Box: 73, 19, 202
Box: 31, 214, 5
Box: 3, 8, 2
Box: 10, 3, 4
Box: 9, 31, 202
Box: 7, 2, 2
Box: 3, 48, 64
Box: 4, 2, 133
Box: 12, 8, 76
Box: 11, 25, 13
Box: 29, 214, 5
Box: 12, 8, 48
Box: 32, 91, 13
Box: 19, 23, 13
Box: 50, 214, 43
Box: 53, 49, 71
Box: 30, 2, 62
Box: 32, 119, 12
Box: 4, 11, 202
Box: 12, 8, 62
Box: 207, 3, 111
Box: 38, 21, 26
Box: 207, 7, 10
Box: 35, 6, 90
Box: 35, 68, 30
Box: 5, 3, 2
Box: 35, 68, 78
Box: 207, 140, 73
Box: 38, 214, 202
Box: 46, 214, 57
Box: 41, 10, 37
Box: 26, 27, 4
Box: 35, 17, 90
Box: 207, 88, 30
Box: 26, 68, 202
Box: 55, 130, 202
Box: 10, 19, 37
Box: 27, 18, 7
Box: 55, 214, 122
Box: 33, 5, 23
Box: 35, 41, 18
Box: 7, 21, 4
Box: 7, 4, 95
Box: 93, 4, 14
Box: 207, 214, 105
Box: 49, 45, 13
Box: 23, 214, 30
Box: 52, 85, 202
Box: 4, 10, 15
Box: 40, 29, 50
Box: 207, 20, 20
Box: 44, 19, 202
Box: 11, 11, 6
Box: 49, 86, 193
Box: 41, 3, 8
Box: 207, 8, 32
Box: 34, 21, 202
Box: 40, 23, 99
Box: 31, 30, 42
Box: 8, 12, 4
Box: 43, 5, 29
Box: 13, 19, 26
Box: 154, 41, 28
Box: 9, 136, 3
Box: 35, 7, 90
Box: 25, 111, 5
Box: 29, 214, 202
Box: 81, 36, 24
Box: 7, 58, 2
Box: 28, 57, 41
Box: 9, 31, 8
Box: 104, 21, 202
Box: 9, 214, 21
Box: 19, 214, 13
Box: 26, 20, 2
Box: 7, 47, 53
Box: 61, 36, 24
Box: 25, 12, 202
Box: 46, 5, 56
Box: 9, 6, 10
Box: 2, 4, 7
Box: 10, 19, 51
Box: 26, 27, 6
Box: 28, 8, 20
Box: 117, 214, 60
Box: 207, 64, 17
Box: 5, 27, 85
Box: 22, 8, 202
Box: 207, 3, 80
Box: 69, 24, 57
Box: 207, 214, 28
Box: 30, 19, 35
Box: 78, 140, 202
Box: 207, 2, 41
Box: 207, 46, 202
Box: 29, 81, 11
Box: 14, 21, 6
Box: 23, 25, 71
Box: 19, 36, 23
Box: 207, 3, 31
Box: 88, 168, 10
Box: 30, 19, 125
Box: 25, 11, 202
Box: 30, 61, 84
Box: 43, 89, 29
Box: 40, 214, 130
Box: 8, 4, 14
Box: 21, 138, 85
Box: 35, 41, 11
Box: 63, 31, 88
Box: 207, 10, 46
Box: 207, 8, 26
Box: 17, 27, 43
Box: 6, 6, 13
Box: 22, 4, 50
Box: 12, 9, 18
Box: 57, 8, 202
Box: 28, 25, 28
Box: 207, 4, 41
Box: 21, 2, 12
Box: 7, 85, 34
Box: 41, 4, 153
Box: 38, 2, 43
Box: 21, 2, 3
Box: 20, 22, 16
Box: 154, 34, 28
Box: 207, 28, 54
Box: 4, 4, 42
Box: 12, 8, 11
Box: 22, 214, 82
Box: 33, 70, 12
Box: 56, 9, 10
Box: 53, 214, 5
Box: 46, 11, 7
Box: 132, 27, 85
Box: 207, 214, 6
Box: 7, 10, 23
Box: 40, 12, 13
Box: 26, 4, 202
Box: 27, 168, 13
Box: 5, 31, 16
Box: 15, 8, 58
Box: 10, 53, 202
Box: 31, 30, 55
Box: 51, 103, 14
Box: 21, 62, 14
Box: 25, 97, 202
Box: 6, 19, 26
Box: 3, 17, 13
Box: 33, 27, 62
Box: 2, 2, 4
Box: 78, 24, 6
Box: 44, 6, 10
Box: 207, 77, 62
Box: 28, 4, 20
Box: 183, 47, 54
Box: 20, 72, 202
Box: 12, 8, 37
Box: 25, 51, 202
Box: 2, 19, 5
Box: 97, 214, 67
Box: 49, 188, 202
Box: 61, 16, 9
Box: 12, 15, 76
Box: 3, 9, 14
Box: 207, 18, 10
Box: 71, 8, 7
Box: 207, 10, 202
Box: 34, 27, 43
Box: 3, 2, 202
Box: 29, 81, 83
Box: 115, 3, 8
Box: 152, 6, 65
Box: 207, 17, 56
Box: 207, 7, 202
Box: 13, 20, 56
Box: 54, 7, 42
Box: 10, 27, 10
Box: 10, 4, 3
Box: 66, 47, 17
Box: 207, 115, 80
Box: 56, 68, 202
Box: 15, 6, 18
Box: 7, 12, 4
Box: 41, 15, 5
Box: 26, 27, 12
Box: 88, 112, 60
Box: 49, 4, 13
Box: 9, 38, 73
Box: 20, 57, 202
Box: 2, 10, 8
Box: 52, 2, 62
Box: 4, 6, 13
Box: 207, 24, 2
Box: 10, 4, 42
Box: 18, 21, 6
Box: 33, 7, 14
Box: 3, 8, 182
Box: 207, 19, 111
Box: 26, 6, 22
Box: 89, 13, 202
Box: 8, 12, 98
Box: 10, 50, 202
Box: 15, 9, 4
Box: 34, 13, 202
Box: 3, 3, 42
Box: 106, 58, 202
Box: 20, 2, 202
Box: 8, 32, 202
Box: 10, 13, 202
Box: 49, 11, 9
Box: 207, 18, 73
Box: 2, 36, 202
Box: 12, 9, 80
Box: 3, 175, 202
Box: 8, 19, 5
Box: 31, 20, 15
Box: 35, 41, 27
Box: 7, 8, 12
Box: 150, 24, 14
Box: 207, 8, 7
Box: 207, 88, 76
Box: 2, 36, 51
Box: 194, 27, 7
Box: 46, 22, 7
Box: 207, 189, 11
Box: 125, 25, 28
Box: 65, 3, 10
Box: 7, 138, 166
Box: 88, 57, 5
Box: 34, 44, 11
Box: 4, 16, 24
Box: 81, 214, 10
Box: 207, 65, 34
Box: 45, 5, 5
Box: 11, 59, 56
Box: 21, 3, 2
Box: 207, 126, 202
Box: 8, 17, 124
Box: 57, 85, 151
Box: 13, 41, 43
Box: 12, 8, 33
Box: 57, 6, 10
Box: 23, 25, 54
Box: 15, 8, 16
Box: 71, 79, 202
Box: 88, 8, 50
Box: 26, 55, 202
Box: 21, 32, 26
Box: 29, 22, 15
Box: 34, 8, 12
Box: 207, 36, 202
Box: 31, 8, 42
Box: 15, 206, 95
Box: 25, 10, 15
Box: 26, 13, 2
Box: 67, 16, 24
Box: 207, 10, 80
Box: 15, 6, 100
Box: 5, 214, 34
Box: 29, 22, 5
Box: 29, 32, 28
Box: 21, 4, 77
Box: 207, 64, 28
Box: 43, 33, 7
Box: 18, 18, 53
Box: 176, 136, 46
Box: 7, 85, 5
Box: 26, 14, 108
Box: 194, 27, 83
Box: 20, 214, 29
Box: 40, 214, 22
Box: 13, 61, 62
Box: 43, 33, 4
Box: 26, 27, 2
Box: 20, 61, 157
Box: 128, 214, 202
Box: 207, 214, 19
Box: 43, 18, 56
Box: 7, 51, 12
Box: 207, 59, 55
Box: 49, 86, 9
Box: 31, 214, 21
Box: 93, 214, 85
Box: 6, 57, 2
Box: 15, 4, 7
Box: 79, 4, 25
Box: 66, 47, 75
Box: 97, 3, 10
Box: 32, 14, 13
Box: 13, 214, 202
Box: 13, 173, 77
Box: 207, 19, 24
Box: 20, 30, 62
Box: 207, 214, 3
Box: 62, 8, 15
Box: 22, 166, 122
Box: 38, 2, 43
Box: 5, 3, 78
Box: 39, 3, 8
Box: 26, 63, 202
Box: 151, 2, 120
Box: 34, 31, 3
Box: 24, 31, 16
Box: 3, 8, 14
Box: 207, 214, 15
Box: 207, 16, 202
Box: 207, 214, 37
Box: 38, 21, 14
Box: 4, 109, 202
Box: 207, 87, 202
Box: 7, 23, 4
Box: 194, 70, 202
Box: 25, 24, 31
Box: 39, 86, 51
Box: 33, 15, 14
Box: 15, 8, 15
Box: 29, 32, 31
Box: 207, 20, 11
Box: 58, 138, 202
Box: 11, 36, 74
Box: 65, 3, 9
Box: 111, 4, 10
Box: 3, 4, 2
Box: 12, 62, 13
Box: 207, 20, 73
Box: 18, 23, 18
Box: 194, 4, 13
Box: 63, 49, 71
Box: 207, 27, 13
Box: 21, 36, 23
Box: 33, 36, 11
Box: 15, 6, 11
Box: 13, 62, 26
Box: 6, 39, 41
Box: 207, 214, 13
Box: 39, 89, 13
Box: 24, 106, 13
Box: 41, 57, 5
Box: 22, 19, 80
Box: 12, 214, 13
Box: 207, 214, 9
Box: 44, 25, 54
Box: 37, 21, 83
Box: 207, 214, 62
Box: 13, 14, 34
Box: 122, 119, 12
Box: 15, 6, 14
Box: 14, 36, 3
Box: 13, 6, 20
Box: 111, 4, 31
Box: 38, 21, 12
Box: 19, 3, 77
Box: 134, 47, 34
Box: 15, 18, 202
Box: 33, 214, 202
Box: 45, 5, 9
Box: 27, 19, 5
Box: 49, 2, 9
Box: 29, 24, 57
Box: 49, 57, 46
Box: 7, 12, 59
Box: 34, 11, 39
Box: 26, 14, 94
Box: 50, 21, 61
Box: 8, 8, 31
Box: 4, 24, 40
Box: 31, 8, 85
Box: 5, 214, 21
Box: 66, 214, 122
Box: 13, 43, 26
Box: 45, 5, 8
Box: 207, 7, 202
Box: 3, 4, 3
Box: 207, 14, 202
Box: 58, 25, 71
Box: 22, 31, 51
Box: 27, 5, 10
Box: 25, 209, 37
Box: 2, 4, 42
Box: 4, 22, 8
Box: 7, 81, 95
Box: 38, 21, 25
Box: 4, 10, 41
Box: 75, 25, 40
Box: 22, 3, 9
Box: 13, 87, 83
Box: 40, 214, 54
Box: 19, 214, 90
Box: 65, 21, 73
Box: 26, 6, 10
Box: 49, 7, 9
Box: 51, 29, 4
Box: 15, 214, 189
Box: 130, 19, 202
Box: 116, 37, 202
Box: 207, 136, 8
Box: 207, 8, 55
Box: 11, 175, 202
Box: 7, 6, 2
Box: 94, 214, 19
Box: 13, 62, 33
Box: 65, 76, 202
Box: 51, 103, 13
Box: 17, 9, 10
Box: 26, 3, 9
Box: 121, 30, 62
Box: 12, 25, 69
Box: 29, 32, 22
Box: 6, 8, 26
Box: 34, 23, 46
Box: 49, 26, 11
Box: 3, 175, 202
Box: 41, 3, 6
Box: 207, 13, 24
Box: 207, 8, 202
Box: 13, 29, 50
Box: 11, 3, 9
Box: 3, 48, 33
Box: 3, 6, 2
Box: 40, 214, 42
Box: 25, 2, 202
Box: 207, 3, 10
Box: 137, 10, 56
Box: 34, 31, 13
Box: 53, 18, 12
Box: 34, 44, 4
Box: 34, 25, 71
Box: 5, 3, 9
Box: 41, 10, 5
Box: 6, 57, 85
Box: 34, 31, 48
Box: 22, 13, 122
Box: 30, 26, 7
Box: 207, 68, 41
Box: 22, 19, 15
Box: 14, 10, 38
Box: 20, 22, 14
Box: 61, 8, 12
Box: 20, 22, 29
Box: 207, 9, 43
Box: 4, 214, 131
Box: 17, 21, 10
Box: 4, 16, 7
Box: 17, 4, 10
Box: 12, 6, 69
Box: 31, 30, 13
Box: 12, 3, 42
Box: 88, 56, 60
Box: 13, 28, 125
Box: 26, 3, 4
Box: 4, 5, 7
Box: 38, 21, 62
Box: 207, 214, 130
Box: 155, 63, 202
Box: 45, 5, 7
Box: 57, 85, 2
Box: 6, 214, 122
Box: 24, 68, 202
Box: 207, 20, 36
Box: 45, 25, 54
Box: 5, 109, 13
Box: 207, 3, 61
Box: 34, 31, 5
Box: 45, 145, 45
Box: 4, 82, 8
Box: 5, 24, 40
Box: 6, 8, 12
Box: 49, 26, 2
Box: 12, 59, 202
Box: 11, 214, 10
Box: 207, 3, 57
Box: 21, 109, 136
Box: 93, 46, 14
Box: 154, 214, 11
Box: 118, 50, 46
Box: 4, 16, 17
Box: 2, 25, 71
Box: 152, 19, 65
Box: 40, 18, 13
Box: 16, 36, 202
Box: 29, 36, 24
Box: 29, 32, 14
Box: 76, 3, 27
Box: 36, 214, 21
Box: 207, 28, 13
Box: 79, 46, 202
Box: 15, 6, 4
Box: 6, 40, 41
Box: 14, 15, 38
Box: 4, 8, 15
Box: 38, 36, 24
Box: 2, 21, 9
Box: 5, 4, 42
Box: 45, 4, 36
Box: 3, 2, 13
Box: 207, 9, 97
Box: 6, 67, 202
Box: 3, 11, 13
Box: 14, 53, 4
Box: 5, 19, 14
Box: 23, 214, 5
Box: 6, 3, 2
Box: 13, 16, 43
Box: 12, 8, 11
Box: 29, 22, 99
Box: 3, 4, 6
Box: 55, 68, 49
Box: 8, 8, 143
Box: 207, 2, 46
Box: 7, 214, 36
Box: 58, 214, 202
Box: 21, 3, 77
Box: 207, 52, 6
Box: 3, 3, 202
Box: 38, 89, 13
Box: 33, 214, 21
Box: 18, 3, 42
Box: 111, 4, 9
Box: 41, 62, 37
Box: 78, 2, 18
Box: 35, 47, 11
Box: 13, 48, 202
Box: 4, 206, 95
Box: 31, 20, 28
Box: 5, 3, 5
Box: 51, 50, 4
Box: 49, 13, 7
Box: 15, 57, 85
Box: 207, 10, 202
Box: 76, 3, 2
Box: 21, 30, 202
Box: 32, 214, 5
Box: 20, 22, 14
Box: 59, 20, 33
Box: 68, 23, 56
Box: 34, 31, 42
Box: 10, 38, 42
Box: 12, 3, 76
Box: 93, 33, 5
Box: 5, 214, 51
Box: 38, 21, 2
Box: 49, 19, 13
Box: 7, 12, 12
Box: 56, 12, 13
Box: 33, 9, 23
Box: 49, 57, 28
Box: 31, 214, 4
Box: 58, 20, 33
Box: 5, 3, 13
Box: 51, 56, 147
Box: 22, 214, 45
Box: 10, 36, 73
Box: 17, 4, 11
Box: 47, 214, 14
Box: 207, 18, 10
Box: 59, 48, 202
Box: 6, 7, 7
Box: 194, 27, 69
Box: 5, 214, 202
Box: 130, 23, 56
Box: 13, 62, 50
Box: 13, 7, 26
Box: 2, 3, 3
Box: 17, 214, 202
Box: 207, 24, 10
Box: 98, 25, 13
Box: 207, 64, 9
Box: 50, 214, 13
Box: 50, 8, 12
Box: 38, 20, 67
Box: 17, 214, 13
Box: 43, 10, 3
Box: 72, 62, 14
Box: 2, 2, 11
Box: 207, 104, 24
Box: 152, 15, 202
Box: 15, 9, 54
Box: 109, 57, 85
Box: 35, 68, 4
Box: 50, 21, 118
Box: 11, 11, 7
Box: 94, 214, 2
Box: 2, 2, 35
Box: 31, 14, 137
Box: 32, 116, 13
Box: 21, 109, 66
Box: 14, 36, 6
Box: 3, 46, 4
Box: 94, 143, 202
Box: 30, 141, 39
Box: 140, 20, 56
Box: 207, 5, 202
Box: 24, 4, 36
Box: 5, 18, 13
Box: 8, 15, 202
Box: 81, 136, 51
Box: 26, 63, 202
Box: 15, 47, 56
Box: 207, 4, 5
Box: 148, 168, 202
Box: 51, 16, 42
Box: 3, 9, 2
Box: 207, 18, 24
Box: 170, 109, 189
Box: 2, 5, 4
Box: 43, 33, 2
Box: 30, 19, 16
Box: 8, 8, 28
Box: 9, 6, 13
Box: 207, 24, 2
Box: 12, 9, 15
Box: 13, 62, 32
Box: 150, 24, 12
Box: 25, 10, 5
Box: 26, 113, 202
Box: 10, 8, 68
Box: 4, 4, 42
Box: 207, 25, 147
Box: 81, 5, 56
Box: 35, 47, 81
Box: 51, 10, 15
Box: 19, 214, 4
Box: 27, 21, 7
Box: 19, 3, 10
Box: 207, 79, 58
Box: 51, 13, 147
Box: 10, 2, 3
Box: 31, 20, 13
Box: 29, 81, 93
Box: 17, 206, 95
Box: 12, 9, 39
Box: 29, 36, 2
Box: 207, 6, 26
Box: 20, 61, 45
Box: 13, 8, 34
Box: 2, 13, 202
Box: 19, 214, 19
Box: 164, 31, 52
Box: 51, 29, 147
Box: 6, 79, 61
Box: 7, 85, 16
Box: 207, 4, 56
Box: 57, 24, 202
Box: 49, 206, 10
Box: 43, 214, 117
Box: 13, 6, 28
Box: 17, 3, 6
Box: 3, 48, 4
Box: 27, 36, 202
Box: 45, 214, 94
Box: 14, 36, 21
Box: 154, 214, 11
Box: 22, 31, 26
Box: 14, 11, 38
Box: 29, 36, 31
Box: 4, 8, 12
Box: 21, 2, 11
Box: 207, 108, 13
Box: 48, 20, 37
Box: 39, 9, 80
Box: 13, 34, 8
Box: 59, 214, 202
Box: 9, 26, 77
Box: 46, 28, 7
Box: 13, 214, 86
Box: 5, 19, 2
Box: 12, 9, 10
Box: 4, 27, 202
Box: 9, 23, 56
Box: 207, 20, 46
Box: 41, 58, 202
Box: 12, 9, 81
Box: 40, 25, 13
Box: 207, 6, 24
Box: 35, 214, 14
Box: 104, 30, 2
Box: 207, 9, 49
Box: 13, 19, 5
Box: 10, 8, 21
Box: 134, 47, 9
Box: 30, 61, 37
Box: 5, 3, 7
Box: 81, 20, 67
Box: 15, 47, 146
Box: 36, 214, 189
Box: 26, 49, 12
Box: 207, 31, 46
Box: 207, 3, 31
Box: 33, 36, 44
Box: 7, 10, 6
Box: 22, 31, 15
Box: 207, 79, 35
Box: 207, 6, 54
Box: 18, 23, 28
Box: 82, 214, 5
Box: 24, 16, 3
Box: 12, 46, 10
Box: 30, 153, 202
Box: 40, 3, 99
Box: 6, 3, 9
Box: 7, 25, 2
Box: 88, 65, 50
Box: 42, 4, 153
Box: 140, 214, 202
Box: 15, 3, 202
Box: 49, 206, 68
Box: 12, 9, 16
Box: 19, 31, 13
Box: 29, 36, 73
Box: 47, 20, 13
Box: 15, 9, 20
Box: 4, 15, 8
Box: 51, 3, 36
Box: 207, 40, 2
Box: 26, 36, 23
Box: 33, 36, 14
Box: 207, 13, 12
Box: 20, 3, 202
Box: 36, 168, 17
Box: 12, 12, 11
Box: 207, 13, 22
Box: 3, 6, 23
Box: 13, 4, 62
Box: 115, 5, 202
Box: 6, 79, 10
Box: 42, 214, 132
Box: 41, 10, 202
Box: 207, 9, 80
Box: 29, 22, 27
Box: 13, 34, 31
Box: 8, 6, 54
Box: 29, 15, 6
Box: 34, 47, 39
Box: 2, 30, 202
Box: 106, 4, 3
Box: 29, 75, 202
Box: 35, 68, 90
Box: 207, 9, 4
Box: 12, 100, 19
Box: 6, 88, 10
Box: 22, 33, 2
Box: 130, 3, 202
Box: 45, 47, 85
Box: 61, 16, 10
Box: 96, 32, 6
Box: 22, 3, 202
Box: 22, 7, 7
Box: 15, 6, 55
Box: 24, 31, 8
Box: 8, 40, 27
Box: 207, 204, 2
Box: 9, 36, 74
Box: 21, 12, 77
Box: 7, 5, 202
Box: 12, 10, 13
Box: 10, 20, 56
Box: 207, 12, 202
Box: 23, 18, 53
Box: 207, 90, 202
Box: 207, 18, 80
Box: 45, 56, 45
Box: 22, 61, 42
Box: 207, 87, 12
Box: 31, 136, 46
Box: 207, 52, 10
Box: 57, 85, 29
Box: 19, 32, 6
Box: 5, 58, 202
Box: 21, 2, 5
Box: 54, 107, 202
Box: 4, 21, 8
Box: 32, 19, 11
Box: 207, 37, 202
Box: 24, 31, 74
Box: 31, 8, 75
Box: 29, 22, 21
Box: 20, 22, 37
Box: 10, 19, 19
Box: 13, 41, 15
Box: 7, 85, 2
Box: 22, 19, 19
Box: 25, 10, 54
Box: 207, 18, 12
Box: 43, 33, 56
Box: 14, 4, 3
Box: 10, 109, 202
Box: 48, 13, 2
Box: 21, 2, 15
Box: 7, 10, 52
Box: 7, 214, 39
Box: 29, 81, 15
Box: 15, 10, 202
Box: 52, 25, 8
Box: 3, 3, 202
Box: 34, 31, 20
Box: 19, 8, 13
Box: 5, 9, 10
Box: 3, 9, 13
Box: 28, 214, 202
Box: 4, 175, 202
Box: 12, 100, 16
Box: 14, 36, 73
Box: 31, 214, 132
Box: 2, 106, 21
Box: 34, 44, 10
Box: 34, 43, 39
Box: 56, 108, 13
Box: 11, 8, 12
Box: 20, 25, 40
Box: 34, 31, 18
Box: 6, 46, 202
Box: 6, 16, 24
Box: 12, 20, 14
Box: 13, 41, 11
Box: 9, 86, 202
Box: 33, 21, 6
Box: 23, 214, 5
Box: 207, 7, 202
Box: 9, 31, 4
Box: 13, 29, 26
Box: 34, 31, 11
Box: 12, 35, 7
Box: 149, 23, 111
Box: 22, 3, 9
Box: 207, 8, 65
Box: 45, 214, 63
Box: 207, 214, 24
Box: 207, 12, 34
Box: 207, 107, 202
Box: 13, 37, 26
Box: 207, 78, 202
Box: 8, 19, 14
Box: 207, 13, 2
Box: 17, 27, 85
Box: 87, 3, 4
Box: 27, 23, 46
Box: 17, 92, 5
Box: 207, 214, 146
Box: 15, 9, 3
Box: 44, 214, 189
Box: 43, 52, 56
Box: 7, 47, 38
Box: 130, 22, 202
Box: 25, 214, 122
Box: 49, 10, 9
Box: 2, 109, 202
Box: 57, 25, 40
Box: 36, 168, 4
Box: 56, 33, 13
Box: 207, 9, 9
Box: 33, 14, 14
Box: 33, 70, 4
Box: 43, 24, 56
Box: 207, 10, 24
Box: 4, 106, 21
Box: 51, 214, 9
Box: 8, 3, 8
Box: 207, 2, 202
Box: 207, 214, 32
Box: 29, 32, 6
Box: 9, 97, 43
Box: 35, 41, 4
Box: 49, 26, 35
Box: 20, 22, 2
Box: 21, 25, 54
Box: 6, 214, 5
Box: 87, 3, 2
Box: 3, 214, 202
Box: 3, 3, 3
Box: 31, 21, 202
Box: 154, 2, 2
Box: 23, 6, 13
Box: 19, 5, 77
Box: 51, 10, 19
Box: 8, 4, 23
Box: 17, 4, 21
Box: 40, 55, 99
Box: 104, 30, 121
Box: 5, 33, 2
Box: 4, 60, 8
Box: 33, 35, 7
Box: 2, 18, 53
Box: 207, 43, 41
Box: 13, 214, 31
Box: 10, 4, 36
Box: 12, 31, 62
Box: 58, 23, 111
Box: 12, 46, 4
Box: 79, 98, 13
Box: 27, 6, 7
Box: 13, 41, 71
Box: 25, 3, 9
Box: 134, 47, 20
Box: 207, 36, 7
Box: 35, 2, 90
Box: 15, 9, 13
Box: 207, 65, 24
Box: 29, 32, 20
Box: 207, 214, 22
Box: 13, 16, 42
Box: 130, 14, 77
Box: 33, 70, 80
Box: 4, 4, 42
Box: 65, 21, 14
Box: 207, 5, 37
Box: 48, 54, 37
Box: 61, 16, 5
Box: 42, 19, 202
Box: 57, 3, 6
Box: 35, 41, 31
Box: 207, 53, 46
Box: 6, 47, 202
Box: 19, 7, 77
Box: 21, 2, 14
Box: 207, 4, 138
Box: 37, 21, 31
Box: 4, 214, 36
Box: 54, 92, 7
Box: 5, 3, 2
Box: 8, 31, 88
Box: 10, 168, 202
Box: 112, 20, 14
Box: 14, 36, 5
Box: 24, 214, 10
Box: 207, 59, 12
Box: 20, 75, 202
Box: 19, 54, 13
Box: 15, 9, 34
Box: 3, 8, 4
Box: 17, 3, 2
Box: 207, 51, 73
Box: 38, 214, 13
Box: 207, 79, 52
Box: 126, 4, 202
Box: 4, 27, 10
Box: 207, 40, 56
Box: 207, 204, 6
Box: 123, 204, 39
Box: 21, 2, 12
Box: 93, 25, 14
Box: 2, 3, 4
Box: 43, 46, 56
Box: 3, 3, 2
Box: 24, 16, 15
Box: 30, 61, 44
Box: 56, 9, 10
Box: 51, 3, 4
Box: 18, 27, 85
Box: 6, 11, 26
Box: 35, 58, 50
Box: 51, 103, 11
Box: 3, 4, 14
Box: 4, 17, 7
Box: 41, 47, 85
Box: 84, 49, 71
Box: 49, 46, 202
Box: 81, 59, 56
Box: 7, 3, 111
Box: 30, 19, 23
Box: 3, 8, 2
Box: 207, 3, 36
Box: 5, 25, 71
Box: 2, 33, 2
Box: 27, 168, 50
Box: 4, 18, 20
Box: 8, 26, 202
Box: 19, 8, 9
Box: 7, 61, 42
Box: 27, 35, 7
Box: 3, 4, 17
Box: 181, 49, 12
Box: 155, 19, 14
Box: 4, 29, 50
Box: 9, 39, 43
Box: 30, 19, 3
Box: 33, 15, 11
Box: 16, 109, 9
Box: 33, 21, 11
Box: 36, 214, 202
Box: 111, 4, 9
Box: 23, 37, 202
Box: 207, 20, 18
Box: 29, 32, 55
Box: 13, 34, 33
Box: 207, 40, 56
Box: 18, 24, 6
Box: 126, 20, 13
Box: 14, 18, 20
Box: 45, 20, 33
Box: 54, 97, 7
Box: 207, 123, 202
Box: 36, 168, 12
Box: 207, 4, 202
Box: 46, 6, 13
Box: 33, 3, 23
Box: 11, 36, 24
Box: 49, 58, 13
Box: 33, 144, 122
Box: 192, 11, 13
Box: 24, 31, 27
Box: 9, 49, 42
Box: 7, 214, 10
Box: 88, 168, 77
Box: 188, 8, 9
Box: 33, 31, 62
Box: 113, 6, 13
Box: 49, 13, 202
Box: 29, 21, 14
Box: 151, 17, 120
Box: 24, 137, 202
Box: 132, 27, 10
Box: 14, 4, 42
Box: 50, 47, 85
Box: 13, 21, 62
Box: 3, 9, 13
Box: 15, 47, 76
Box: 13, 29, 50
Box: 207, 79, 23
Box: 8, 19, 202
Box: 54, 30, 202
Box: 11, 68, 202
Box: 10, 2, 3
####################
#Expected Output: 40
#Number of Bins: 40.
