Bin: 286, 78, 198
Box: 22, 65, 5
Box: 286, 20, 30
Box: 286, 27, 24
Box: 47, 78, 15
Box: 6, 4, 4
Box: 10, 25, 76
Box: 52, 2, 19
Box: 286, 30, 183
Box: 36, 78, 198
Box: 16, 78, 198
Box: 8, 6, 22
Box: 88, 78, 20
Box: 14, 12, 12
Box: 20, 4, 56
Box: 10, 6, 3
Box: 24, 78, 27
Box: 7, 78, 27
Box: 21, 13, 6
Box: 16, 78, 4
Box: 15, 27, 17
Box: 12, 25, 55
Box: 17, 78, 74
Box: 67, 78, 10
Box: 37, 78, 55
Box: 65, 78, 57
Box: 96, 29, 7
Box: 93, 24, 9
Box: 10, 78, 5
Box: 18, 78, 21
Box: 38, 5, 3
Box: 4, 78, 107
Box: 33, 10, 76
Box: 15, 32, 23
Box: 198, 13, 37
Box: 74, 78, 21
Box: 68, 78, 6
Box: 2, 28, 7
Box: 55, 14, 57
Box: 63, 78, 50
Box: 5, 78, 21
Box: 65, 4, 3
Box: 2, 26, 44
Box: 286, 78, 24
Box: 286, 78, 8
Box: 60, 36, 117
Box: 286, 3, 29
Box: 18, 78, 43
Box: 27, 10, 54
Box: 52, 78, 10
Box: 62, 22, 10
Box: 4, 78, 21
Box: 3, 2, 4
Box: 20, 14, 2
Box: 22, 70, 29
Box: 45, 32, 15
Box: 9, 18, 2
Box: 55, 31, 19
Box: 61, 78, 29
Box: 39, 8, 76
Box: 3, 13, 10
Box: 56, 78, 29
Box: 88, 78, 111
Box: 21, 4, 7
Box: 146, 20, 10
Box: 16, 2, 12
Box: 20, 12, 198
Box: 53, 36, 67
Box: 20, 9, 83
Box: 4, 78, 15
Box: 9, 15, 27
Box: 12, 78, 27
Box: 146, 2, 57
Box: 286, 5, 4
Box: 7, 78, 198
Box: 14, 15, 10
Box: 80, 14, 117
Box: 29, 6, 28
Box: 16, 78, 6
Box: 286, 2, 4
Box: 80, 78, 11
Box: 173, 78, 74
Box: 6, 78, 24
Box: 27, 78, 4
Box: 5, 78, 74
Box: 4, 14, 6
Box: 17, 78, 4
Box: 18, 65, 5
Box: 5, 6, 32
Box: 3, 6, 22
Box: 46, 54, 15
Box: 146, 22, 78
Box: 44, 30, 59
Box: 17, 4, 13
Box: 39, 78, 32
Box: 93, 78, 3
Box: 25, 12, 13
Box: 14, 22, 34
Box: 20, 13, 97
Box: 12, 22, 11
Box: 37, 78, 97
Box: 286, 3, 4
Box: 64, 17, 7
Box: 49, 78, 198
Box: 18, 78, 83
Box: 105, 78, 99
Box: 4, 24, 117
Box: 20, 23, 55
Box: 33, 55, 32
Box: 8, 17, 64
Box: 79, 78, 120
Box: 58, 9, 19
Box: 15, 24, 17
Box: 14, 29, 198
Box: 25, 5, 12
Box: 41, 78, 29
Box: 33, 15, 4
Box: 286, 78, 110
Box: 286, 4, 29
Box: 20, 8, 198
Box: 2, 26, 2
Box: 267, 17, 12
Box: 28, 14, 117
Box: 10, 29, 5
Box: 32, 34, 44
Box: 43, 4, 15
Box: 8, 9, 64
Box: 20, 2, 13
Box: 15, 25, 19
Box: 20, 8, 2
Box: 2, 17, 4
Box: 2, 25, 19
Box: 31, 78, 27
Box: 17, 8, 12
Box: 3, 10, 21
Box: 7, 10, 15
Box: 3, 10, 9
Box: 2, 15, 27
Box: 9, 78, 4
Box: 20, 27, 20
Box: 8, 8, 64
Box: 6, 78, 4
Box: 25, 78, 19
Box: 27, 18, 4
Box: 93, 53, 12
Box: 35, 78, 40
Box: 19, 25, 76
Box: 39, 4, 21
Box: 15, 32, 198
Box: 5, 19, 3
Box: 93, 78, 8
Box: 21, 13, 13
Box: 3, 78, 6
Box: 15, 78, 55
Box: 104, 10, 40
Box: 286, 78, 59
Box: 41, 78, 4
Box: 6, 78, 29
Box: 25, 78, 8
Box: 104, 28, 40
Box: 93, 54, 9
Box: 286, 18, 37
Box: 24, 78, 47
Box: 85, 4, 57
Box: 39, 24, 32
Box: 25, 2, 13
Box: 5, 7, 3
Box: 286, 15, 22
Box: 4, 5, 12
Box: 46, 7, 15
Box: 12, 78, 27
Box: 6, 4, 7
Box: 20, 49, 22
Box: 58, 78, 14
Box: 190, 78, 110
Box: 3, 10, 6
Box: 52, 78, 14
Box: 71, 23, 24
Box: 8, 29, 7
Box: 34, 2, 22
Box: 36, 78, 42
Box: 124, 78, 146
Box: 16, 30, 198
Box: 38, 78, 12
Box: 38, 11, 3
Box: 105, 13, 15
Box: 14, 23, 97
Box: 9, 4, 53
Box: 3, 15, 10
Box: 2, 9, 83
Box: 21, 78, 198
Box: 6, 78, 15
Box: 4, 4, 4
Box: 55, 78, 40
Box: 135, 78, 16
Box: 60, 3, 23
Box: 23, 78, 2
Box: 10, 18, 4
Box: 7, 78, 19
Box: 88, 78, 7
Box: 138, 78, 6
Box: 20, 2, 55
Box: 286, 12, 7
Box: 20, 8, 13
Box: 44, 2, 5
Box: 4, 14, 30
Box: 28, 78, 198
Box: 39, 12, 76
Box: 14, 5, 10
Box: 33, 78, 27
Box: 10, 29, 10
Box: 42, 16, 4
Box: 10, 78, 4
Box: 53, 78, 5
Box: 11, 9, 36
Box: 42, 16, 2
Box: 76, 78, 27
Box: 6, 18, 37
Box: 88, 78, 18
Box: 93, 78, 12
Box: 9, 78, 10
Box: 43, 4, 4
Box: 20, 4, 9
Box: 286, 78, 18
Box: 33, 5, 7
Box: 146, 6, 57
Box: 286, 78, 111
Box: 38, 78, 21
Box: 33, 13, 19
Box: 10, 42, 4
Box: 20, 6, 198
Box: 20, 39, 6
Box: 55, 78, 36
Box: 286, 78, 22
Box: 43, 78, 198
Box: 26, 72, 20
Box: 55, 78, 38
Box: 32, 10, 8
Box: 15, 78, 16
Box: 45, 3, 2
Box: 16, 4, 27
Box: 2, 25, 76
Box: 17, 3, 12
Box: 2, 26, 12
Box: 286, 7, 8
Box: 13, 78, 198
Box: 12, 17, 38
Box: 286, 34, 30
Box: 20, 35, 60
Box: 2, 17, 8
Box: 83, 78, 16
Box: 22, 3, 29
Box: 8, 23, 23
Box: 20, 17, 6
Box: 20, 4, 16
Box: 88, 8, 4
Box: 5, 78, 5
Box: 9, 6, 22
Box: 10, 8, 4
Box: 45, 58, 198
Box: 143, 10, 30
Box: 17, 4, 4
Box: 46, 78, 8
Box: 85, 78, 3
Box: 3, 30, 10
Box: 190, 2, 30
Box: 22, 78, 10
Box: 43, 4, 30
Box: 2, 26, 2
Box: 6, 29, 7
Box: 39, 78, 13
Box: 28, 23, 23
Box: 148, 78, 4
Box: 286, 7, 37
Box: 5, 78, 15
Box: 112, 78, 198
Box: 25, 10, 30
Box: 20, 6, 28
Box: 11, 78, 5
Box: 37, 27, 15
Box: 52, 16, 19
Box: 15, 13, 198
Box: 55, 78, 15
Box: 39, 4, 7
Box: 12, 78, 5
Box: 29, 29, 28
Box: 104, 3, 40
Box: 59, 78, 5
Box: 5, 2, 3
Box: 68, 6, 16
Box: 30, 78, 4
Box: 146, 10, 5
Box: 33, 53, 76
Box: 43, 4, 47
Box: 20, 31, 198
Box: 38, 23, 7
Box: 38, 78, 198
Box: 3, 13, 13
Box: 6, 10, 37
Box: 43, 6, 57
Box: 10, 31, 29
Box: 33, 6, 19
Box: 146, 10, 7
Box: 36, 21, 23
Box: 10, 15, 15
Box: 21, 78, 170
Box: 33, 19, 2
Box: 20, 13, 6
Box: 12, 2, 43
Box: 19, 11, 198
Box: 43, 4, 10
Box: 286, 3, 24
Box: 286, 78, 4
Box: 94, 78, 69
Box: 90, 78, 55
Box: 25, 78, 116
Box: 10, 75, 55
Box: 76, 78, 4
Box: 286, 78, 52
Box: 11, 78, 27
Box: 30, 78, 59
Box: 31, 78, 57
Box: 4, 78, 4
Box: 6, 78, 39
Box: 2, 78, 24
Box: 20, 78, 4
Box: 3, 10, 30
Box: 29, 78, 12
Box: 10, 78, 32
Box: 45, 2, 2
Box: 130, 78, 7
Box: 29, 78, 47
Box: 105, 14, 15
Box: 53, 3, 10
Box: 10, 78, 4
Box: 16, 24, 27
Box: 20, 9, 60
Box: 16, 78, 55
Box: 7, 23, 13
Box: 3, 11, 4
Box: 71, 78, 6
Box: 65, 78, 59
Box: 20, 2, 13
Box: 37, 46, 64
Box: 114, 78, 16
Box: 35, 8, 40
Box: 11, 35, 14
Box: 68, 23, 23
Box: 17, 32, 23
Box: 190, 4, 30
Box: 105, 4, 15
Box: 213, 17, 8
Box: 41, 78, 17
Box: 20, 6, 11
Box: 286, 27, 12
Box: 17, 78, 27
Box: 26, 17, 27
Box: 5, 52, 3
Box: 68, 11, 16
Box: 12, 25, 27
Box: 19, 9, 27
Box: 3, 3, 53
Box: 63, 78, 45
Box: 4, 78, 190
Box: 83, 78, 45
Box: 21, 78, 19
Box: 80, 5, 10
Box: 4, 78, 79
Box: 94, 78, 29
Box: 27, 9, 4
Box: 24, 78, 55
Box: 4, 3, 16
Box: 193, 78, 24
Box: 59, 78, 2
Box: 7, 78, 21
Box: 286, 78, 48
Box: 12, 53, 55
Box: 26, 6, 22
Box: 124, 78, 24
Box: 120, 78, 59
Box: 43, 4, 5
Box: 9, 78, 29
Box: 257, 78, 27
Box: 2, 25, 76
Box: 52, 78, 19
Box: 286, 6, 24
Box: 33, 10, 11
Box: 286, 78, 56
Box: 96, 49, 7
Box: 19, 3, 57
Box: 14, 25, 27
Box: 286, 23, 183
Box: 286, 78, 21
Box: 33, 78, 4
Box: 76, 78, 23
Box: 100, 78, 76
Box: 26, 36, 117
Box: 26, 75, 55
Box: 9, 31, 2
Box: 80, 5, 57
Box: 20, 6, 49
Box: 3, 78, 198
Box: 6, 17, 4
Box: 50, 78, 8
Box: 129, 78, 6
Box: 59, 78, 10
Box: 3, 12, 12
Box: 19, 20, 196
Box: 47, 78, 15
Box: 10, 78, 5
Box: 26, 61, 27
Box: 87, 32, 23
Box: 286, 6, 198
Box: 4, 29, 7
Box: 54, 58, 198
Box: 38, 23, 23
Box: 33, 5, 5
Box: 286, 18, 37
Box: 30, 78, 57
Box: 59, 78, 38
Box: 7, 78, 59
Box: 286, 78, 20
Box: 26, 2, 27
Box: 286, 5, 62
Box: 85, 11, 57
Box: 126, 78, 15
Box: 18, 13, 13
Box: 88, 78, 7
Box: 2, 78, 8
Box: 6, 78, 55
Box: 11, 9, 3
Box: 146, 22, 8
Box: 85, 17, 57
Box: 52, 78, 4
Box: 17, 34, 13
Box: 2, 4, 101
Box: 12, 13, 26
Box: 45, 78, 2
Box: 64, 10, 7
Box: 43, 4, 41
Box: 26, 78, 88
Box: 16, 5, 47
Box: 286, 22, 12
Box: 11, 9, 4
Box: 11, 25, 19
Box: 286, 19, 11
Box: 3, 78, 74
Box: 41, 78, 61
Box: 32, 34, 154
Box: 55, 10, 70
Box: 19, 78, 21
Box: 9, 22, 2
Box: 58, 78, 8
Box: 146, 2, 10
Box: 286, 8, 4
Box: 5, 17, 8
Box: 7, 78, 59
Box: 103, 65, 5
Box: 6, 78, 24
Box: 7, 78, 15
Box: 26, 78, 10
Box: 59, 78, 5
Box: 5, 32, 23
Box: 14, 78, 15
Box: 33, 5, 4
Box: 75, 78, 5
Box: 56, 23, 15
Box: 2, 17, 4
Box: 29, 78, 84
Box: 2, 6, 198
Box: 3, 22, 6
Box: 42, 14, 27
Box: 5, 28, 3
Box: 146, 3, 57
Box: 16, 2, 27
Box: 21, 61, 99
Box: 5, 78, 4
Box: 22, 51, 8
Box: 42, 78, 10
Box: 257, 78, 32
Box: 93, 25, 12
Box: 28, 14, 30
Box: 76, 78, 10
Box: 50, 31, 83
Box: 100, 78, 15
Box: 286, 5, 43
Box: 85, 78, 76
Box: 8, 29, 7
Box: 8, 2, 10
Box: 286, 8, 183
Box: 26, 6, 16
Box: 6, 49, 108
Box: 8, 2, 10
Box: 58, 2, 16
Box: 16, 2, 74
Box: 277, 28, 117
Box: 45, 78, 27
Box: 12, 78, 4
Box: 8, 14, 10
Box: 2, 34, 198
Box: 4, 78, 66
Box: 111, 35, 14
Box: 4, 78, 83
Box: 52, 78, 46
Box: 8, 10, 10
Box: 65, 9, 3
Box: 17, 40, 13
Box: 35, 6, 40
Box: 10, 8, 29
Box: 23, 78, 12
Box: 9, 78, 83
Box: 26, 78, 125
Box: 20, 6, 94
Box: 5, 10, 15
Box: 20, 30, 60
Box: 26, 78, 14
Box: 53, 23, 23
Box: 21, 13, 36
Box: 46, 13, 15
Box: 286, 18, 11
Box: 89, 55, 15
Box: 56, 78, 74
Box: 33, 16, 19
Box: 58, 78, 6
Box: 14, 3, 10
Box: 257, 78, 16
Box: 17, 3, 12
Box: 216, 78, 8
Box: 230, 78, 116
Box: 49, 78, 47
Box: 286, 78, 29
Box: 9, 5, 12
Box: 18, 14, 117
Box: 12, 32, 28
Box: 40, 78, 4
Box: 20, 31, 21
Box: 6, 4, 61
Box: 2, 26, 23
Box: 55, 22, 57
Box: 58, 46, 19
Box: 39, 11, 31
Box: 20, 9, 4
Box: 168, 78, 198
Box: 39, 6, 76
Box: 78, 5, 12
Box: 55, 78, 81
Box: 25, 2, 13
Box: 8, 6, 20
Box: 45, 18, 15
Box: 55, 31, 70
Box: 16, 40, 47
Box: 12, 4, 7
Box: 19, 17, 12
Box: 167, 78, 16
Box: 16, 33, 47
Box: 45, 9, 2
Box: 12, 15, 27
Box: 10, 2, 3
Box: 104, 6, 40
Box: 6, 3, 37
Box: 70, 10, 54
Box: 32, 78, 5
Box: 286, 78, 23
Box: 7, 23, 2
Box: 55, 33, 19
Box: 24, 58, 198
Box: 260, 78, 4
Box: 4, 78, 25
Box: 19, 78, 24
Box: 286, 25, 11
Box: 190, 78, 31
Box: 16, 5, 86
Box: 286, 24, 22
Box: 35, 78, 29
Box: 33, 78, 15
Box: 7, 31, 9
Box: 35, 78, 6
Box: 2, 22, 34
Box: 88, 13, 37
Box: 286, 78, 133
Box: 44, 2, 26
Box: 52, 78, 15
Box: 26, 13, 27
Box: 69, 78, 29
Box: 39, 2, 76
Box: 38, 48, 3
Box: 36, 16, 23
Box: 38, 23, 14
Box: 66, 78, 99
Box: 3, 25, 27
Box: 88, 28, 4
Box: 8, 78, 10
Box: 31, 78, 12
Box: 88, 32, 23
Box: 10, 18, 15
Box: 8, 78, 21
Box: 38, 78, 15
Box: 10, 78, 47
Box: 77, 62, 53
Box: 42, 4, 8
Box: 27, 75, 55
Box: 16, 20, 198
Box: 12, 32, 23
Box: 2, 4, 4
Box: 14, 43, 10
Box: 59, 14, 117
Box: 5, 2, 3
Box: 38, 8, 3
Box: 78, 78, 21
Box: 286, 23, 4
Box: 79, 78, 21
Box: 12, 22, 9
Box: 11, 4, 4
Box: 2, 26, 30
Box: 4, 78, 8
Box: 39, 4, 45
Box: 286, 18, 37
Box: 245, 2, 22
Box: 37, 78, 2
Box: 10, 33, 29
Box: 7, 78, 5
Box: 33, 21, 19
Box: 2, 78, 47
Box: 9, 28, 117
Box: 286, 78, 5
Box: 4, 3, 4
Box: 7, 8, 15
Box: 10, 4, 15
Box: 20, 20, 198
Box: 2, 36, 12
Box: 39, 21, 32
Box: 13, 78, 27
Box: 286, 2, 4
Box: 33, 5, 3
Box: 13, 78, 4
Box: 80, 31, 83
Box: 6, 78, 35
Box: 12, 78, 32
Box: 93, 78, 9
Box: 48, 78, 37
Box: 27, 78, 4
Box: 43, 4, 34
Box: 2, 5, 51
Box: 190, 6, 30
Box: 39, 15, 32
Box: 17, 9, 12
Box: 3, 44, 4
Box: 23, 78, 10
Box: 8, 22, 6
Box: 2, 48, 22
Box: 9, 4, 7
Box: 18, 10, 15
Box: 10, 78, 101
Box: 55, 78, 28
Box: 41, 65, 5
Box: 36, 18, 23
Box: 9, 78, 59
Box: 159, 78, 88
Box: 286, 6, 8
Box: 52, 78, 4
Box: 59, 78, 3
Box: 26, 23, 23
Box: 93, 78, 45
Box: 4, 16, 6
Box: 5, 25, 3
Box: 39, 12, 32
Box: 286, 16, 11
Box: 125, 78, 2
Box: 43, 19, 4
Box: 3, 5, 4
Box: 93, 78, 36
Box: 5, 78, 2
Box: 59, 78, 5
Box: 2, 16, 101
Box: 12, 16, 38
Box: 2, 26, 23
Box: 20, 31, 19
Box: 23, 78, 15
Box: 131, 78, 5
Box: 117, 78, 4
Box: 20, 6, 6
Box: 33, 15, 76
Box: 146, 10, 5
Box: 43, 4, 6
Box: 33, 23, 32
Box: 3, 25, 76
Box: 59, 78, 7
Box: 35, 5, 12
Box: 20, 13, 198
Box: 21, 13, 16
Box: 20, 12, 108
Box: 10, 17, 4
Box: 286, 4, 183
Box: 17, 35, 14
Box: 4, 31, 2
Box: 28, 78, 198
Box: 286, 78, 4
Box: 2, 26, 32
Box: 8, 40, 3
Box: 16, 16, 6
Box: 33, 22, 4
Box: 12, 14, 43
Box: 24, 78, 198
Box: 38, 23, 3
Box: 35, 9, 40
Box: 286, 19, 8
Box: 54, 78, 64
Box: 43, 29, 7
Box: 6, 35, 14
Box: 17, 5, 12
Box: 5, 28, 99
Box: 61, 78, 27
Box: 173, 78, 11
Box: 20, 3, 13
Box: 250, 78, 25
Box: 34, 17, 8
Box: 41, 78, 59
Box: 42, 4, 2
Box: 16, 23, 27
Box: 125, 78, 9
Box: 286, 11, 7
Box: 6, 78, 27
Box: 4, 78, 37
Box: 85, 33, 57
Box: 5, 36, 117
Box: 29, 11, 28
Box: 27, 19, 4
Box: 18, 48, 13
Box: 4, 78, 94
Box: 26, 6, 57
Box: 7, 31, 2
Box: 286, 35, 4
Box: 58, 24, 54
Box: 27, 15, 4
Box: 286, 2, 14
Box: 17, 6, 57
Box: 22, 25, 19
Box: 30, 78, 4
Box: 117, 3, 57
Box: 3, 78, 27
Box: 97, 78, 13
Box: 13, 36, 27
Box: 80, 8, 25
Box: 135, 78, 17
Box: 11, 9, 16
Box: 286, 78, 2
Box: 64, 2, 7
Box: 39, 2, 32
Box: 15, 27, 17
Box: 45, 6, 2
Box: 190, 19, 30
Box: 83, 78, 51
Box: 16, 2, 6
Box: 45, 3, 23
Box: 43, 18, 4
Box: 40, 78, 21
Box: 2, 31, 51
Box: 7, 78, 15
Box: 146, 2, 57
Box: 12, 19, 2
Box: 8, 24, 64
Box: 7, 5, 9
Box: 43, 4, 43
Box: 8, 78, 101
Box: 5, 2, 32
Box: 27, 78, 79
Box: 26, 29, 7
Box: 17, 15, 12
Box: 88, 78, 21
Box: 31, 14, 30
Box: 52, 78, 6
Box: 15, 6, 198
Box: 4, 8, 117
Box: 18, 78, 74
Box: 13, 36, 40
Box: 6, 78, 83
Box: 39, 4, 32
Box: 109, 4, 198
Box: 15, 45, 15
Box: 17, 78, 5
Box: 13, 78, 13
Box: 105, 2, 15
Box: 7, 75, 55
Box: 56, 78, 8
Box: 26, 78, 12
Box: 9, 8, 2
Box: 34, 13, 8
Box: 7, 3, 23
Box: 62, 4, 10
Box: 30, 78, 2
Box: 20, 3, 13
Box: 14, 12, 10
Box: 7, 14, 15
Box: 9, 16, 6
Box: 5, 14, 32
Box: 36, 78, 6
Box: 80, 8, 58
Box: 206, 78, 2
Box: 18, 13, 13
Box: 20, 4, 127
Box: 25, 2, 13
Box: 10, 78, 6
Box: 169, 78, 2
Box: 34, 78, 47
Box: 7, 78, 15
Box: 25, 58, 198
Box: 44, 2, 15
Box: 4, 78, 59
Box: 80, 9, 83
Box: 43, 19, 4
Box: 128, 78, 4
Box: 146, 10, 27
Box: 286, 78, 11
Box: 16, 75, 55
Box: 15, 24, 15
Box: 39, 5, 7
Box: 29, 15, 28
Box: 20, 17, 108
Box: 10, 10, 3
Box: 11, 78, 32
Box: 18, 78, 69
Box: 14, 23, 68
Box: 80, 78, 21
Box: 18, 2, 13
Box: 26, 7, 27
Box: 43, 4, 26
Box: 10, 32, 23
Box: 17, 5, 12
Box: 61, 78, 42
Box: 15, 18, 198
Box: 31, 23, 23
Box: 19, 20, 2
Box: 14, 49, 108
Box: 16, 2, 73
Box: 10, 10, 4
Box: 5, 32, 23
Box: 59, 4, 198
Box: 63, 78, 12
Box: 68, 17, 16
Box: 50, 21, 83
Box: 79, 78, 17
Box: 3, 78, 198
Box: 45, 26, 2
Box: 10, 12, 15
Box: 286, 3, 23
Box: 20, 4, 4
Box: 16, 6, 20
Box: 78, 78, 170
Box: 58, 78, 2
Box: 9, 22, 11
Box: 55, 26, 64
Box: 3, 78, 21
Box: 13, 36, 14
Box: 14, 26, 198
Box: 20, 4, 13
Box: 12, 78, 85
Box: 8, 29, 7
Box: 79, 22, 11
Box: 14, 23, 28
Box: 28, 14, 30
Box: 27, 78, 35
Box: 286, 24, 30
Box: 43, 4, 40
Box: 77, 78, 3
Box: 10, 23, 23
Box: 39, 4, 3
Box: 12, 78, 198
Box: 286, 40, 29
Box: 7, 22, 6
Box: 20, 31, 51
Box: 16, 73, 86
Box: 22, 78, 8
Box: 169, 78, 15
Box: 4, 3, 14
Box: 26, 8, 27
Box: 20, 27, 16
Box: 59, 78, 4
Box: 12, 13, 12
Box: 8, 4, 10
Box: 48, 78, 28
Box: 125, 78, 21
Box: 7, 78, 5
Box: 9, 4, 33
Box: 7, 78, 15
Box: 9, 16, 6
Box: 127, 78, 6
Box: 6, 47, 37
Box: 7, 78, 4
Box: 10, 32, 23
Box: 80, 5, 16
Box: 18, 15, 13
Box: 46, 6, 22
Box: 52, 6, 19
Box: 7, 29, 7
Box: 39, 14, 117
Box: 77, 16, 53
Box: 25, 2, 13
Box: 286, 14, 7
Box: 53, 33, 10
Box: 70, 78, 45
Box: 10, 19, 3
Box: 3, 10, 16
Box: 78, 78, 40
Box: 46, 22, 11
Box: 52, 78, 99
Box: 20, 4, 18
Box: 286, 4, 37
Box: 33, 15, 13
Box: 18, 78, 39
Box: 2, 26, 12
Box: 190, 9, 30
Box: 286, 7, 12
Box: 33, 17, 19
Box: 2, 15, 27
Box: 7, 10, 15
Box: 3, 15, 10
Box: 48, 78, 69
Box: 18, 78, 28
Box: 3, 10, 2
Box: 2, 36, 54
Box: 8, 8, 64
Box: 46, 36, 9
Box: 5, 78, 10
Box: 23, 9, 27
Box: 114, 78, 6
Box: 55, 78, 6
Box: 11, 78, 55
Box: 109, 10, 24
Box: 55, 22, 70
Box: 2, 22, 6
Box: 20, 31, 4
Box: 24, 78, 86
Box: 2, 6, 20
Box: 81, 78, 42
Box: 9, 78, 2
Box: 89, 78, 10
Box: 286, 31, 29
Box: 174, 41, 14
Box: 3, 78, 15
Box: 43, 4, 14
Box: 42, 4, 2
Box: 55, 5, 57
Box: 27, 6, 22
Box: 83, 78, 7
Box: 33, 15, 3
Box: 3, 3, 53
Box: 25, 78, 198
Box: 21, 13, 21
Box: 10, 6, 29
Box: 102, 78, 12
Box: 6, 78, 12
Box: 39, 29, 7
Box: 43, 4, 15
Box: 286, 78, 103
Box: 6, 3, 57
Box: 113, 78, 12
Box: 159, 6, 22
Box: 20, 20, 2
Box: 58, 5, 12
Box: 2, 30, 22
Box: 15, 9, 15
Box: 286, 78, 166
Box: 24, 23, 23
Box: 45, 78, 27
Box: 8, 78, 5
Box: 2, 78, 27
Box: 27, 22, 34
Box: 130, 78, 11
Box: 8, 38, 3
Box: 43, 13, 4
Box: 55, 21, 57
Box: 4, 3, 4
Box: 2, 6, 22
Box: 286, 12, 7
Box: 26, 6, 11
Box: 63, 78, 34
Box: 286, 78, 9
Box: 72, 78, 13
Box: 88, 38, 4
Box: 96, 78, 138
Box: 20, 31, 88
Box: 10, 2, 16
Box: 12, 78, 15
Box: 44, 78, 17
Box: 174, 3, 23
Box: 37, 11, 64
Box: 5, 50, 99
Box: 10, 26, 3
Box: 190, 14, 30
Box: 106, 78, 8
Box: 286, 78, 113
Box: 5, 21, 3
Box: 46, 4, 15
Box: 286, 78, 5
Box: 45, 13, 2
Box: 177, 10, 24
Box: 12, 10, 43
Box: 108, 78, 42
Box: 82, 58, 198
Box: 43, 4, 40
Box: 85, 13, 57
Box: 16, 8, 27
Box: 18, 78, 95
Box: 43, 4, 4
Box: 12, 22, 5
Box: 70, 14, 30
Box: 20, 13, 95
Box: 3, 3, 4
Box: 5, 13, 32
Box: 83, 78, 28
Box: 12, 32, 10
Box: 44, 46, 59
Box: 58, 27, 54
Box: 2, 50, 7
Box: 146, 10, 45
Box: 2, 25, 19
Box: 105, 45, 15
Box: 14, 78, 32
Box: 10, 78, 4
Box: 71, 22, 34
Box: 35, 55, 40
Box: 9, 30, 2
Box: 286, 78, 6
Box: 40, 29, 7
Box: 26, 2, 101
Box: 58, 78, 28
Box: 43, 78, 6
Box: 50, 26, 83
Box: 13, 78, 56
Box: 52, 23, 24
Box: 20, 6, 10
Box: 7, 15, 15
Box: 29, 14, 30
Box: 172, 78, 66
Box: 32, 7, 8
Box: 75, 78, 10
Box: 22, 5, 29
Box: 3, 78, 10
Box: 15, 78, 43
Box: 146, 10, 48
Box: 45, 6, 57
Box: 88, 78, 35
Box: 41, 78, 49
Box: 21, 13, 7
Box: 12, 30, 43
Box: 13, 36, 36
Box: 63, 78, 24
Box: 10, 15, 3
Box: 12, 22, 6
Box: 9, 6, 57
Box: 286, 29, 8
Box: 117, 78, 21
Box: 286, 78, 14
Box: 55, 78, 10
Box: 93, 78, 41
Box: 68, 28, 16
Box: 26, 78, 83
Box: 14, 78, 21
Box: 286, 78, 7
Box: 125, 78, 26
Box: 52, 78, 44
Box: 12, 78, 4
Box: 51, 78, 17
Box: 33, 78, 27
Box: 44, 2, 13
Box: 286, 78, 33
Box: 141, 35, 14
Box: 20, 26, 55
Box: 19, 47, 198
Box: 190, 78, 29
Box: 16, 26, 198
Box: 55, 78, 32
Box: 13, 10, 54
Box: 15, 78, 123
Box: 42, 10, 27
Box: 2, 6, 101
Box: 62, 52, 10
Box: 20, 6, 13
Box: 21, 29, 7
Box: 37, 41, 15
Box: 70, 78, 45
Box: 7, 2, 22
Box: 11, 78, 27
Box: 52, 5, 19
Box: 59, 78, 74
Box: 20, 78, 8
Box: 19, 78, 28
Box: 29, 32, 23
Box: 286, 78, 100
Box: 171, 78, 10
Box: 24, 58, 198
Box: 25, 78, 42
Box: 78, 65, 5
Box: 43, 9, 4
Box: 120, 78, 12
Box: 50, 36, 117
Box: 53, 78, 37
Box: 93, 78, 42
Box: 20, 3, 13
Box: 12, 78, 21
Box: 20, 27, 9
Box: 25, 31, 13
Box: 12, 78, 101
Box: 24, 78, 19
Box: 83, 78, 8
Box: 16, 78, 4
Box: 4, 78, 25
Box: 43, 4, 2
Box: 52, 18, 19
Box: 83, 78, 37
Box: 45, 78, 4
Box: 36, 23, 23
Box: 27, 78, 80
Box: 14, 23, 24
Box: 60, 78, 24
Box: 117, 78, 128
Box: 65, 59, 3
Box: 286, 8, 183
Box: 20, 4, 28
Box: 8, 12, 64
Box: 101, 78, 6
Box: 42, 78, 6
Box: 286, 5, 78
Box: 59, 78, 2
Box: 11, 9, 24
Box: 52, 6, 19
Box: 93, 78, 16
Box: 15, 78, 16
Box: 12, 29, 7
Box: 20, 36, 2
Box: 21, 5, 12
Box: 14, 78, 74
Box: 59, 78, 5
Box: 5, 78, 10
Box: 104, 31, 40
Box: 86, 3, 55
Box: 83, 78, 67
Box: 3, 72, 53
Box: 36, 78, 198
Box: 45, 28, 15
Box: 14, 23, 5
Box: 43, 4, 9
Box: 39, 10, 76
Box: 146, 46, 198
Box: 93, 78, 6
Box: 35, 78, 21
Box: 4, 3, 19
Box: 4, 2, 6
Box: 30, 78, 13
Box: 34, 60, 8
Box: 5, 17, 4
Box: 89, 78, 23
Box: 39, 11, 20
Box: 6, 4, 130
Box: 32, 58, 198
Box: 26, 42, 27
Box: 16, 17, 27
Box: 11, 6, 22
Box: 7, 12, 15
Box: 55, 9, 70
Box: 286, 17, 23
Box: 79, 78, 40
Box: 286, 13, 5
Box: 63, 78, 50
Box: 3, 78, 3
Box: 33, 10, 25
Box: 13, 25, 27
Box: 55, 52, 64
Box: 3, 5, 10
Box: 30, 78, 198
Box: 17, 3, 12
Box: 286, 78, 8
Box: 135, 78, 10
Box: 2, 26, 11
Box: 62, 78, 6
Box: 55, 6, 70
Box: 2, 17, 4
Box: 8, 78, 55
Box: 20, 12, 198
Box: 33, 10, 18
Box: 286, 78, 2
Box: 93, 78, 54
Box: 20, 23, 22
Box: 5, 78, 3
Box: 55, 16, 57
Box: 15, 9, 198
Box: 59, 78, 40
Box: 58, 27, 54
Box: 286, 78, 6
Box: 39, 78, 55
Box: 73, 36, 117
Box: 8, 5, 10
Box: 2, 38, 198
Box: 4, 13, 13
Box: 65, 6, 3
Box: 12, 22, 11
Box: 39, 5, 5
Box: 22, 27, 8
Box: 19, 10, 30
Box: 2, 26, 11
Box: 8, 78, 5
Box: 53, 36, 31
Box: 80, 78, 2
Box: 16, 2, 33
Box: 146, 10, 7
Box: 17, 20, 12
Box: 7, 6, 15
Box: 101, 78, 88
Box: 286, 12, 22
Box: 12, 4, 198
Box: 20, 9, 4
Box: 26, 19, 101
Box: 172, 78, 18
Box: 33, 56, 4
Box: 20, 42, 4
Box: 6, 6, 57
Box: 58, 63, 27
Box: 68, 14, 16
Box: 286, 78, 4
Box: 286, 78, 7
Box: 111, 78, 18
Box: 130, 78, 4
Box: 20, 27, 10
Box: 28, 78, 21
Box: 112, 78, 40
Box: 38, 78, 10
Box: 34, 5, 8
Box: 121, 78, 4
Box: 56, 78, 116
Box: 42, 16, 15
Box: 25, 8, 13
Box: 24, 65, 5
Box: 286, 9, 24
Box: 286, 78, 56
Box: 286, 78, 11
Box: 8, 3, 10
Box: 58, 23, 19
Box: 3, 25, 76
Box: 169, 78, 21
Box: 5, 78, 32
Box: 90, 78, 70
Box: 146, 78, 18
Box: 29, 78, 114
Box: 39, 11, 25
Box: 8, 78, 5
Box: 55, 14, 19
Box: 47, 9, 83
Box: 43, 4, 2
Box: 3, 4, 4
Box: 88, 78, 86
Box: 31, 78, 4
Box: 32, 44, 198
Box: 42, 4, 8
Box: 5, 4, 198
Box: 21, 4, 99
Box: 112, 41, 14
Box: 15, 78, 64
Box: 5, 43, 32
Box: 98, 78, 198
Box: 3, 13, 4
Box: 27, 78, 70
Box: 9, 4, 42
Box: 4, 32, 23
Box: 9, 78, 69
Box: 59, 78, 2
Box: 75, 78, 29
Box: 286, 13, 22
Box: 25, 6, 13
Box: 34, 78, 4
Box: 29, 17, 28
Box: 26, 57, 101
Box: 286, 6, 22
Box: 32, 22, 34
Box: 33, 23, 15
Box: 6, 78, 58
Box: 44, 78, 86
Box: 123, 78, 5
Box: 18, 78, 15
Box: 23, 78, 27
Box: 286, 10, 198
Box: 38, 6, 3
Box: 20, 78, 57
Box: 62, 14, 117
Box: 12, 22, 12
Box: 4, 32, 23
Box: 37, 21, 64
Box: 33, 78, 11
Box: 88, 4, 4
Box: 111, 23, 24
Box: 38, 78, 27
Box: 78, 78, 48
Box: 9, 4, 70
Box: 20, 18, 4
Box: 36, 78, 25
Box: 43, 4, 5
Box: 15, 6, 22
Box: 4, 4, 117
Box: 8, 38, 10
Box: 80, 16, 83
Box: 140, 78, 198
Box: 33, 15, 7
####################
#Expected Output: 29
#Number of Bins: 29.
