Bin: 177, 217, 200
Box: 5, 98, 130
Box: 35, 3, 5
Box: 40, 39, 14
Box: 35, 28, 26
Box: 69, 7, 19
Box: 18, 26, 12
Box: 49, 3, 54
Box: 177, 32, 36
Box: 140, 16, 179
Box: 57, 8, 3
Box: 68, 12, 47
Box: 35, 35, 2
Box: 9, 42, 10
Box: 3, 217, 200
Box: 9, 217, 7
Box: 3, 75, 26
Box: 177, 217, 23
Box: 12, 5, 2
Box: 39, 4, 100
Box: 26, 103, 200
Box: 4, 134, 38
Box: 23, 59, 3
Box: 111, 217, 5
Box: 15, 52, 37
Box: 84, 43, 20
Box: 35, 6, 53
Box: 3, 42, 51
Box: 5, 32, 7
Box: 23, 3, 6
Box: 4, 49, 4
Box: 3, 5, 6
Box: 17, 4, 13
Box: 19, 217, 200
Box: 86, 55, 28
Box: 33, 36, 17
Box: 35, 4, 15
Box: 6, 15, 79
Box: 52, 5, 2
Box: 34, 24, 35
Box: 52, 49, 32
Box: 8, 34, 10
Box: 177, 71, 200
Box: 9, 61, 10
Box: 58, 26, 10
Box: 14, 107, 92
Box: 64, 17, 18
Box: 33, 2, 44
Box: 7, 16, 20
Box: 177, 76, 22
Box: 63, 10, 200
Box: 126, 139, 68
Box: 19, 51, 61
Box: 3, 2, 13
Box: 11, 62, 23
Box: 111, 5, 13
Box: 8, 37, 2
Box: 50, 14, 6
Box: 177, 61, 86
Box: 43, 217, 44
Box: 32, 49, 32
Box: 35, 57, 54
Box: 13, 36, 200
Box: 61, 25, 38
Box: 177, 5, 25
Box: 177, 8, 99
Box: 17, 4, 200
Box: 9, 65, 5
Box: 6, 78, 79
Box: 9, 20, 47
Box: 3, 38, 2
Box: 8, 7, 26
Box: 66, 34, 31
Box: 12, 26, 16
Box: 3, 5, 8
Box: 12, 71, 6
Box: 177, 59, 2
Box: 39, 62, 200
Box: 43, 3, 152
Box: 16, 5, 9
Box: 17, 41, 200
Box: 112, 49, 4
Box: 5, 8, 3
Box: 18, 28, 200
Box: 2, 41, 12
Box: 177, 100, 23
Box: 24, 60, 5
Box: 7, 45, 26
Box: 4, 72, 45
Box: 177, 32, 140
Box: 3, 38, 25
Box: 177, 49, 7
Box: 53, 41, 33
Box: 32, 217, 200
Box: 177, 62, 200
Box: 177, 3, 82
Box: 35, 6, 31
Box: 53, 56, 72
Box: 15, 4, 28
Box: 7, 22, 11
Box: 78, 217, 11
Box: 57, 34, 10
Box: 2, 27, 28
Box: 19, 76, 11
Box: 39, 29, 2
Box: 45, 19, 8
Box: 23, 7, 30
Box: 3, 3, 6
Box: 36, 3, 27
Box: 34, 6, 4
Box: 24, 217, 51
Box: 22, 2, 4
Box: 11, 46, 44
Box: 15, 81, 28
Box: 35, 2, 200
Box: 11, 17, 5
Box: 177, 35, 7
Box: 25, 217, 200
Box: 12, 16, 13
Box: 64, 48, 50
Box: 114, 38, 62
Box: 116, 46, 6
Box: 23, 59, 3
Box: 13, 21, 3
Box: 5, 6, 23
Box: 56, 217, 54
Box: 3, 34, 33
Box: 34, 7, 26
Box: 177, 6, 179
Box: 134, 4, 15
Box: 126, 11, 2
Box: 177, 22, 67
Box: 43, 5, 25
Box: 34, 6, 44
Box: 15, 49, 4
Box: 29, 5, 34
Box: 6, 69, 69
Box: 75, 217, 23
Box: 8, 37, 46
Box: 47, 16, 2
Box: 76, 117, 43
Box: 23, 5, 200
Box: 17, 18, 3
Box: 79, 34, 3
Box: 19, 3, 3
Box: 60, 3, 111
Box: 113, 7, 10
Box: 2, 30, 200
Box: 11, 217, 30
Box: 74, 167, 64
Box: 2, 5, 29
Box: 50, 184, 3
Box: 3, 66, 16
Box: 3, 10, 5
Box: 177, 5, 9
Box: 72, 19, 9
Box: 9, 9, 20
Box: 6, 14, 5
Box: 37, 16, 3
Box: 177, 26, 85
Box: 42, 7, 5
Box: 2, 14, 6
Box: 177, 34, 97
Box: 23, 37, 6
Box: 7, 34, 127
Box: 50, 16, 30
Box: 70, 124, 200
Box: 6, 8, 9
Box: 34, 7, 58
Box: 12, 47, 22
Box: 27, 99, 19
Box: 177, 40, 8
Box: 69, 19, 200
Box: 6, 58, 12
Box: 24, 15, 20
Box: 31, 32, 3
Box: 3, 154, 6
Box: 28, 48, 32
Box: 5, 37, 85
Box: 3, 33, 196
Box: 19, 40, 16
Box: 177, 61, 51
Box: 177, 6, 200
Box: 12, 47, 11
Box: 13, 10, 6
Box: 177, 217, 6
Box: 34, 38, 7
Box: 14, 217, 11
Box: 3, 3, 4
Box: 9, 75, 25
Box: 43, 24, 30
Box: 60, 22, 200
Box: 11, 11, 16
Box: 31, 2, 30
Box: 16, 32, 3
Box: 52, 67, 200
Box: 14, 217, 19
Box: 73, 43, 20
Box: 41, 3, 7
Box: 22, 5, 8
Box: 20, 11, 48
Box: 20, 37, 85
Box: 2, 3, 6
Box: 8, 3, 3
Box: 69, 29, 7
Box: 45, 28, 5
Box: 29, 40, 38
Box: 3, 34, 3
Box: 39, 9, 20
Box: 24, 141, 46
Box: 14, 217, 195
Box: 13, 23, 116
Box: 26, 34, 33
Box: 9, 60, 59
Box: 2, 32, 50
Box: 177, 52, 36
Box: 18, 217, 64
Box: 177, 8, 121
Box: 15, 217, 31
Box: 26, 4, 3
Box: 19, 51, 59
Box: 57, 26, 119
Box: 9, 21, 30
Box: 88, 18, 14
Box: 43, 47, 31
Box: 115, 217, 49
Box: 9, 42, 51
Box: 177, 52, 200
Box: 27, 11, 57
Box: 33, 34, 3
Box: 43, 7, 200
Box: 19, 217, 137
Box: 39, 42, 18
Box: 10, 217, 26
Box: 177, 14, 7
Box: 90, 6, 2
Box: 177, 217, 106
Box: 11, 5, 5
Box: 134, 83, 2
Box: 177, 83, 36
Box: 13, 23, 36
Box: 33, 26, 34
Box: 90, 86, 98
Box: 177, 25, 50
Box: 73, 15, 2
Box: 2, 22, 41
Box: 27, 217, 41
Box: 177, 13, 13
Box: 76, 121, 38
Box: 7, 10, 127
Box: 60, 11, 82
Box: 27, 16, 10
Box: 8, 3, 12
Box: 19, 154, 17
Box: 14, 36, 29
Box: 45, 44, 20
Box: 27, 50, 30
Box: 33, 24, 7
Box: 10, 25, 179
Box: 33, 80, 5
Box: 55, 32, 4
Box: 26, 74, 16
Box: 6, 9, 5
Box: 53, 13, 42
Box: 14, 17, 99
Box: 76, 51, 122
Box: 37, 5, 75
Box: 33, 37, 21
Box: 7, 51, 5
Box: 19, 15, 36
Box: 31, 13, 200
Box: 131, 89, 28
Box: 10, 3, 82
Box: 8, 67, 200
Box: 20, 14, 17
Box: 21, 217, 97
Box: 30, 25, 200
Box: 38, 10, 2
Box: 126, 38, 68
Box: 27, 27, 8
Box: 177, 8, 22
Box: 53, 52, 55
Box: 3, 4, 31
Box: 177, 5, 156
Box: 6, 217, 30
Box: 40, 217, 60
Box: 14, 60, 6
Box: 36, 3, 49
Box: 17, 3, 200
Box: 177, 15, 96
Box: 15, 11, 58
Box: 76, 16, 30
Box: 94, 3, 13
Box: 44, 3, 22
Box: 30, 2, 82
Box: 15, 24, 3
Box: 16, 75, 55
Box: 9, 29, 25
Box: 8, 34, 3
Box: 24, 50, 5
Box: 52, 22, 30
Box: 7, 90, 4
Box: 129, 37, 10
Box: 177, 5, 20
Box: 12, 121, 25
Box: 45, 51, 32
Box: 75, 217, 3
Box: 90, 4, 2
Box: 4, 83, 17
Box: 6, 32, 54
Box: 52, 45, 53
Box: 177, 143, 20
Box: 6, 7, 5
Box: 95, 34, 31
Box: 24, 217, 63
Box: 13, 23, 3
Box: 177, 29, 41
Box: 144, 6, 5
Box: 12, 62, 97
Box: 177, 31, 126
Box: 2, 16, 2
Box: 45, 6, 14
Box: 2, 2, 14
Box: 127, 41, 51
Box: 52, 17, 31
Box: 137, 14, 105
Box: 20, 55, 70
Box: 177, 15, 200
Box: 5, 7, 26
Box: 19, 49, 4
Box: 10, 51, 26
Box: 177, 28, 200
Box: 4, 4, 29
Box: 11, 14, 4
Box: 12, 71, 44
Box: 137, 14, 12
Box: 8, 65, 5
Box: 70, 22, 18
Box: 2, 59, 11
Box: 3, 5, 64
Box: 48, 4, 25
Box: 3, 3, 17
Box: 7, 8, 14
Box: 5, 16, 2
Box: 99, 18, 4
Box: 14, 7, 13
Box: 2, 5, 5
Box: 177, 18, 17
Box: 177, 217, 62
Box: 4, 72, 20
Box: 26, 217, 10
Box: 17, 88, 98
Box: 177, 49, 74
Box: 3, 5, 10
Box: 54, 62, 200
Box: 24, 86, 200
Box: 10, 110, 13
Box: 3, 118, 28
Box: 45, 26, 14
Box: 26, 36, 200
Box: 39, 65, 200
Box: 12, 26, 7
Box: 177, 42, 10
Box: 3, 93, 38
Box: 23, 5, 200
Box: 7, 34, 3
Box: 5, 49, 4
Box: 177, 210, 70
Box: 2, 22, 6
Box: 12, 8, 200
Box: 63, 11, 200
Box: 5, 5, 12
Box: 71, 51, 200
Box: 35, 28, 33
Box: 177, 217, 3
Box: 10, 217, 8
Box: 66, 16, 10
Box: 45, 13, 26
Box: 37, 16, 49
Box: 46, 2, 32
Box: 38, 26, 4
Box: 59, 27, 200
Box: 19, 32, 50
Box: 2, 18, 200
Box: 66, 36, 200
Box: 2, 60, 23
Box: 23, 38, 57
Box: 2, 217, 131
Box: 110, 2, 19
Box: 2, 9, 7
Box: 12, 78, 13
Box: 5, 8, 29
Box: 59, 217, 7
Box: 4, 7, 3
Box: 98, 17, 139
Box: 141, 4, 117
Box: 105, 50, 200
Box: 24, 10, 8
Box: 129, 6, 57
Box: 52, 217, 14
Box: 9, 15, 36
Box: 137, 14, 2
Box: 79, 7, 3
Box: 10, 17, 54
Box: 28, 217, 133
Box: 141, 18, 5
Box: 63, 29, 200
Box: 177, 29, 6
Box: 13, 23, 3
Box: 43, 217, 39
Box: 37, 16, 12
Box: 4, 111, 53
Box: 90, 217, 14
Box: 39, 8, 26
Box: 158, 11, 5
Box: 8, 40, 51
Box: 27, 99, 86
Box: 28, 15, 38
Box: 2, 113, 15
Box: 81, 55, 87
Box: 76, 121, 40
Box: 28, 23, 19
Box: 3, 40, 19
Box: 36, 6, 119
Box: 18, 217, 28
Box: 25, 2, 14
Box: 64, 28, 50
Box: 13, 15, 2
Box: 43, 29, 34
Box: 3, 23, 47
Box: 16, 50, 47
Box: 2, 5, 64
Box: 8, 3, 35
Box: 11, 17, 6
Box: 42, 16, 200
Box: 3, 3, 200
Box: 24, 61, 200
Box: 177, 4, 12
Box: 29, 5, 14
Box: 8, 7, 51
Box: 8, 217, 200
Box: 15, 4, 40
Box: 9, 8, 30
Box: 177, 2, 4
Box: 7, 34, 10
Box: 35, 4, 5
Box: 24, 137, 11
Box: 2, 217, 63
Box: 58, 26, 75
Box: 10, 84, 68
Box: 55, 26, 119
Box: 23, 38, 37
Box: 10, 47, 67
Box: 177, 217, 24
Box: 24, 37, 85
Box: 2, 32, 14
Box: 67, 40, 45
Box: 26, 54, 16
Box: 57, 217, 109
Box: 2, 199, 82
Box: 177, 4, 200
Box: 13, 41, 35
Box: 173, 12, 33
Box: 19, 39, 41
Box: 72, 67, 38
Box: 8, 46, 3
Box: 25, 14, 200
Box: 5, 18, 4
Box: 18, 3, 37
Box: 165, 41, 32
Box: 15, 3, 19
Box: 13, 19, 27
Box: 19, 5, 38
Box: 47, 108, 9
Box: 13, 16, 3
Box: 177, 42, 114
Box: 23, 156, 78
Box: 15, 134, 3
Box: 177, 185, 33
Box: 3, 36, 200
Box: 74, 13, 42
Box: 5, 5, 53
Box: 177, 116, 4
Box: 177, 7, 55
Box: 73, 92, 200
Box: 134, 83, 3
Box: 10, 33, 31
Box: 7, 10, 6
Box: 76, 33, 29
Box: 2, 2, 7
Box: 6, 9, 18
Box: 177, 2, 16
Box: 22, 62, 54
Box: 3, 29, 6
Box: 4, 13, 42
Box: 3, 6, 31
Box: 29, 45, 52
Box: 24, 8, 14
Box: 15, 60, 29
Box: 177, 8, 19
Box: 53, 217, 105
Box: 44, 59, 11
Box: 2, 34, 3
Box: 14, 5, 14
Box: 31, 3, 40
Box: 23, 14, 200
Box: 17, 103, 21
Box: 14, 107, 26
Box: 23, 26, 119
Box: 9, 217, 25
Box: 2, 32, 7
Box: 6, 12, 200
Box: 6, 2, 8
Box: 55, 108, 9
Box: 177, 48, 53
Box: 16, 77, 70
Box: 177, 94, 38
Box: 23, 17, 71
Box: 94, 3, 17
Box: 32, 217, 43
Box: 25, 3, 53
Box: 75, 36, 17
Box: 9, 217, 40
Box: 38, 4, 29
Box: 12, 12, 54
Box: 26, 81, 28
Box: 57, 2, 200
Box: 177, 22, 12
Box: 110, 16, 19
Box: 18, 61, 30
Box: 88, 100, 34
Box: 24, 13, 11
Box: 20, 7, 19
Box: 10, 217, 2
Box: 39, 23, 200
Box: 16, 13, 122
Box: 158, 11, 25
Box: 177, 5, 200
Box: 111, 217, 46
Box: 177, 72, 200
Box: 22, 100, 34
Box: 14, 217, 86
Box: 51, 5, 60
Box: 11, 26, 32
Box: 23, 3, 17
Box: 124, 52, 11
Box: 54, 217, 13
Box: 109, 12, 19
Box: 11, 25, 200
Box: 39, 2, 27
Box: 5, 12, 42
Box: 72, 2, 9
Box: 48, 6, 33
Box: 91, 217, 93
Box: 177, 4, 14
Box: 41, 55, 16
Box: 133, 43, 39
Box: 109, 217, 63
Box: 29, 5, 10
Box: 177, 217, 13
Box: 66, 12, 109
Box: 9, 151, 47
Box: 10, 4, 2
Box: 49, 113, 57
Box: 177, 6, 88
Box: 30, 217, 30
Box: 177, 62, 14
Box: 80, 5, 12
Box: 43, 18, 25
Box: 23, 70, 11
Box: 9, 26, 7
Box: 4, 217, 3
Box: 17, 26, 119
Box: 177, 4, 44
Box: 60, 5, 32
Box: 46, 134, 154
Box: 38, 8, 200
Box: 10, 13, 13
Box: 177, 100, 2
Box: 29, 59, 25
Box: 158, 32, 41
Box: 45, 55, 87
Box: 38, 5, 32
Box: 3, 13, 16
Box: 177, 217, 77
Box: 168, 8, 3
Box: 5, 39, 22
Box: 177, 32, 82
Box: 64, 46, 8
Box: 131, 3, 21
Box: 36, 217, 31
Box: 45, 217, 8
Box: 45, 153, 46
Box: 40, 217, 140
Box: 14, 32, 19
Box: 26, 20, 16
Box: 148, 5, 6
Box: 22, 3, 14
Box: 47, 25, 77
Box: 43, 217, 43
Box: 177, 217, 14
Box: 11, 4, 15
Box: 39, 63, 7
Box: 62, 12, 3
Box: 29, 16, 14
Box: 177, 217, 6
Box: 177, 38, 53
Box: 17, 61, 10
Box: 177, 15, 200
Box: 35, 61, 17
Box: 49, 5, 34
Box: 2, 4, 61
Box: 61, 191, 200
Box: 177, 21, 28
Box: 18, 23, 31
Box: 20, 11, 11
Box: 54, 217, 30
Box: 3, 26, 32
Box: 14, 51, 26
Box: 63, 45, 9
Box: 10, 5, 10
Box: 45, 195, 10
Box: 177, 37, 65
Box: 2, 32, 3
Box: 37, 2, 200
Box: 74, 17, 139
Box: 2, 176, 118
Box: 25, 25, 15
Box: 177, 40, 69
Box: 51, 38, 200
Box: 72, 108, 200
Box: 26, 10, 14
Box: 177, 54, 38
Box: 9, 2, 200
Box: 2, 14, 15
Box: 17, 32, 7
Box: 7, 217, 200
Box: 9, 60, 62
Box: 9, 217, 56
Box: 8, 32, 6
Box: 3, 114, 69
Box: 109, 48, 5
Box: 16, 61, 10
Box: 12, 32, 3
Box: 177, 50, 38
Box: 16, 4, 9
Box: 76, 89, 43
Box: 29, 2, 200
Box: 6, 19, 2
Box: 79, 25, 99
Box: 27, 59, 55
Box: 34, 3, 5
Box: 8, 7, 6
Box: 172, 4, 200
Box: 9, 217, 31
Box: 177, 198, 7
Box: 2, 14, 7
Box: 4, 66, 14
Box: 8, 217, 12
Box: 17, 12, 30
Box: 39, 43, 200
Box: 24, 20, 47
Box: 5, 14, 132
Box: 90, 14, 23
Box: 41, 17, 6
Box: 27, 3, 143
Box: 12, 217, 13
Box: 69, 26, 32
Box: 20, 38, 8
Box: 107, 51, 200
Box: 59, 3, 200
Box: 10, 114, 69
Box: 59, 49, 102
Box: 66, 84, 25
Box: 148, 5, 20
Box: 54, 37, 11
Box: 3, 93, 4
Box: 23, 3, 6
Box: 134, 83, 152
Box: 20, 51, 27
Box: 21, 217, 13
Box: 12, 17, 7
Box: 9, 61, 10
Box: 177, 116, 19
Box: 76, 19, 29
Box: 18, 217, 40
Box: 177, 106, 200
Box: 11, 58, 41
Box: 23, 70, 10
Box: 2, 8, 200
Box: 4, 81, 28
Box: 72, 50, 47
Box: 6, 46, 3
Box: 13, 19, 8
Box: 110, 63, 181
Box: 177, 77, 61
Box: 2, 134, 200
Box: 5, 217, 88
Box: 36, 29, 200
Box: 2, 60, 19
Box: 51, 5, 6
Box: 21, 7, 7
Box: 35, 217, 30
Box: 23, 197, 200
Box: 31, 62, 160
Box: 64, 17, 6
Box: 32, 116, 96
Box: 29, 61, 30
Box: 177, 7, 38
Box: 39, 18, 20
Box: 65, 7, 5
Box: 32, 13, 35
Box: 7, 6, 24
Box: 5, 12, 162
Box: 177, 32, 54
Box: 90, 29, 23
Box: 177, 25, 4
Box: 26, 4, 3
Box: 8, 36, 15
Box: 136, 11, 200
Box: 177, 50, 8
Box: 35, 17, 31
Box: 79, 25, 16
Box: 177, 7, 48
Box: 81, 217, 31
Box: 5, 5, 63
Box: 33, 40, 8
Box: 35, 4, 42
Box: 31, 21, 200
Box: 4, 29, 22
Box: 62, 2, 18
Box: 15, 217, 13
Box: 76, 14, 22
Box: 77, 15, 94
Box: 13, 6, 3
Box: 33, 31, 47
Box: 49, 37, 85
Box: 39, 26, 14
Box: 5, 12, 138
Box: 172, 59, 200
Box: 10, 42, 68
Box: 13, 23, 2
Box: 177, 108, 8
Box: 13, 19, 173
Box: 69, 29, 200
Box: 17, 58, 200
Box: 62, 8, 200
Box: 22, 14, 17
Box: 62, 2, 6
Box: 177, 42, 11
Box: 14, 17, 101
Box: 41, 49, 102
Box: 67, 5, 82
Box: 50, 26, 36
Box: 27, 6, 122
Box: 177, 6, 200
Box: 27, 2, 200
Box: 177, 34, 30
Box: 14, 213, 200
Box: 3, 2, 4
Box: 63, 45, 11
Box: 2, 152, 12
Box: 45, 217, 14
Box: 8, 68, 200
Box: 3, 65, 4
Box: 36, 20, 4
Box: 13, 217, 54
Box: 8, 3, 4
Box: 81, 33, 18
Box: 28, 57, 4
Box: 16, 21, 69
Box: 23, 62, 54
Box: 177, 109, 67
Box: 6, 5, 5
Box: 72, 21, 28
Box: 5, 19, 8
Box: 72, 19, 23
Box: 12, 25, 17
Box: 43, 108, 2
Box: 35, 25, 17
Box: 34, 38, 50
Box: 12, 76, 200
Box: 14, 91, 200
Box: 4, 3, 6
Box: 75, 217, 35
Box: 20, 2, 30
Box: 3, 2, 14
Box: 164, 3, 45
Box: 25, 41, 10
Box: 90, 53, 69
Box: 30, 37, 200
Box: 18, 3, 53
Box: 57, 61, 2
Box: 35, 28, 112
Box: 24, 22, 6
Box: 72, 21, 2
Box: 5, 13, 4
Box: 2, 111, 7
Box: 3, 217, 12
Box: 33, 9, 17
Box: 26, 29, 135
Box: 73, 43, 2
Box: 177, 7, 25
Box: 39, 47, 4
Box: 9, 3, 75
Box: 177, 27, 179
Box: 4, 32, 14
Box: 55, 114, 69
Box: 45, 6, 81
Box: 177, 74, 200
Box: 21, 217, 41
Box: 177, 17, 8
Box: 32, 217, 74
Box: 129, 3, 5
Box: 177, 30, 200
Box: 3, 16, 15
Box: 46, 134, 11
Box: 12, 111, 7
Box: 21, 21, 30
Box: 5, 217, 17
Box: 19, 3, 8
Box: 60, 7, 22
Box: 54, 39, 200
Box: 163, 55, 118
Box: 16, 8, 9
Box: 4, 5, 8
Box: 10, 217, 10
Box: 6, 47, 67
Box: 29, 40, 71
Box: 9, 47, 3
Box: 9, 32, 36
Box: 165, 23, 16
Box: 177, 116, 2
Box: 4, 26, 34
Box: 134, 62, 200
Box: 75, 20, 17
Box: 16, 217, 17
Box: 3, 15, 36
Box: 9, 15, 8
Box: 158, 11, 17
Box: 76, 89, 102
Box: 52, 38, 80
Box: 31, 27, 8
Box: 123, 99, 4
Box: 70, 52, 3
Box: 57, 32, 4
Box: 7, 36, 32
Box: 8, 3, 2
Box: 21, 66, 14
Box: 13, 17, 117
Box: 23, 43, 32
Box: 15, 18, 2
Box: 13, 98, 200
Box: 86, 98, 93
Box: 41, 42, 131
Box: 70, 70, 200
Box: 177, 39, 86
Box: 22, 18, 6
Box: 177, 40, 122
Box: 19, 16, 2
Box: 19, 48, 14
Box: 177, 31, 200
Box: 9, 120, 2
Box: 177, 104, 200
Box: 177, 217, 10
Box: 35, 4, 28
Box: 11, 58, 10
Box: 126, 11, 7
Box: 19, 55, 17
Box: 8, 3, 4
Box: 177, 5, 200
Box: 72, 3, 9
Box: 10, 18, 2
Box: 54, 87, 200
Box: 37, 16, 23
Box: 86, 119, 93
Box: 52, 32, 30
Box: 123, 99, 46
Box: 17, 5, 10
Box: 16, 77, 14
Box: 12, 71, 69
Box: 4, 45, 32
Box: 15, 17, 61
Box: 10, 10, 7
Box: 177, 24, 200
Box: 43, 20, 200
Box: 27, 45, 79
Box: 41, 12, 20
Box: 100, 31, 53
Box: 12, 7, 26
Box: 118, 11, 131
Box: 177, 165, 13
Box: 76, 151, 98
Box: 5, 85, 10
Box: 23, 40, 45
Box: 4, 181, 200
Box: 3, 3, 3
Box: 10, 14, 2
Box: 35, 61, 10
Box: 48, 61, 32
Box: 20, 21, 53
Box: 24, 20, 20
Box: 13, 8, 9
Box: 2, 18, 54
Box: 11, 19, 8
Box: 48, 165, 8
Box: 6, 45, 13
Box: 8, 8, 29
Box: 32, 86, 13
Box: 13, 11, 8
Box: 8, 39, 14
Box: 34, 29, 35
Box: 45, 5, 5
Box: 7, 6, 26
Box: 62, 12, 16
Box: 5, 25, 10
Box: 14, 5, 5
Box: 8, 37, 60
Box: 5, 5, 16
Box: 4, 26, 34
Box: 3, 24, 9
Box: 71, 8, 69
Box: 32, 116, 15
Box: 49, 5, 82
Box: 22, 33, 31
Box: 9, 2, 47
Box: 36, 59, 47
Box: 7, 29, 6
Box: 50, 217, 36
Box: 62, 25, 10
Box: 119, 40, 6
Box: 6, 217, 30
Box: 65, 28, 176
Box: 18, 146, 13
Box: 15, 117, 54
Box: 32, 217, 64
Box: 3, 93, 7
Box: 79, 43, 46
Box: 177, 35, 15
Box: 22, 2, 200
Box: 20, 5, 30
Box: 47, 23, 5
Box: 131, 56, 2
Box: 14, 217, 31
Box: 5, 14, 162
Box: 177, 217, 10
Box: 141, 14, 117
Box: 131, 3, 200
Box: 8, 6, 2
Box: 5, 6, 64
Box: 20, 32, 74
Box: 15, 5, 12
Box: 19, 8, 29
Box: 17, 103, 67
Box: 20, 204, 20
Box: 24, 71, 84
Box: 9, 3, 200
Box: 10, 5, 14
Box: 35, 46, 28
Box: 57, 40, 200
Box: 39, 63, 5
Box: 3, 56, 200
Box: 29, 66, 54
Box: 23, 15, 200
Box: 2, 80, 6
Box: 39, 29, 16
Box: 62, 25, 77
Box: 6, 29, 22
Box: 76, 31, 29
Box: 19, 116, 17
Box: 11, 70, 38
Box: 8, 6, 46
Box: 4, 14, 4
Box: 21, 217, 38
Box: 177, 30, 30
Box: 9, 47, 35
Box: 177, 17, 2
Box: 39, 29, 8
Box: 12, 41, 32
Box: 5, 3, 87
Box: 28, 217, 46
Box: 3, 93, 76
Box: 13, 23, 119
Box: 34, 5, 200
Box: 45, 67, 200
Box: 177, 217, 47
Box: 39, 21, 7
Box: 8, 49, 3
Box: 80, 217, 78
Box: 9, 109, 5
Box: 57, 7, 38
Box: 42, 60, 36
Box: 50, 21, 23
Box: 8, 20, 10
Box: 14, 60, 23
Box: 23, 74, 23
Box: 90, 6, 23
Box: 27, 3, 6
Box: 148, 24, 42
Box: 25, 217, 31
Box: 20, 19, 8
Box: 2, 5, 30
Box: 20, 80, 44
Box: 12, 17, 24
Box: 39, 21, 14
Box: 26, 3, 34
Box: 78, 75, 48
Box: 20, 23, 200
Box: 44, 3, 13
Box: 6, 49, 4
Box: 43, 66, 34
Box: 45, 217, 20
Box: 12, 71, 34
Box: 5, 5, 22
Box: 177, 61, 8
Box: 88, 50, 81
Box: 4, 36, 79
Box: 88, 42, 72
Box: 21, 7, 38
Box: 5, 10, 26
Box: 27, 16, 48
Box: 62, 25, 6
Box: 177, 100, 31
Box: 177, 2, 20
Box: 177, 11, 200
Box: 15, 32, 3
Box: 9, 34, 69
Box: 90, 7, 23
Box: 83, 26, 200
Box: 177, 114, 200
Box: 27, 26, 200
Box: 105, 128, 200
Box: 21, 32, 82
Box: 177, 13, 112
Box: 8, 55, 28
Box: 28, 17, 200
Box: 2, 10, 17
Box: 94, 26, 32
Box: 16, 217, 26
Box: 2, 5, 64
Box: 43, 12, 200
Box: 164, 6, 35
Box: 44, 5, 44
Box: 2, 2, 2
Box: 70, 217, 13
Box: 5, 22, 22
Box: 45, 110, 54
Box: 2, 24, 12
Box: 63, 217, 200
Box: 3, 22, 6
Box: 16, 103, 40
Box: 9, 6, 14
Box: 11, 21, 3
Box: 39, 103, 23
Box: 13, 18, 5
Box: 177, 24, 200
Box: 177, 34, 138
Box: 51, 63, 200
Box: 11, 19, 17
Box: 24, 104, 156
Box: 5, 3, 17
Box: 9, 20, 25
Box: 14, 24, 41
Box: 14, 6, 53
Box: 19, 40, 16
Box: 50, 11, 33
Box: 177, 5, 200
Box: 2, 59, 3
Box: 177, 22, 61
Box: 42, 217, 17
Box: 32, 3, 13
Box: 28, 48, 22
Box: 47, 25, 64
Box: 5, 7, 7
Box: 158, 151, 167
Box: 64, 55, 28
Box: 98, 47, 31
Box: 15, 27, 34
Box: 19, 19, 34
Box: 23, 5, 64
Box: 15, 22, 109
Box: 6, 79, 2
Box: 8, 3, 5
Box: 96, 50, 30
Box: 177, 29, 200
Box: 64, 38, 50
Box: 61, 2, 6
Box: 31, 33, 200
Box: 11, 7, 3
Box: 177, 24, 23
Box: 39, 3, 6
Box: 19, 10, 54
Box: 78, 142, 48
Box: 2, 69, 15
Box: 25, 31, 74
Box: 25, 40, 45
Box: 2, 3, 9
Box: 177, 113, 73
Box: 5, 32, 14
Box: 24, 217, 133
Box: 14, 4, 13
Box: 11, 15, 158
Box: 17, 28, 176
Box: 66, 9, 10
Box: 8, 3, 40
Box: 8, 26, 5
Box: 110, 92, 17
Box: 3, 16, 2
Box: 4, 95, 117
Box: 11, 15, 2
Box: 9, 8, 7
Box: 70, 39, 43
Box: 7, 74, 23
Box: 177, 2, 41
Box: 15, 52, 16
Box: 4, 217, 17
Box: 13, 52, 3
Box: 8, 30, 53
Box: 10, 5, 34
Box: 2, 65, 4
Box: 47, 40, 75
Box: 12, 20, 3
Box: 21, 23, 47
Box: 79, 13, 92
Box: 24, 5, 13
Box: 12, 47, 2
Box: 11, 89, 40
Box: 49, 22, 16
Box: 5, 5, 21
Box: 44, 9, 200
Box: 14, 19, 34
Box: 6, 5, 36
Box: 12, 5, 14
Box: 4, 3, 2
Box: 13, 217, 28
Box: 17, 103, 6
Box: 32, 113, 11
Box: 52, 61, 68
Box: 12, 62, 11
Box: 26, 41, 33
Box: 24, 33, 45
Box: 7, 217, 8
Box: 2, 37, 12
Box: 2, 40, 19
Box: 72, 21, 45
Box: 29, 40, 91
Box: 177, 47, 23
Box: 126, 21, 34
Box: 177, 180, 200
Box: 33, 5, 44
Box: 8, 17, 18
Box: 29, 146, 13
Box: 14, 217, 15
Box: 18, 3, 25
Box: 45, 16, 81
Box: 40, 31, 36
Box: 72, 217, 26
Box: 177, 42, 9
Box: 2, 3, 29
Box: 7, 74, 138
Box: 10, 15, 38
Box: 10, 41, 5
Box: 44, 6, 31
Box: 124, 52, 17
Box: 8, 6, 59
Box: 44, 78, 15
Box: 20, 4, 42
Box: 20, 4, 34
Box: 49, 13, 200
Box: 8, 3, 25
Box: 20, 32, 48
Box: 52, 12, 200
Box: 2, 8, 7
Box: 43, 19, 28
Box: 19, 80, 15
Box: 19, 3, 12
Box: 45, 2, 200
Box: 19, 101, 17
Box: 12, 23, 5
Box: 13, 40, 5
Box: 4, 3, 11
Box: 177, 21, 5
Box: 39, 22, 10
Box: 5, 18, 27
Box: 43, 29, 4
Box: 43, 217, 4
Box: 28, 57, 7
Box: 13, 9, 6
Box: 19, 48, 74
Box: 5, 217, 31
Box: 14, 5, 10
Box: 97, 185, 16
Box: 177, 217, 99
Box: 136, 92, 200
Box: 5, 11, 32
Box: 72, 9, 200
Box: 24, 8, 2
Box: 89, 5, 12
Box: 26, 63, 2
Box: 24, 60, 11
Box: 90, 12, 5
Box: 158, 11, 41
Box: 2, 14, 26
Box: 23, 110, 54
Box: 2, 51, 26
Box: 5, 38, 25
Box: 33, 17, 92
Box: 177, 26, 28
Box: 11, 91, 8
Box: 12, 49, 4
Box: 28, 38, 200
Box: 61, 5, 22
Box: 26, 6, 119
Box: 177, 100, 32
Box: 10, 45, 30
Box: 23, 15, 32
Box: 7, 217, 200
Box: 141, 38, 117
Box: 8, 21, 10
Box: 118, 143, 125
Box: 20, 3, 70
Box: 69, 29, 36
Box: 36, 17, 27
Box: 4, 18, 2
Box: 70, 65, 200
Box: 96, 45, 16
Box: 15, 13, 40
Box: 11, 9, 200
Box: 3, 36, 200
Box: 7, 29, 6
Box: 17, 13, 42
Box: 2, 21, 12
Box: 70, 217, 23
Box: 64, 17, 13
Box: 4, 3, 9
Box: 18, 185, 16
Box: 34, 18, 35
Box: 7, 4, 14
Box: 23, 7, 25
Box: 14, 67, 200
Box: 9, 20, 31
Box: 50, 4, 30
Box: 49, 12, 16
Box: 24, 7, 3
Box: 52, 32, 6
Box: 57, 60, 25
Box: 32, 42, 51
Box: 177, 52, 13
Box: 24, 8, 12
Box: 3, 3, 23
Box: 109, 5, 2
Box: 62, 25, 10
Box: 8, 139, 5
Box: 10, 3, 138
Box: 26, 7, 26
Box: 22, 2, 2
Box: 106, 52, 18
Box: 9, 51, 54
Box: 38, 47, 67
Box: 27, 55, 87
Box: 12, 217, 17
Box: 14, 4, 5
Box: 10, 13, 3
Box: 49, 39, 16
Box: 177, 217, 31
Box: 43, 66, 35
Box: 30, 49, 32
Box: 15, 217, 12
Box: 106, 64, 18
Box: 17, 217, 57
Box: 177, 86, 75
Box: 129, 46, 10
Box: 31, 45, 32
Box: 5, 10, 6
Box: 177, 94, 26
Box: 5, 13, 31
Box: 177, 7, 70
Box: 177, 19, 31
Box: 5, 37, 71
Box: 177, 29, 2
Box: 8, 14, 44
Box: 63, 5, 34
Box: 5, 62, 130
Box: 74, 47, 67
Box: 177, 40, 200
Box: 16, 19, 3
Box: 82, 22, 200
Box: 19, 22, 54
Box: 177, 110, 10
Box: 3, 6, 200
Box: 10, 47, 31
Box: 177, 32, 15
Box: 8, 5, 10
Box: 177, 217, 30
Box: 79, 15, 3
Box: 177, 29, 15
Box: 23, 18, 2
Box: 5, 10, 130
Box: 17, 12, 13
Box: 5, 217, 17
Box: 177, 76, 17
Box: 5, 217, 70
Box: 27, 217, 12
Box: 24, 18, 121
Box: 5, 25, 45
Box: 57, 23, 4
Box: 7, 13, 127
Box: 99, 5, 55
Box: 10, 21, 34
Box: 85, 217, 200
Box: 55, 32, 3
Box: 4, 217, 51
Box: 109, 217, 83
Box: 3, 40, 45
Box: 64, 17, 4
Box: 46, 56, 72
Box: 5, 42, 200
Box: 45, 12, 5
Box: 177, 2, 2
Box: 5, 32, 3
Box: 5, 16, 45
Box: 11, 15, 40
Box: 17, 8, 200
Box: 24, 217, 48
Box: 16, 21, 11
Box: 79, 174, 200
Box: 14, 63, 200
Box: 177, 3, 24
Box: 23, 27, 8
Box: 177, 33, 20
Box: 39, 10, 38
Box: 112, 35, 102
Box: 16, 114, 40
Box: 61, 24, 200
Box: 33, 42, 51
Box: 24, 3, 20
Box: 2, 5, 64
Box: 177, 6, 97
Box: 5, 12, 7
Box: 177, 32, 13
Box: 64, 5, 3
Box: 177, 199, 200
Box: 15, 15, 47
Box: 177, 7, 25
Box: 35, 66, 37
Box: 177, 13, 200
Box: 32, 10, 38
Box: 34, 115, 5
Box: 177, 66, 49
Box: 22, 45, 53
Box: 177, 25, 200
Box: 76, 8, 12
Box: 5, 32, 7
Box: 38, 25, 36
Box: 36, 5, 6
Box: 18, 29, 22
Box: 8, 77, 51
Box: 49, 22, 10
Box: 2, 4, 2
Box: 10, 2, 138
Box: 24, 17, 200
Box: 37, 27, 34
Box: 9, 34, 33
Box: 12, 7, 26
Box: 105, 2, 26
Box: 66, 7, 11
Box: 105, 25, 200
Box: 37, 8, 31
Box: 2, 8, 7
Box: 43, 29, 71
Box: 2, 4, 11
Box: 6, 48, 8
Box: 19, 51, 48
Box: 177, 62, 200
Box: 70, 20, 200
Box: 26, 29, 200
Box: 177, 48, 123
Box: 84, 217, 36
Box: 23, 217, 68
Box: 8, 37, 36
Box: 9, 8, 7
Box: 13, 50, 40
Box: 3, 5, 3
Box: 27, 9, 25
Box: 29, 78, 38
Box: 34, 27, 8
Box: 64, 17, 18
Box: 4, 38, 62
Box: 27, 18, 200
Box: 122, 16, 8
Box: 64, 17, 19
Box: 49, 80, 44
Box: 35, 4, 200
Box: 18, 5, 8
Box: 126, 11, 11
Box: 177, 4, 26
Box: 152, 60, 115
Box: 29, 14, 17
Box: 8, 6, 6
Box: 45, 22, 10
Box: 16, 10, 200
Box: 23, 29, 9
Box: 11, 73, 6
Box: 22, 48, 7
Box: 26, 40, 51
Box: 11, 12, 16
Box: 5, 53, 22
Box: 24, 8, 6
Box: 7, 56, 127
Box: 90, 141, 2
Box: 112, 2, 5
Box: 33, 40, 40
Box: 19, 6, 2
Box: 76, 50, 105
Box: 69, 10, 200
Box: 118, 143, 19
Box: 36, 160, 41
Box: 23, 38, 14
Box: 177, 217, 6
Box: 37, 217, 30
Box: 41, 13, 6
Box: 72, 2, 9
Box: 34, 85, 5
Box: 177, 8, 4
Box: 177, 15, 4
Box: 15, 48, 27
Box: 52, 38, 26
Box: 96, 45, 51
Box: 17, 3, 8
Box: 4, 134, 66
Box: 41, 24, 200
Box: 36, 3, 45
Box: 10, 47, 138
Box: 10, 7, 56
Box: 33, 61, 200
Box: 5, 32, 6
Box: 27, 217, 31
Box: 15, 64, 109
Box: 66, 9, 10
Box: 20, 39, 42
Box: 96, 95, 200
Box: 76, 2, 12
Box: 4, 4, 47
Box: 12, 217, 16
Box: 4, 217, 40
Box: 18, 5, 38
Box: 9, 17, 61
Box: 43, 90, 17
Box: 177, 42, 45
Box: 45, 19, 14
Box: 27, 32, 12
Box: 9, 33, 47
Box: 177, 217, 23
Box: 11, 73, 200
Box: 14, 217, 11
Box: 9, 185, 16
Box: 45, 26, 3
Box: 32, 8, 29
Box: 11, 17, 28
Box: 106, 19, 18
Box: 39, 15, 20
Box: 17, 103, 73
Box: 118, 143, 56
Box: 177, 45, 17
Box: 177, 25, 24
Box: 177, 36, 93
Box: 53, 52, 116
Box: 13, 22, 200
Box: 11, 19, 17
Box: 40, 46, 7
Box: 10, 147, 54
Box: 31, 4, 200
Box: 10, 6, 2
Box: 67, 40, 200
Box: 177, 11, 13
Box: 177, 61, 21
Box: 99, 217, 43
Box: 144, 6, 15
Box: 39, 14, 26
Box: 177, 82, 3
Box: 72, 19, 52
Box: 19, 34, 10
Box: 6, 5, 2
Box: 158, 11, 7
Box: 15, 52, 35
Box: 3, 2, 8
Box: 22, 23, 58
Box: 12, 47, 113
Box: 177, 217, 31
Box: 6, 5, 10
Box: 21, 76, 200
Box: 7, 6, 9
Box: 2, 22, 3
Box: 54, 72, 11
Box: 8, 6, 8
Box: 16, 60, 6
Box: 7, 40, 12
Box: 9, 29, 22
Box: 10, 41, 3
Box: 43, 16, 200
Box: 43, 66, 25
Box: 7, 40, 24
Box: 14, 48, 99
Box: 65, 16, 200
Box: 177, 21, 41
Box: 3, 4, 18
Box: 177, 217, 5
Box: 19, 154, 8
Box: 177, 57, 51
Box: 4, 45, 168
Box: 2, 40, 10
Box: 177, 48, 55
Box: 4, 41, 17
Box: 4, 72, 6
Box: 9, 98, 30
Box: 9, 68, 2
Box: 15, 19, 23
Box: 106, 217, 46
Box: 3, 11, 16
Box: 12, 23, 58
Box: 47, 40, 67
Box: 4, 217, 200
Box: 72, 4, 9
Box: 20, 7, 200
Box: 2, 45, 52
Box: 13, 41, 20
Box: 177, 165, 200
Box: 115, 217, 8
Box: 23, 47, 67
Box: 110, 6, 122
Box: 7, 5, 10
Box: 18, 58, 49
Box: 63, 45, 11
Box: 15, 217, 26
Box: 41, 217, 200
Box: 3, 13, 5
Box: 59, 217, 6
Box: 177, 59, 30
Box: 13, 9, 9
Box: 66, 80, 200
Box: 19, 217, 24
Box: 130, 4, 156
Box: 11, 17, 200
Box: 12, 36, 200
Box: 177, 3, 45
Box: 12, 62, 9
Box: 14, 20, 41
Box: 5, 7, 21
Box: 20, 217, 15
Box: 12, 18, 200
Box: 34, 38, 21
Box: 177, 113, 10
Box: 13, 41, 22
Box: 111, 217, 52
Box: 66, 47, 25
Box: 6, 45, 9
Box: 5, 105, 200
Box: 4, 7, 56
Box: 39, 17, 20
Box: 2, 2, 4
Box: 10, 13, 68
Box: 50, 11, 10
Box: 23, 7, 3
Box: 40, 28, 176
Box: 43, 90, 20
Box: 43, 24, 54
Box: 9, 217, 78
Box: 34, 93, 13
Box: 140, 52, 22
Box: 33, 40, 37
Box: 61, 16, 3
Box: 177, 7, 8
Box: 177, 29, 39
Box: 33, 24, 150
Box: 7, 34, 3
Box: 3, 23, 31
Box: 14, 5, 4
Box: 14, 21, 5
Box: 8, 70, 53
Box: 177, 185, 2
Box: 6, 6, 53
Box: 177, 14, 13
Box: 35, 3, 25
Box: 20, 217, 58
Box: 76, 11, 12
Box: 3, 45, 26
Box: 76, 31, 74
Box: 3, 12, 18
Box: 49, 13, 54
Box: 19, 217, 56
Box: 10, 74, 138
Box: 37, 7, 56
Box: 7, 16, 2
Box: 177, 32, 49
Box: 137, 14, 20
Box: 2, 217, 83
Box: 32, 68, 13
Box: 13, 45, 30
Box: 4, 28, 176
Box: 2, 61, 10
Box: 61, 66, 6
Box: 7, 217, 200
Box: 24, 48, 67
Box: 36, 217, 18
Box: 131, 39, 8
Box: 11, 62, 8
Box: 18, 38, 25
Box: 26, 6, 16
Box: 16, 77, 71
Box: 25, 217, 2
Box: 4, 66, 16
Box: 24, 8, 5
Box: 44, 16, 200
Box: 5, 5, 25
Box: 76, 121, 12
Box: 41, 34, 10
Box: 12, 47, 2
Box: 7, 40, 86
Box: 4, 23, 5
Box: 10, 5, 29
Box: 33, 12, 4
Box: 39, 42, 182
Box: 17, 91, 200
Box: 61, 66, 19
Box: 39, 20, 61
Box: 3, 217, 83
Box: 5, 5, 87
Box: 3, 22, 3
Box: 9, 17, 200
Box: 33, 8, 44
Box: 23, 70, 9
Box: 61, 24, 6
Box: 33, 103, 200
Box: 109, 26, 4
Box: 39, 71, 200
Box: 12, 38, 200
Box: 131, 3, 61
Box: 40, 61, 30
Box: 6, 2, 79
Box: 9, 146, 13
Box: 5, 39, 200
Box: 52, 5, 30
Box: 7, 90, 5
Box: 23, 25, 36
Box: 8, 3, 22
Box: 109, 26, 10
Box: 131, 89, 29
Box: 5, 6, 45
Box: 47, 40, 51
Box: 177, 214, 200
Box: 177, 84, 82
Box: 5, 47, 162
Box: 177, 32, 20
Box: 177, 30, 200
Box: 27, 90, 200
Box: 57, 60, 38
Box: 24, 28, 45
Box: 12, 217, 200
Box: 4, 134, 19
Box: 4, 72, 69
Box: 40, 28, 36
Box: 6, 26, 32
Box: 72, 21, 15
Box: 9, 33, 31
Box: 33, 78, 200
Box: 117, 2, 4
Box: 83, 59, 72
Box: 51, 58, 2
Box: 9, 108, 5
Box: 164, 6, 74
Box: 43, 90, 37
Box: 2, 217, 3
Box: 131, 89, 114
Box: 177, 7, 3
Box: 47, 49, 32
Box: 31, 3, 3
Box: 21, 5, 20
Box: 2, 69, 69
Box: 10, 7, 2
Box: 135, 5, 16
Box: 3, 29, 200
Box: 13, 32, 14
Box: 20, 2, 70
Box: 13, 61, 200
Box: 7, 38, 62
Box: 177, 18, 31
Box: 15, 5, 40
Box: 57, 34, 23
Box: 51, 93, 81
Box: 79, 25, 3
Box: 14, 2, 2
Box: 115, 36, 29
Box: 19, 46, 16
Box: 45, 49, 20
Box: 12, 21, 81
Box: 177, 19, 97
Box: 130, 26, 14
Box: 39, 47, 6
Box: 177, 10, 99
Box: 20, 4, 18
Box: 35, 41, 17
Box: 61, 5, 114
Box: 15, 34, 109
Box: 3, 63, 2
Box: 7, 55, 17
Box: 20, 24, 53
Box: 17, 4, 13
Box: 177, 20, 26
Box: 60, 7, 33
Box: 72, 19, 5
Box: 4, 9, 23
Box: 48, 69, 25
Box: 15, 52, 7
Box: 74, 25, 64
Box: 67, 28, 200
Box: 23, 14, 90
Box: 61, 36, 3
Box: 4, 36, 12
Box: 177, 7, 51
Box: 7, 5, 14
Box: 177, 4, 29
Box: 21, 46, 16
Box: 177, 32, 35
Box: 69, 29, 11
Box: 113, 5, 3
Box: 177, 49, 15
Box: 2, 134, 200
Box: 8, 6, 13
Box: 90, 17, 2
Box: 3, 6, 13
Box: 6, 9, 14
Box: 34, 111, 26
Box: 36, 3, 3
Box: 6, 13, 17
Box: 8, 21, 3
Box: 8, 24, 51
Box: 9, 217, 35
Box: 177, 217, 65
Box: 49, 26, 10
Box: 13, 61, 10
Box: 19, 2, 14
Box: 177, 44, 62
Box: 13, 41, 13
Box: 126, 46, 81
Box: 10, 61, 28
Box: 75, 217, 48
Box: 66, 80, 3
Box: 24, 60, 2
Box: 54, 5, 6
Box: 21, 2, 30
Box: 27, 79, 25
Box: 124, 52, 25
Box: 177, 80, 200
Box: 177, 50, 7
Box: 177, 59, 19
Box: 69, 93, 200
Box: 3, 33, 4
Box: 123, 51, 200
Box: 41, 175, 131
Box: 11, 5, 80
Box: 177, 34, 52
Box: 22, 14, 6
Box: 177, 29, 26
Box: 177, 31, 99
Box: 10, 17, 2
Box: 177, 32, 35
Box: 7, 35, 63
Box: 5, 5, 64
Box: 19, 217, 30
Box: 34, 217, 4
Box: 12, 28, 200
Box: 7, 19, 6
Box: 20, 217, 17
Box: 52, 18, 30
Box: 23, 29, 107
Box: 50, 14, 9
Box: 7, 17, 31
Box: 6, 43, 8
Box: 12, 78, 3
Box: 85, 6, 53
Box: 45, 14, 81
Box: 9, 56, 72
Box: 10, 46, 16
Box: 40, 183, 104
Box: 26, 62, 200
Box: 177, 81, 8
Box: 50, 14, 3
Box: 177, 4, 200
Box: 45, 7, 81
Box: 177, 167, 175
Box: 12, 15, 200
Box: 26, 15, 34
Box: 14, 48, 82
Box: 11, 74, 23
Box: 177, 61, 172
Box: 4, 3, 14
Box: 2, 55, 12
Box: 32, 8, 92
Box: 13, 6, 107
Box: 11, 36, 35
Box: 26, 3, 22
Box: 24, 37, 45
Box: 10, 11, 68
Box: 40, 46, 2
Box: 2, 80, 44
Box: 22, 2, 14
Box: 19, 37, 41
Box: 8, 59, 19
Box: 113, 46, 8
Box: 7, 34, 3
Box: 69, 29, 56
Box: 47, 17, 31
Box: 13, 15, 119
Box: 12, 75, 200
Box: 5, 21, 3
Box: 106, 217, 28
Box: 2, 4, 25
Box: 52, 8, 68
Box: 7, 217, 46
Box: 5, 17, 139
Box: 39, 22, 17
Box: 24, 20, 46
Box: 4, 217, 51
Box: 13, 3, 200
Box: 37, 5, 79
Box: 5, 111, 22
Box: 3, 15, 200
Box: 7, 19, 35
Box: 39, 103, 113
Box: 13, 67, 38
Box: 19, 58, 48
Box: 61, 60, 200
Box: 6, 3, 2
Box: 177, 217, 67
Box: 177, 16, 55
Box: 131, 80, 5
Box: 38, 32, 50
Box: 177, 15, 4
Box: 10, 5, 5
Box: 177, 39, 10
Box: 39, 9, 14
Box: 8, 134, 200
Box: 5, 32, 29
Box: 8, 7, 5
Box: 30, 4, 50
Box: 4, 23, 23
Box: 14, 7, 13
Box: 177, 28, 34
Box: 177, 217, 74
Box: 10, 50, 81
Box: 42, 13, 138
Box: 12, 117, 54
Box: 60, 32, 19
Box: 6, 13, 22
Box: 5, 67, 162
Box: 36, 10, 23
Box: 13, 41, 24
Box: 32, 21, 3
Box: 177, 217, 24
Box: 177, 112, 14
Box: 49, 22, 104
Box: 49, 17, 27
Box: 2, 14, 20
Box: 110, 22, 19
Box: 35, 7, 200
Box: 9, 39, 25
Box: 124, 52, 66
Box: 70, 12, 4
Box: 2, 35, 15
Box: 73, 7, 19
Box: 12, 17, 78
Box: 32, 26, 3
Box: 87, 217, 200
Box: 112, 21, 81
Box: 138, 34, 8
Box: 30, 135, 54
Box: 3, 80, 6
Box: 72, 60, 21
Box: 12, 2, 200
Box: 28, 217, 35
Box: 8, 6, 13
Box: 26, 58, 3
Box: 177, 61, 54
Box: 10, 217, 25
Box: 4, 32, 23
Box: 177, 29, 44
Box: 8, 217, 83
Box: 6, 38, 8
Box: 15, 20, 4
Box: 12, 2, 2
Box: 9, 217, 99
Box: 49, 43, 54
Box: 12, 12, 3
Box: 4, 99, 3
Box: 102, 5, 80
Box: 123, 99, 51
Box: 20, 10, 27
Box: 6, 45, 79
Box: 2, 3, 9
Box: 31, 32, 2
Box: 3, 217, 36
Box: 24, 2, 8
Box: 6, 58, 7
Box: 10, 10, 138
Box: 3, 34, 33
Box: 126, 146, 2
Box: 60, 3, 2
Box: 51, 19, 73
Box: 49, 8, 5
Box: 33, 5, 47
Box: 31, 32, 12
Box: 3, 217, 200
Box: 177, 9, 24
Box: 35, 6, 97
Box: 3, 217, 117
Box: 39, 25, 14
Box: 8, 6, 59
Box: 177, 7, 8
Box: 123, 99, 58
Box: 8, 3, 7
Box: 11, 126, 8
Box: 20, 10, 200
Box: 3, 5, 12
Box: 33, 40, 19
Box: 70, 3, 10
Box: 11, 69, 69
Box: 16, 217, 26
Box: 15, 26, 54
Box: 52, 10, 200
Box: 12, 78, 3
Box: 39, 21, 16
Box: 177, 14, 6
Box: 126, 29, 6
Box: 2, 20, 7
Box: 45, 61, 200
Box: 7, 19, 8
Box: 13, 76, 3
Box: 9, 5, 15
Box: 19, 217, 46
Box: 10, 31, 13
Box: 81, 4, 18
Box: 37, 16, 2
Box: 15, 7, 26
Box: 3, 5, 25
Box: 30, 5, 8
Box: 3, 18, 6
Box: 68, 217, 200
Box: 39, 6, 61
Box: 61, 66, 2
Box: 3, 48, 18
Box: 12, 217, 200
Box: 15, 4, 47
Box: 7, 57, 13
Box: 19, 217, 200
Box: 177, 13, 62
Box: 39, 63, 4
Box: 25, 67, 38
Box: 141, 12, 117
Box: 61, 32, 6
Box: 19, 11, 15
Box: 3, 66, 200
Box: 8, 26, 200
Box: 20, 4, 30
Box: 33, 10, 44
Box: 9, 30, 25
Box: 27, 217, 76
Box: 79, 7, 3
Box: 16, 5, 10
Box: 2, 14, 13
Box: 17, 29, 5
Box: 16, 27, 69
Box: 28, 217, 200
Box: 90, 31, 2
Box: 177, 32, 15
Box: 7, 110, 54
Box: 8, 217, 200
Box: 22, 5, 22
Box: 177, 90, 200
Box: 141, 18, 14
Box: 76, 11, 43
Box: 102, 60, 36
Box: 36, 57, 41
Box: 10, 41, 5
Box: 54, 21, 200
Box: 16, 9, 17
Box: 17, 34, 38
Box: 19, 12, 15
Box: 105, 2, 26
Box: 12, 2, 3
Box: 129, 23, 10
Box: 24, 131, 200
Box: 5, 26, 81
Box: 4, 110, 117
Box: 53, 217, 200
Box: 177, 22, 39
Box: 3, 24, 7
Box: 43, 29, 48
Box: 4, 74, 23
Box: 7, 3, 5
Box: 60, 3, 55
Box: 177, 32, 95
Box: 126, 8, 68
Box: 9, 5, 4
Box: 164, 4, 39
Box: 17, 2, 200
Box: 76, 18, 102
Box: 11, 217, 3
Box: 10, 91, 200
Box: 19, 217, 40
Box: 25, 18, 54
Box: 61, 48, 3
Box: 111, 185, 54
Box: 177, 59, 12
Box: 154, 14, 39
Box: 43, 6, 23
Box: 51, 28, 176
Box: 114, 217, 200
Box: 72, 23, 31
Box: 40, 36, 36
Box: 171, 6, 8
Box: 177, 217, 25
Box: 36, 3, 18
Box: 177, 4, 15
Box: 12, 5, 2
Box: 9, 38, 7
Box: 23, 2, 32
Box: 16, 217, 25
Box: 177, 38, 21
Box: 77, 217, 41
Box: 24, 9, 11
Box: 19, 4, 15
Box: 75, 74, 138
Box: 158, 11, 44
Box: 9, 21, 3
Box: 16, 27, 69
Box: 177, 151, 14
Box: 9, 5, 28
Box: 37, 52, 22
Box: 14, 33, 31
Box: 50, 49, 38
Box: 11, 23, 44
Box: 33, 65, 67
Box: 177, 12, 200
Box: 23, 6, 46
Box: 4, 36, 200
Box: 5, 3, 35
Box: 41, 3, 69
Box: 13, 40, 200
Box: 10, 3, 68
Box: 67, 41, 10
Box: 47, 10, 200
Box: 25, 59, 55
Box: 18, 25, 17
Box: 53, 63, 200
Box: 35, 217, 19
Box: 12, 21, 200
Box: 177, 4, 92
Box: 177, 34, 15
Box: 133, 50, 39
Box: 24, 11, 41
Box: 2, 5, 7
Box: 33, 12, 3
Box: 30, 2, 103
Box: 15, 18, 40
Box: 31, 21, 200
Box: 41, 29, 19
Box: 17, 6, 200
Box: 177, 7, 6
Box: 35, 28, 20
Box: 14, 2, 32
Box: 2, 23, 19
Box: 70, 4, 10
Box: 2, 2, 3
Box: 5, 217, 88
Box: 10, 3, 2
Box: 35, 29, 135
Box: 72, 10, 9
Box: 10, 17, 14
Box: 102, 217, 54
Box: 13, 9, 3
Box: 30, 4, 150
Box: 21, 7, 4
Box: 7, 63, 2
Box: 23, 54, 78
Box: 20, 5, 5
Box: 29, 32, 82
Box: 74, 4, 32
Box: 83, 38, 2
Box: 76, 51, 36
Box: 9, 217, 71
Box: 4, 32, 7
Box: 177, 49, 23
Box: 84, 2, 54
Box: 88, 42, 5
Box: 17, 40, 6
Box: 177, 39, 82
Box: 88, 42, 5
Box: 17, 29, 22
Box: 63, 217, 200
Box: 60, 7, 5
Box: 6, 36, 12
Box: 177, 49, 54
Box: 11, 134, 200
Box: 26, 58, 8
Box: 52, 38, 22
Box: 177, 15, 37
Box: 50, 11, 2
Box: 19, 24, 2
Box: 177, 5, 4
Box: 49, 20, 54
Box: 24, 8, 6
Box: 24, 13, 5
Box: 27, 217, 4
Box: 11, 17, 5
Box: 53, 52, 13
Box: 10, 10, 61
Box: 5, 13, 41
Box: 43, 83, 200
Box: 44, 71, 15
Box: 14, 19, 54
Box: 5, 13, 17
Box: 69, 66, 200
Box: 61, 82, 3
Box: 11, 62, 10
Box: 58, 5, 12
Box: 19, 49, 4
Box: 3, 19, 8
Box: 177, 24, 177
Box: 64, 19, 3
Box: 43, 217, 12
Box: 25, 6, 88
Box: 177, 46, 200
Box: 46, 39, 8
Box: 177, 57, 28
Box: 5, 217, 38
Box: 48, 6, 57
Box: 177, 107, 10
Box: 10, 14, 28
Box: 53, 217, 64
Box: 31, 18, 200
Box: 6, 49, 4
Box: 14, 17, 11
Box: 11, 8, 32
Box: 177, 22, 26
Box: 35, 4, 16
Box: 27, 61, 200
Box: 4, 21, 30
Box: 2, 3, 200
Box: 4, 59, 11
Box: 48, 51, 25
Box: 8, 7, 53
Box: 177, 14, 5
Box: 177, 99, 36
Box: 33, 14, 90
Box: 31, 217, 11
Box: 2, 25, 17
Box: 27, 16, 41
Box: 177, 30, 26
Box: 9, 4, 30
Box: 110, 42, 7
Box: 11, 31, 53
Box: 158, 11, 13
Box: 20, 84, 25
Box: 23, 17, 46
Box: 44, 3, 13
Box: 177, 32, 7
Box: 13, 63, 2
Box: 41, 212, 15
Box: 31, 32, 46
Box: 177, 113, 54
Box: 20, 48, 27
Box: 7, 19, 11
Box: 23, 108, 200
Box: 8, 8, 3
Box: 39, 3, 27
Box: 49, 27, 16
Box: 177, 4, 4
Box: 54, 5, 29
Box: 5, 74, 23
Box: 3, 26, 7
Box: 3, 49, 28
Box: 4, 32, 7
Box: 177, 30, 20
Box: 177, 217, 54
Box: 27, 20, 56
Box: 177, 61, 2
Box: 71, 69, 69
Box: 5, 2, 21
Box: 10, 14, 4
Box: 20, 32, 32
Box: 20, 4, 13
Box: 6, 12, 2
Box: 31, 32, 8
Box: 177, 71, 99
Box: 29, 34, 10
Box: 43, 20, 25
Box: 52, 5, 14
Box: 163, 68, 118
Box: 62, 12, 115
Box: 2, 19, 8
Box: 5, 39, 8
Box: 9, 29, 22
Box: 177, 63, 49
Box: 15, 7, 40
Box: 68, 20, 4
Box: 83, 36, 32
Box: 5, 217, 83
Box: 2, 36, 200
Box: 24, 217, 200
Box: 3, 5, 5
Box: 76, 51, 42
Box: 3, 11, 18
Box: 9, 3, 200
Box: 98, 41, 33
Box: 3, 8, 18
Box: 79, 50, 3
Box: 17, 38, 25
Box: 177, 35, 200
Box: 13, 6, 65
Box: 177, 217, 53
Box: 79, 25, 16
Box: 43, 113, 59
Box: 51, 29, 22
Box: 131, 47, 192
Box: 13, 2, 5
Box: 52, 19, 34
Box: 35, 4, 46
Box: 20, 21, 27
Box: 177, 43, 102
Box: 10, 14, 200
Box: 177, 74, 99
Box: 177, 64, 8
Box: 2, 2, 3
Box: 177, 217, 8
Box: 6, 24, 36
Box: 75, 8, 29
Box: 3, 11, 13
Box: 31, 18, 40
Box: 27, 26, 14
Box: 8, 6, 59
Box: 21, 8, 29
Box: 2, 4, 7
Box: 26, 2, 16
Box: 17, 103, 24
Box: 13, 41, 119
Box: 22, 217, 108
Box: 88, 13, 14
Box: 3, 42, 7
Box: 177, 217, 27
Box: 23, 2, 4
Box: 24, 11, 2
Box: 9, 47, 10
Box: 2, 48, 8
Box: 4, 12, 117
Box: 10, 12, 138
Box: 17, 49, 4
Box: 4, 20, 200
Box: 12, 91, 12
Box: 61, 25, 77
Box: 26, 41, 16
Box: 9, 43, 20
Box: 103, 26, 3
Box: 16, 30, 9
Box: 41, 217, 92
Box: 15, 10, 47
Box: 124, 52, 27
Box: 6, 13, 3
Box: 2, 26, 7
Box: 23, 7, 6
Box: 21, 7, 3
Box: 4, 217, 78
Box: 8, 5, 12
Box: 20, 3, 54
Box: 11, 7, 3
Box: 51, 146, 8
Box: 177, 32, 35
Box: 27, 11, 25
Box: 2, 49, 102
Box: 5, 217, 38
Box: 158, 3, 41
Box: 4, 217, 30
Box: 11, 14, 16
Box: 54, 32, 74
Box: 5, 107, 10
Box: 15, 217, 187
Box: 5, 26, 22
Box: 49, 114, 200
Box: 41, 217, 2
Box: 41, 60, 20
Box: 25, 22, 57
Box: 34, 3, 5
Box: 2, 5, 52
Box: 39, 21, 3
Box: 9, 5, 50
Box: 62, 12, 4
Box: 5, 217, 162
Box: 27, 5, 143
Box: 37, 32, 6
Box: 36, 217, 200
Box: 37, 23, 5
Box: 19, 217, 200
Box: 17, 7, 13
Box: 5, 2, 200
Box: 22, 3, 2
Box: 23, 70, 3
Box: 177, 16, 138
Box: 15, 217, 117
Box: 36, 3, 53
Box: 16, 13, 17
Box: 20, 4, 80
Box: 16, 49, 32
Box: 90, 4, 23
Box: 11, 19, 20
Box: 121, 217, 21
Box: 84, 7, 54
Box: 39, 82, 94
Box: 5, 3, 25
Box: 14, 48, 77
Box: 12, 78, 5
Box: 19, 128, 41
Box: 177, 29, 74
Box: 21, 50, 40
Box: 44, 20, 200
Box: 23, 38, 200
Box: 30, 15, 200
Box: 15, 4, 19
Box: 17, 9, 38
Box: 5, 80, 44
Box: 59, 40, 45
Box: 177, 217, 12
Box: 12, 16, 36
Box: 177, 5, 179
Box: 24, 9, 25
Box: 177, 157, 115
Box: 127, 70, 38
Box: 19, 14, 15
Box: 9, 15, 36
Box: 177, 217, 50
Box: 177, 10, 13
Box: 12, 217, 200
Box: 162, 217, 26
Box: 18, 8, 200
Box: 72, 19, 3
Box: 6, 65, 4
Box: 164, 6, 10
Box: 18, 3, 33
Box: 35, 12, 30
Box: 17, 25, 153
Box: 3, 36, 200
Box: 11, 4, 200
Box: 52, 42, 68
Box: 8, 3, 4
Box: 3, 32, 18
Box: 27, 106, 6
Box: 35, 217, 181
Box: 17, 18, 4
Box: 20, 32, 6
Box: 177, 49, 99
Box: 2, 34, 6
Box: 18, 58, 49
Box: 2, 2, 23
Box: 5, 29, 135
Box: 12, 42, 7
Box: 26, 12, 4
Box: 5, 217, 2
Box: 4, 145, 200
Box: 45, 12, 4
Box: 35, 38, 62
Box: 177, 48, 75
Box: 6, 29, 2
Box: 25, 3, 136
Box: 8, 6, 4
Box: 79, 25, 28
Box: 2, 9, 12
Box: 2, 2, 4
Box: 61, 66, 3
Box: 15, 45, 109
Box: 6, 8, 200
Box: 177, 64, 122
Box: 24, 50, 47
Box: 29, 50, 42
Box: 11, 5, 82
Box: 14, 17, 2
Box: 43, 11, 25
Box: 34, 2, 58
Box: 177, 59, 16
Box: 53, 2, 32
Box: 5, 37, 7
Box: 9, 8, 3
Box: 10, 2, 68
Box: 70, 32, 200
Box: 141, 18, 4
Box: 31, 139, 200
Box: 22, 101, 2
Box: 41, 3, 127
Box: 44, 3, 200
Box: 47, 54, 200
Box: 105, 5, 26
Box: 177, 217, 43
Box: 37, 134, 200
Box: 11, 3, 17
Box: 55, 16, 8
Box: 39, 41, 200
Box: 9, 18, 25
Box: 31, 51, 26
Box: 27, 70, 200
Box: 5, 8, 64
Box: 17, 26, 75
Box: 41, 4, 69
Box: 2, 39, 14
Box: 177, 15, 200
Box: 177, 19, 7
Box: 47, 25, 3
Box: 52, 23, 31
Box: 32, 57, 35
Box: 67, 217, 15
Box: 177, 52, 99
Box: 131, 89, 29
Box: 38, 34, 33
Box: 12, 37, 95
Box: 9, 7, 20
Box: 4, 3, 2
Box: 18, 32, 6
Box: 129, 15, 10
Box: 25, 25, 15
Box: 177, 2, 59
Box: 3, 36, 17
Box: 105, 3, 26
Box: 177, 5, 3
Box: 11, 2, 16
Box: 34, 12, 5
Box: 39, 4, 67
Box: 8, 217, 51
Box: 22, 26, 7
Box: 14, 45, 41
Box: 35, 106, 28
Box: 27, 32, 6
Box: 27, 20, 31
Box: 11, 17, 17
Box: 4, 92, 17
Box: 14, 217, 118
Box: 47, 49, 3
Box: 42, 50, 40
Box: 45, 59, 55
Box: 48, 61, 168
Box: 40, 46, 14
Box: 11, 111, 53
Box: 2, 14, 5
Box: 17, 55, 17
Box: 177, 6, 13
Box: 8, 217, 200
Box: 177, 143, 28
Box: 12, 5, 3
Box: 14, 14, 17
Box: 47, 8, 200
Box: 9, 49, 4
Box: 66, 12, 91
Box: 3, 3, 28
Box: 26, 217, 31
Box: 76, 21, 29
Box: 34, 38, 46
Box: 15, 158, 40
Box: 2, 8, 29
Box: 47, 80, 42
Box: 177, 59, 16
Box: 134, 42, 93
Box: 177, 47, 200
Box: 177, 5, 9
Box: 6, 8, 200
Box: 4, 217, 117
Box: 27, 31, 6
Box: 20, 20, 90
Box: 20, 32, 54
Box: 16, 6, 9
Box: 141, 18, 33
Box: 5, 5, 4
Box: 177, 199, 17
Box: 7, 19, 70
Box: 31, 11, 200
Box: 5, 70, 38
Box: 62, 2, 31
Box: 33, 12, 5
Box: 17, 32, 200
Box: 12, 47, 31
Box: 8, 3, 16
Box: 2, 15, 8
Box: 10, 156, 26
Box: 60, 5, 10
Box: 4, 3, 5
Box: 40, 29, 19
Box: 12, 27, 69
Box: 4, 217, 16
Box: 177, 94, 179
Box: 24, 90, 200
Box: 26, 4, 2
Box: 5, 61, 28
Box: 9, 15, 6
Box: 75, 217, 31
Box: 39, 21, 69
Box: 20, 110, 54
Box: 21, 217, 23
Box: 177, 217, 23
Box: 169, 26, 69
Box: 57, 2, 32
Box: 78, 36, 200
Box: 12, 12, 116
Box: 63, 46, 16
Box: 177, 19, 28
Box: 84, 22, 54
Box: 7, 154, 6
Box: 27, 81, 28
Box: 109, 12, 14
Box: 23, 25, 179
Box: 177, 3, 49
Box: 32, 113, 11
Box: 27, 217, 200
Box: 24, 48, 53
Box: 31, 32, 40
Box: 9, 36, 32
Box: 5, 4, 17
Box: 75, 217, 42
Box: 12, 3, 17
Box: 6, 45, 16
Box: 9, 32, 200
Box: 12, 70, 38
Box: 40, 9, 36
Box: 59, 217, 20
Box: 34, 217, 6
Box: 177, 217, 71
Box: 177, 2, 11
Box: 4, 3, 5
Box: 12, 12, 19
Box: 126, 5, 29
Box: 29, 3, 17
Box: 6, 22, 79
Box: 37, 6, 53
Box: 43, 37, 85
Box: 50, 14, 2
Box: 70, 3, 10
Box: 3, 84, 25
Box: 3, 63, 2
Box: 177, 31, 200
Box: 26, 27, 34
Box: 27, 34, 10
Box: 32, 3, 35
Box: 177, 10, 26
Box: 28, 3, 32
Box: 177, 80, 62
Box: 158, 11, 42
Box: 2, 80, 6
Box: 44, 3, 10
Box: 177, 22, 25
Box: 177, 35, 200
Box: 83, 59, 9
Box: 45, 20, 5
Box: 33, 217, 15
Box: 6, 45, 7
Box: 29, 21, 3
Box: 27, 3, 143
Box: 12, 217, 14
Box: 177, 146, 157
Box: 16, 34, 31
Box: 5, 5, 64
Box: 20, 217, 153
Box: 177, 49, 3
Box: 54, 3, 39
Box: 2, 34, 18
Box: 81, 65, 133
Box: 24, 48, 23
Box: 177, 143, 2
Box: 36, 62, 23
Box: 8, 48, 8
Box: 40, 37, 36
Box: 38, 26, 10
Box: 24, 48, 20
Box: 2, 4, 31
Box: 10, 17, 39
Box: 63, 45, 22
Box: 177, 111, 156
Box: 118, 13, 200
Box: 41, 217, 31
Box: 17, 5, 5
Box: 177, 40, 21
Box: 3, 47, 28
Box: 70, 12, 10
Box: 8, 2, 2
Box: 4, 72, 5
Box: 23, 7, 200
Box: 30, 217, 200
Box: 10, 14, 68
Box: 22, 4, 2
Box: 177, 32, 57
Box: 3, 51, 54
Box: 109, 7, 38
Box: 163, 43, 118
Box: 47, 49, 3
Box: 125, 5, 2
Box: 51, 5, 49
Box: 177, 36, 6
Box: 43, 6, 200
Box: 177, 47, 122
Box: 14, 11, 8
Box: 3, 60, 29
Box: 37, 5, 2
Box: 12, 6, 2
Box: 35, 3, 200
Box: 8, 3, 8
Box: 177, 34, 95
Box: 177, 30, 2
Box: 11, 60, 33
Box: 5, 29, 14
Box: 20, 11, 91
Box: 12, 45, 200
Box: 10, 41, 19
Box: 177, 3, 15
Box: 5, 47, 130
Box: 12, 4, 156
Box: 22, 23, 2
Box: 5, 217, 132
Box: 38, 42, 7
Box: 177, 113, 41
Box: 2, 10, 6
Box: 12, 62, 83
Box: 167, 3, 82
Box: 10, 17, 200
Box: 45, 7, 13
Box: 177, 5, 33
Box: 177, 217, 8
Box: 6, 5, 5
Box: 62, 25, 20
Box: 4, 7, 23
Box: 20, 114, 42
Box: 16, 21, 22
Box: 18, 45, 30
Box: 2, 5, 14
Box: 62, 25, 39
Box: 88, 42, 5
Box: 177, 80, 83
Box: 12, 17, 16
Box: 38, 18, 3
Box: 177, 22, 15
Box: 177, 27, 99
Box: 19, 217, 9
Box: 4, 128, 200
Box: 177, 79, 36
Box: 5, 75, 45
Box: 14, 18, 3
Box: 164, 3, 7
Box: 28, 43, 32
Box: 177, 8, 31
Box: 33, 48, 92
Box: 90, 40, 69
Box: 79, 43, 200
Box: 10, 19, 54
Box: 52, 106, 68
Box: 21, 59, 11
Box: 100, 217, 8
Box: 4, 27, 69
Box: 44, 5, 36
Box: 24, 60, 9
Box: 48, 29, 6
Box: 70, 22, 82
Box: 9, 46, 3
Box: 21, 18, 2
Box: 45, 4, 81
Box: 27, 34, 25
Box: 4, 96, 3
Box: 131, 24, 39
Box: 45, 15, 20
Box: 48, 7, 6
Box: 9, 53, 15
Box: 159, 15, 26
Box: 133, 10, 39
Box: 9, 32, 8
Box: 177, 21, 4
Box: 33, 37, 97
Box: 4, 217, 9
Box: 17, 90, 2
Box: 39, 47, 8
Box: 177, 5, 46
Box: 177, 33, 200
Box: 49, 9, 54
Box: 2, 4, 3
Box: 32, 23, 19
Box: 12, 46, 16
Box: 18, 3, 77
Box: 4, 62, 50
Box: 3, 13, 144
Box: 165, 15, 16
Box: 7, 28, 18
Box: 35, 24, 35
Box: 16, 3, 200
Box: 27, 99, 17
Box: 10, 59, 3
Box: 17, 5, 38
Box: 12, 56, 12
Box: 177, 9, 15
Box: 5, 3, 14
Box: 10, 19, 64
Box: 26, 25, 51
Box: 32, 25, 35
Box: 20, 2, 54
Box: 177, 25, 128
Box: 16, 217, 8
Box: 9, 49, 3
Box: 12, 78, 11
Box: 19, 51, 32
Box: 2, 24, 39
Box: 20, 18, 70
Box: 133, 27, 39
Box: 38, 6, 59
Box: 18, 217, 200
Box: 27, 2, 6
Box: 5, 16, 45
Box: 7, 76, 127
Box: 33, 40, 30
Box: 164, 3, 52
Box: 73, 22, 2
Box: 2, 48, 17
Box: 10, 5, 53
Box: 36, 62, 54
Box: 28, 5, 8
Box: 60, 5, 13
Box: 177, 50, 56
Box: 33, 23, 200
Box: 177, 47, 25
Box: 83, 14, 200
Box: 34, 50, 81
Box: 84, 38, 8
Box: 177, 116, 24
Box: 5, 3, 87
Box: 64, 7, 10
Box: 44, 11, 200
Box: 53, 52, 13
Box: 24, 217, 32
Box: 24, 217, 108
Box: 11, 58, 82
Box: 3, 3, 7
Box: 33, 13, 200
Box: 43, 217, 62
Box: 5, 37, 15
Box: 17, 217, 200
Box: 46, 217, 200
Box: 40, 26, 34
Box: 38, 17, 31
Box: 17, 139, 5
Box: 132, 49, 96
Box: 3, 114, 69
Box: 30, 22, 200
Box: 177, 10, 32
Box: 6, 12, 2
Box: 11, 60, 33
Box: 5, 28, 45
Box: 5, 5, 26
Box: 9, 6, 9
Box: 59, 217, 63
Box: 93, 6, 46
Box: 24, 40, 200
Box: 2, 128, 200
Box: 3, 18, 54
Box: 141, 18, 4
Box: 76, 121, 9
Box: 49, 50, 16
Box: 33, 24, 50
Box: 21, 5, 29
Box: 10, 59, 3
Box: 177, 36, 80
Box: 6, 9, 2
Box: 4, 7, 5
Box: 13, 54, 119
Box: 9, 6, 3
Box: 3, 34, 33
Box: 118, 9, 17
Box: 11, 62, 115
Box: 35, 28, 6
Box: 16, 21, 39
Box: 12, 16, 10
Box: 177, 122, 200
Box: 2, 5, 3
Box: 163, 20, 118
Box: 21, 29, 5
Box: 127, 26, 36
Box: 3, 93, 11
Box: 20, 60, 45
Box: 49, 7, 16
Box: 43, 60, 59
Box: 35, 67, 200
Box: 7, 70, 63
Box: 8, 17, 18
Box: 24, 48, 29
Box: 177, 13, 61
Box: 20, 39, 14
Box: 2, 51, 26
Box: 177, 16, 62
Box: 75, 81, 56
Box: 46, 62, 200
Box: 126, 19, 73
Box: 4, 62, 6
Box: 3, 2, 13
Box: 6, 19, 2
Box: 22, 67, 200
Box: 177, 17, 34
Box: 18, 61, 28
Box: 17, 113, 200
Box: 27, 16, 68
Box: 8, 82, 200
Box: 23, 23, 19
Box: 23, 217, 200
Box: 26, 8, 92
Box: 177, 36, 31
Box: 23, 15, 7
Box: 6, 58, 24
Box: 3, 3, 15
Box: 24, 154, 5
Box: 79, 217, 26
Box: 125, 2, 30
Box: 60, 3, 26
Box: 177, 36, 171
Box: 26, 3, 43
Box: 16, 90, 55
Box: 15, 59, 25
Box: 3, 38, 62
Box: 17, 120, 13
Box: 70, 19, 200
Box: 15, 6, 49
Box: 3, 217, 54
Box: 24, 18, 20
Box: 5, 5, 4
Box: 177, 21, 136
Box: 177, 217, 19
Box: 177, 25, 22
Box: 177, 59, 31
Box: 49, 22, 2
Box: 177, 22, 42
Box: 177, 11, 200
Box: 76, 32, 59
Box: 25, 11, 200
Box: 20, 7, 13
Box: 7, 22, 18
Box: 77, 202, 94
Box: 59, 217, 22
Box: 25, 36, 17
Box: 15, 4, 40
Box: 159, 60, 26
Box: 15, 6, 122
Box: 177, 33, 82
Box: 177, 16, 2
Box: 2, 4, 43
Box: 177, 34, 99
Box: 27, 16, 33
Box: 15, 7, 56
Box: 169, 26, 131
Box: 177, 57, 20
Box: 16, 11, 200
Box: 20, 135, 27
Box: 2, 18, 2
Box: 177, 22, 13
Box: 5, 25, 45
Box: 2, 6, 59
Box: 118, 42, 200
Box: 55, 26, 9
Box: 19, 30, 54
Box: 177, 145, 200
Box: 17, 5, 24
Box: 6, 50, 81
Box: 23, 60, 13
Box: 6, 217, 200
Box: 39, 56, 61
Box: 51, 74, 81
Box: 33, 87, 13
Box: 13, 69, 69
Box: 90, 22, 23
Box: 177, 8, 38
Box: 95, 7, 13
Box: 177, 217, 99
Box: 32, 61, 10
Box: 16, 77, 12
Box: 2, 22, 7
Box: 136, 4, 200
Box: 12, 51, 200
Box: 13, 7, 6
Box: 9, 6, 6
Box: 62, 51, 26
Box: 20, 32, 53
Box: 177, 28, 26
Box: 177, 2, 34
Box: 2, 34, 3
Box: 53, 30, 200
Box: 5, 29, 11
Box: 13, 23, 6
Box: 15, 75, 26
Box: 33, 27, 200
Box: 19, 3, 2
Box: 7, 28, 127
Box: 13, 71, 119
Box: 177, 119, 62
Box: 6, 29, 20
Box: 21, 11, 58
Box: 36, 22, 57
Box: 17, 90, 198
Box: 20, 74, 7
Box: 13, 41, 27
Box: 2, 3, 6
Box: 83, 59, 64
Box: 17, 103, 9
Box: 3, 26, 18
Box: 5, 34, 200
Box: 13, 41, 18
Box: 177, 19, 99
Box: 15, 17, 61
Box: 40, 14, 17
Box: 141, 18, 11
Box: 27, 25, 6
Box: 43, 66, 13
Box: 39, 47, 2
Box: 9, 3, 30
Box: 106, 217, 34
Box: 66, 80, 17
Box: 4, 65, 4
Box: 61, 18, 4
Box: 40, 76, 11
Box: 34, 217, 4
Box: 36, 3, 5
Box: 7, 34, 10
Box: 177, 10, 32
Box: 22, 26, 4
Box: 28, 5, 29
Box: 14, 23, 5
Box: 17, 103, 200
Box: 17, 5, 12
Box: 53, 217, 19
Box: 6, 34, 10
Box: 177, 217, 2
Box: 21, 3, 6
Box: 177, 5, 5
Box: 12, 21, 105
Box: 17, 16, 200
Box: 39, 82, 4
Box: 177, 25, 100
Box: 24, 2, 45
Box: 9, 217, 200
Box: 3, 13, 40
Box: 12, 14, 17
Box: 48, 4, 8
Box: 177, 127, 61
Box: 177, 217, 2
Box: 28, 66, 32
Box: 17, 55, 200
Box: 6, 6, 79
Box: 17, 79, 200
Box: 111, 217, 15
Box: 31, 45, 6
Box: 52, 10, 200
Box: 177, 16, 7
Box: 144, 6, 16
Box: 70, 8, 31
Box: 177, 217, 29
Box: 39, 29, 35
Box: 24, 217, 78
Box: 27, 217, 3
Box: 39, 10, 27
Box: 21, 217, 83
Box: 76, 8, 102
Box: 177, 49, 34
Box: 78, 5, 55
Box: 76, 65, 129
Box: 112, 5, 6
Box: 7, 217, 83
Box: 11, 42, 51
Box: 2, 3, 8
Box: 24, 81, 20
Box: 30, 5, 32
Box: 21, 5, 54
Box: 148, 5, 16
Box: 10, 41, 36
Box: 5, 11, 200
Box: 12, 74, 138
Box: 5, 4, 26
Box: 21, 62, 200
Box: 4, 32, 7
Box: 63, 13, 3
Box: 98, 49, 25
Box: 177, 11, 200
Box: 74, 103, 200
Box: 71, 10, 2
Box: 76, 7, 27
Box: 18, 14, 4
Box: 9, 22, 2
Box: 177, 36, 38
Box: 62, 2, 46
Box: 43, 8, 31
Box: 4, 217, 200
Box: 75, 108, 9
Box: 20, 80, 6
Box: 38, 26, 5
Box: 10, 217, 3
Box: 9, 48, 8
Box: 63, 113, 57
Box: 109, 4, 2
Box: 177, 17, 4
Box: 2, 28, 200
Box: 20, 5, 80
Box: 2, 217, 200
Box: 11, 40, 16
Box: 2, 39, 90
Box: 177, 4, 12
Box: 7, 45, 30
Box: 32, 116, 32
Box: 177, 71, 34
Box: 177, 217, 13
Box: 24, 16, 8
Box: 88, 217, 16
Box: 35, 61, 9
Box: 9, 41, 6
Box: 177, 72, 200
Box: 25, 217, 108
Box: 76, 16, 66
Box: 98, 49, 13
Box: 7, 22, 28
Box: 3, 29, 135
Box: 15, 32, 200
Box: 75, 217, 27
Box: 9, 217, 52
Box: 67, 7, 11
Box: 18, 217, 200
Box: 8, 51, 200
Box: 13, 217, 200
Box: 14, 26, 75
Box: 48, 76, 25
Box: 41, 3, 66
Box: 39, 29, 3
Box: 177, 45, 41
Box: 177, 150, 38
Box: 3, 50, 47
Box: 177, 9, 97
Box: 49, 66, 200
Box: 51, 108, 200
Box: 17, 217, 15
Box: 2, 34, 3
Box: 158, 16, 2
Box: 109, 2, 2
Box: 23, 56, 72
Box: 24, 217, 84
Box: 39, 47, 6
Box: 7, 5, 15
Box: 24, 100, 84
Box: 35, 24, 19
Box: 105, 16, 15
Box: 8, 3, 53
Box: 68, 36, 32
Box: 177, 116, 8
Box: 61, 217, 200
Box: 26, 11, 200
Box: 43, 217, 8
Box: 16, 5, 4
Box: 2, 36, 200
Box: 12, 5, 6
Box: 10, 56, 54
Box: 52, 32, 5
Box: 4, 134, 7
Box: 21, 108, 200
Box: 34, 45, 53
Box: 14, 107, 82
Box: 10, 61, 30
Box: 29, 139, 6
Box: 22, 9, 2
Box: 16, 26, 9
Box: 3, 5, 14
Box: 31, 7, 38
Box: 5, 70, 21
Box: 15, 2, 47
Box: 15, 66, 14
Box: 166, 38, 7
Box: 177, 14, 200
Box: 11, 4, 32
Box: 13, 61, 30
Box: 40, 54, 96
Box: 33, 27, 8
Box: 2, 16, 8
Box: 22, 7, 2
Box: 45, 6, 46
Box: 81, 65, 4
Box: 10, 217, 16
Box: 109, 19, 5
Box: 76, 17, 29
Box: 76, 31, 74
Box: 94, 3, 14
Box: 4, 59, 19
Box: 14, 217, 200
Box: 33, 12, 26
Box: 30, 2, 15
Box: 177, 16, 25
Box: 158, 9, 41
Box: 28, 3, 3
Box: 62, 12, 52
Box: 4, 5, 6
Box: 14, 17, 61
Box: 70, 47, 3
Box: 47, 50, 47
Box: 21, 45, 26
Box: 95, 66, 14
Box: 21, 217, 30
Box: 20, 57, 53
Box: 10, 217, 200
Box: 18, 16, 2
Box: 25, 161, 14
Box: 149, 48, 22
Box: 126, 21, 34
Box: 92, 66, 32
Box: 9, 8, 13
Box: 20, 21, 42
Box: 75, 63, 17
Box: 50, 19, 200
Box: 17, 25, 47
Box: 63, 58, 49
Box: 16, 5, 28
Box: 61, 40, 200
Box: 10, 49, 64
Box: 41, 116, 143
Box: 19, 48, 112
Box: 28, 55, 17
Box: 17, 3, 9
Box: 21, 34, 3
Box: 7, 9, 35
Box: 177, 98, 29
Box: 165, 102, 16
Box: 157, 39, 55
Box: 17, 17, 117
Box: 19, 124, 2
Box: 177, 217, 4
Box: 34, 26, 3
Box: 4, 8, 29
Box: 9, 5, 10
Box: 36, 217, 46
Box: 4, 51, 54
Box: 27, 21, 12
Box: 20, 139, 70
Box: 49, 22, 52
Box: 29, 48, 200
Box: 8, 3, 25
Box: 18, 80, 6
Box: 16, 48, 200
Box: 25, 29, 22
Box: 29, 5, 6
Box: 3, 63, 200
Box: 9, 62, 54
Box: 44, 60, 200
Box: 76, 29, 102
Box: 10, 11, 2
Box: 5, 5, 8
Box: 72, 21, 27
Box: 26, 73, 51
Box: 177, 12, 32
Box: 64, 17, 21
Box: 15, 46, 3
Box: 12, 34, 10
Box: 9, 67, 200
Box: 2, 34, 10
Box: 49, 28, 69
Box: 71, 26, 69
Box: 15, 11, 47
Box: 16, 25, 55
Box: 10, 217, 3
Box: 22, 26, 4
Box: 40, 163, 96
Box: 14, 217, 16
Box: 11, 40, 200
Box: 38, 217, 200
Box: 177, 10, 32
Box: 66, 29, 10
Box: 177, 22, 200
Box: 27, 15, 12
Box: 14, 48, 26
Box: 2, 217, 8
Box: 5, 29, 25
Box: 9, 47, 21
Box: 177, 21, 13
Box: 24, 60, 9
Box: 32, 67, 18
Box: 43, 217, 27
Box: 177, 5, 7
Box: 33, 87, 89
Box: 177, 170, 66
Box: 21, 48, 8
Box: 15, 5, 82
Box: 45, 13, 10
Box: 177, 2, 33
Box: 131, 56, 33
Box: 28, 17, 3
Box: 19, 12, 5
Box: 5, 39, 16
Box: 164, 4, 34
Box: 27, 3, 52
Box: 13, 146, 13
Box: 108, 7, 6
Box: 31, 45, 39
Box: 13, 17, 5
Box: 177, 2, 200
Box: 87, 3, 200
Box: 90, 217, 16
Box: 118, 8, 200
Box: 2, 21, 81
Box: 177, 185, 6
Box: 2, 3, 29
Box: 121, 63, 200
Box: 68, 18, 200
Box: 158, 11, 14
Box: 13, 3, 3
Box: 177, 103, 53
Box: 15, 8, 40
Box: 64, 17, 8
Box: 6, 9, 23
Box: 36, 12, 4
Box: 3, 4, 13
Box: 177, 46, 54
Box: 18, 6, 49
Box: 141, 18, 2
Box: 24, 80, 6
Box: 11, 58, 4
Box: 76, 32, 12
Box: 5, 34, 3
Box: 2, 60, 30
Box: 74, 25, 64
Box: 177, 217, 44
Box: 14, 17, 200
Box: 148, 8, 42
Box: 66, 31, 53
Box: 43, 90, 56
Box: 20, 20, 19
Box: 177, 217, 58
Box: 19, 217, 7
Box: 44, 43, 15
Box: 24, 44, 46
Box: 46, 217, 131
Box: 64, 92, 200
Box: 31, 45, 33
Box: 9, 4, 30
Box: 177, 108, 200
Box: 41, 217, 45
Box: 7, 48, 27
Box: 28, 40, 200
Box: 16, 2, 200
Box: 34, 30, 35
Box: 177, 217, 27
Box: 23, 14, 39
Box: 9, 20, 34
Box: 6, 61, 30
Box: 9, 23, 5
Box: 2, 18, 6
Box: 73, 3, 2
Box: 13, 23, 20
Box: 5, 51, 200
Box: 59, 3, 200
Box: 177, 4, 6
Box: 12, 32, 25
Box: 33, 113, 57
Box: 25, 49, 4
Box: 2, 13, 3
Box: 5, 34, 21
Box: 177, 143, 150
Box: 5, 5, 6
Box: 2, 4, 23
Box: 14, 217, 200
Box: 10, 58, 49
Box: 144, 6, 13
Box: 3, 5, 5
Box: 11, 80, 44
Box: 61, 35, 3
Box: 41, 7, 3
Box: 35, 4, 4
Box: 24, 11, 7
Box: 24, 85, 121
Box: 22, 18, 6
Box: 177, 87, 14
Box: 12, 2, 11
Box: 8, 49, 4
Box: 79, 43, 43
Box: 172, 58, 200
Box: 113, 3, 200
Box: 64, 23, 50
Box: 6, 217, 12
Box: 49, 33, 31
Box: 129, 29, 10
Box: 16, 74, 138
Box: 177, 4, 200
Box: 83, 102, 200
Box: 2, 5, 14
Box: 83, 4, 29
Box: 12, 48, 27
Box: 8, 65, 5
Box: 177, 29, 69
Box: 177, 6, 67
Box: 13, 32, 54
Box: 11, 7, 13
Box: 5, 93, 17
Box: 29, 139, 27
Box: 6, 50, 200
Box: 7, 10, 14
Box: 11, 110, 6
Box: 33, 65, 32
Box: 32, 68, 18
Box: 52, 38, 23
Box: 20, 8, 54
Box: 95, 21, 23
Box: 3, 5, 2
Box: 27, 31, 12
Box: 177, 34, 10
Box: 3, 3, 18
Box: 46, 32, 14
Box: 5, 17, 27
Box: 24, 29, 121
Box: 20, 23, 19
Box: 3, 36, 32
Box: 3, 34, 3
Box: 47, 40, 3
Box: 2, 34, 6
Box: 21, 5, 8
Box: 19, 74, 7
Box: 24, 21, 11
Box: 177, 13, 8
Box: 10, 10, 10
Box: 8, 32, 19
Box: 30, 16, 90
Box: 52, 53, 30
Box: 16, 27, 55
Box: 177, 170, 20
Box: 24, 37, 11
Box: 10, 65, 4
Box: 57, 61, 2
Box: 3, 60, 36
Box: 16, 17, 6
Box: 105, 217, 109
Box: 131, 56, 66
Box: 11, 50, 40
Box: 37, 128, 200
Box: 2, 4, 6
Box: 59, 26, 75
Box: 55, 6, 9
Box: 5, 23, 87
Box: 31, 45, 12
Box: 177, 193, 112
Box: 3, 26, 34
Box: 3, 10, 3
Box: 10, 10, 62
Box: 13, 34, 8
Box: 28, 57, 11
Box: 177, 55, 34
Box: 5, 2, 64
Box: 5, 217, 83
Box: 25, 6, 13
Box: 177, 10, 200
Box: 12, 5, 25
Box: 39, 21, 43
Box: 131, 3, 79
Box: 10, 2, 68
Box: 177, 17, 2
Box: 109, 19, 5
Box: 11, 58, 28
Box: 88, 55, 143
Box: 61, 2, 200
Box: 3, 14, 90
Box: 177, 24, 39
Box: 12, 12, 4
Box: 4, 5, 13
Box: 106, 90, 200
Box: 2, 4, 3
Box: 24, 40, 200
Box: 177, 5, 10
Box: 11, 217, 40
Box: 61, 66, 2
Box: 5, 7, 38
Box: 5, 23, 19
Box: 177, 8, 11
Box: 20, 3, 42
Box: 117, 66, 16
Box: 29, 217, 30
Box: 87, 61, 28
Box: 43, 90, 9
Box: 23, 15, 9
Box: 9, 217, 200
Box: 177, 21, 25
Box: 66, 41, 25
Box: 11, 27, 34
Box: 5, 18, 9
Box: 35, 28, 3
Box: 20, 111, 7
Box: 177, 59, 7
Box: 4, 139, 5
Box: 4, 10, 17
Box: 177, 6, 15
Box: 5, 38, 162
Box: 33, 40, 66
Box: 34, 6, 7
Box: 81, 65, 45
Box: 63, 6, 200
Box: 9, 2, 8
Box: 88, 42, 9
Box: 41, 13, 69
Box: 177, 59, 3
Box: 4, 36, 121
Box: 177, 11, 32
Box: 46, 10, 200
Box: 112, 17, 102
Box: 10, 10, 38
Box: 20, 4, 13
Box: 177, 37, 50
Box: 39, 2, 27
Box: 4, 50, 30
Box: 177, 16, 33
Box: 17, 127, 200
Box: 73, 134, 2
Box: 76, 4, 59
Box: 43, 3, 200
Box: 5, 5, 45
Box: 61, 217, 10
Box: 57, 6, 4
Box: 5, 15, 38
Box: 85, 217, 41
Box: 133, 13, 39
Box: 7, 19, 54
Box: 2, 48, 8
Box: 9, 8, 9
Box: 33, 87, 46
Box: 51, 146, 35
Box: 12, 16, 105
Box: 12, 32, 3
Box: 19, 5, 48
Box: 76, 7, 12
Box: 90, 43, 98
Box: 25, 60, 29
Box: 33, 110, 54
Box: 7, 14, 4
Box: 9, 6, 2
Box: 62, 27, 34
Box: 75, 13, 56
Box: 50, 11, 5
Box: 3, 50, 200
Box: 15, 191, 200
Box: 60, 14, 44
Box: 8, 29, 22
Box: 5, 11, 200
Box: 2, 8, 3
Box: 29, 217, 3
Box: 9, 7, 25
Box: 76, 7, 68
Box: 54, 10, 11
Box: 8, 17, 27
Box: 66, 22, 25
Box: 7, 112, 63
Box: 41, 46, 16
Box: 177, 32, 46
Box: 15, 52, 12
Box: 5, 2, 115
Box: 84, 5, 54
Box: 177, 13, 26
Box: 11, 116, 143
Box: 177, 15, 14
Box: 177, 25, 57
Box: 177, 45, 179
Box: 177, 5, 14
Box: 90, 217, 10
Box: 94, 3, 14
Box: 122, 30, 200
Box: 6, 58, 6
Box: 3, 25, 166
Box: 5, 2, 4
Box: 177, 64, 2
Box: 4, 14, 90
Box: 28, 5, 200
Box: 76, 29, 59
Box: 21, 49, 4
Box: 27, 20, 101
Box: 79, 25, 20
Box: 177, 29, 8
Box: 76, 121, 3
Box: 69, 14, 44
Box: 59, 217, 10
Box: 31, 14, 26
Box: 112, 14, 102
Box: 10, 8, 2
Box: 131, 47, 8
Box: 46, 134, 35
Box: 41, 217, 78
Box: 7, 27, 14
Box: 6, 51, 26
Box: 7, 19, 59
Box: 52, 30, 30
Box: 13, 128, 200
Box: 20, 48, 200
Box: 112, 59, 102
Box: 74, 217, 40
Box: 6, 6, 54
Box: 6, 27, 79
Box: 72, 18, 3
Box: 105, 217, 200
Box: 9, 217, 31
Box: 177, 217, 125
Box: 73, 77, 200
Box: 57, 60, 16
Box: 177, 51, 99
Box: 23, 9, 200
Box: 43, 76, 11
Box: 31, 185, 16
Box: 39, 49, 4
Box: 5, 17, 18
Box: 6, 31, 36
Box: 7, 77, 200
Box: 26, 128, 200
Box: 5, 13, 7
Box: 88, 19, 143
Box: 21, 48, 200
Box: 13, 17, 117
Box: 20, 38, 54
Box: 43, 24, 18
Box: 7, 5, 14
Box: 79, 6, 3
Box: 177, 217, 26
Box: 9, 28, 18
Box: 32, 35, 18
Box: 13, 3, 5
Box: 12, 21, 3
Box: 2, 8, 12
Box: 21, 74, 138
Box: 7, 2, 14
Box: 6, 32, 54
Box: 13, 6, 25
Box: 25, 49, 4
Box: 12, 40, 16
Box: 49, 8, 2
Box: 14, 31, 5
Box: 177, 49, 32
Box: 16, 17, 117
Box: 19, 3, 17
Box: 25, 3, 9
Box: 13, 4, 31
Box: 5, 18, 26
Box: 4, 3, 3
Box: 2, 14, 9
Box: 4, 72, 55
Box: 63, 217, 16
Box: 39, 63, 21
Box: 39, 4, 27
Box: 6, 6, 8
Box: 2, 3, 9
Box: 59, 117, 54
Box: 11, 49, 38
Box: 13, 41, 25
Box: 12, 51, 54
Box: 177, 2, 5
Box: 48, 36, 29
Box: 47, 40, 4
Box: 5, 9, 17
Box: 20, 6, 30
Box: 20, 4, 30
Box: 106, 8, 18
Box: 8, 65, 4
Box: 177, 217, 54
Box: 47, 16, 12
Box: 13, 13, 119
Box: 15, 217, 200
Box: 59, 217, 18
Box: 73, 88, 98
Box: 9, 8, 2
Box: 20, 19, 200
Box: 16, 77, 7
Box: 21, 8, 92
Box: 21, 17, 173
Box: 72, 19, 81
Box: 26, 15, 51
Box: 96, 29, 19
Box: 41, 10, 6
Box: 2, 29, 5
Box: 43, 217, 16
Box: 39, 3, 14
Box: 61, 5, 35
Box: 19, 5, 15
Box: 32, 2, 18
Box: 4, 22, 6
Box: 20, 20, 52
Box: 79, 18, 92
Box: 34, 5, 10
Box: 21, 217, 50
Box: 10, 32, 14
Box: 68, 39, 90
Box: 75, 39, 14
Box: 24, 32, 14
Box: 2, 4, 30
Box: 9, 5, 64
Box: 57, 70, 38
Box: 51, 17, 2
Box: 33, 37, 28
Box: 23, 7, 11
Box: 3, 26, 75
Box: 84, 3, 54
Box: 32, 217, 25
Box: 12, 78, 15
Box: 5, 116, 143
Box: 177, 30, 25
Box: 63, 19, 200
Box: 9, 32, 2
Box: 151, 4, 31
Box: 26, 58, 40
Box: 3, 9, 18
Box: 19, 164, 15
Box: 18, 49, 38
Box: 31, 9, 40
Box: 177, 217, 91
Box: 57, 61, 9
Box: 3, 26, 18
Box: 12, 71, 6
Box: 3, 21, 3
Box: 35, 6, 62
Box: 9, 217, 140
Box: 34, 32, 82
Box: 85, 29, 135
Box: 19, 66, 32
Box: 177, 18, 3
Box: 5, 19, 143
Box: 4, 7, 3
Box: 177, 36, 120
Box: 54, 163, 27
Box: 2, 4, 12
Box: 24, 46, 84
Box: 177, 29, 8
Box: 33, 12, 6
Box: 40, 15, 36
Box: 2, 5, 13
Box: 23, 29, 19
Box: 177, 45, 141
Box: 61, 217, 197
Box: 11, 17, 18
Box: 177, 36, 84
Box: 177, 64, 6
Box: 73, 59, 47
Box: 14, 2, 5
Box: 5, 13, 56
Box: 141, 18, 7
Box: 177, 49, 200
Box: 26, 32, 200
Box: 124, 52, 54
Box: 177, 24, 10
Box: 5, 10, 200
Box: 24, 11, 8
Box: 5, 66, 32
Box: 177, 9, 54
Box: 7, 60, 200
Box: 12, 22, 6
Box: 177, 5, 15
Box: 56, 217, 21
Box: 177, 19, 200
Box: 177, 42, 11
Box: 177, 100, 110
Box: 12, 78, 56
Box: 4, 217, 48
Box: 12, 26, 7
Box: 141, 18, 5
Box: 28, 6, 119
Box: 61, 5, 25
Box: 53, 217, 12
Box: 24, 14, 20
Box: 5, 18, 5
Box: 39, 82, 41
Box: 27, 217, 19
Box: 177, 50, 26
Box: 164, 73, 119
Box: 9, 4, 30
Box: 177, 17, 14
Box: 20, 40, 42
Box: 62, 58, 49
Box: 54, 12, 11
Box: 177, 47, 200
Box: 99, 37, 200
Box: 2, 81, 28
Box: 36, 20, 4
Box: 4, 23, 5
Box: 50, 60, 33
Box: 12, 52, 25
Box: 6, 32, 6
Box: 79, 2, 3
Box: 2, 23, 118
Box: 39, 22, 60
Box: 22, 100, 34
Box: 10, 49, 38
Box: 177, 12, 55
Box: 90, 50, 40
Box: 13, 9, 4
Box: 177, 74, 122
Box: 131, 56, 27
Box: 57, 60, 10
Box: 8, 26, 5
Box: 24, 6, 8
Box: 10, 9, 17
Box: 70, 39, 44
Box: 14, 128, 5
Box: 123, 99, 5
Box: 20, 26, 14
Box: 84, 112, 54
Box: 177, 100, 22
Box: 51, 48, 2
Box: 25, 5, 15
Box: 9, 31, 47
Box: 177, 217, 4
Box: 34, 16, 90
Box: 32, 33, 31
Box: 23, 15, 29
Box: 12, 17, 33
Box: 50, 4, 200
Box: 177, 32, 72
Box: 177, 5, 88
Box: 4, 84, 25
Box: 60, 19, 8
Box: 19, 12, 15
Box: 39, 22, 113
Box: 81, 217, 68
Box: 12, 47, 3
Box: 141, 18, 19
Box: 9, 7, 2
Box: 177, 217, 43
Box: 44, 5, 29
Box: 177, 41, 26
Box: 11, 59, 3
Box: 48, 6, 3
Box: 177, 30, 38
Box: 4, 62, 144
Box: 7, 36, 32
Box: 79, 5, 100
Box: 12, 16, 4
Box: 8, 37, 56
Box: 7, 217, 2
Box: 15, 39, 55
Box: 177, 7, 7
Box: 177, 42, 32
Box: 49, 2, 200
Box: 123, 99, 36
Box: 27, 10, 38
Box: 11, 11, 44
Box: 49, 2, 54
Box: 11, 24, 32
Box: 12, 26, 119
Box: 34, 38, 18
Box: 92, 19, 34
Box: 26, 47, 67
Box: 22, 26, 2
Box: 20, 4, 53
Box: 35, 48, 54
Box: 27, 217, 10
Box: 3, 14, 68
Box: 36, 2, 23
Box: 12, 14, 16
Box: 7, 40, 59
Box: 6, 9, 13
Box: 162, 19, 23
Box: 33, 37, 10
Box: 42, 217, 28
Box: 177, 17, 4
Box: 45, 50, 81
Box: 15, 8, 47
Box: 43, 24, 50
Box: 27, 217, 48
Box: 40, 92, 200
Box: 2, 6, 12
Box: 24, 49, 3
Box: 41, 113, 5
Box: 15, 10, 3
Box: 32, 21, 23
Box: 23, 35, 64
Box: 5, 39, 2
Box: 126, 98, 81
Box: 24, 48, 28
Box: 51, 2, 5
Box: 11, 6, 200
Box: 12, 10, 25
Box: 48, 217, 10
Box: 177, 28, 24
Box: 10, 14, 26
Box: 66, 80, 14
Box: 127, 25, 15
Box: 6, 49, 3
Box: 44, 134, 200
Box: 49, 2, 16
Box: 177, 16, 5
Box: 177, 8, 32
Box: 32, 39, 14
Box: 126, 52, 81
Box: 177, 217, 106
Box: 4, 23, 25
Box: 5, 15, 32
Box: 125, 217, 200
Box: 29, 41, 10
Box: 177, 11, 112
Box: 11, 217, 24
Box: 79, 17, 27
Box: 70, 39, 8
Box: 49, 2, 54
Box: 7, 90, 4
Box: 33, 87, 5
Box: 43, 66, 20
Box: 73, 18, 200
Box: 32, 16, 15
Box: 4, 134, 48
Box: 177, 39, 200
Box: 14, 19, 3
Box: 5, 18, 9
Box: 27, 20, 5
Box: 16, 21, 4
Box: 14, 15, 38
Box: 48, 17, 25
Box: 39, 63, 121
Box: 14, 83, 41
Box: 177, 3, 31
Box: 45, 115, 5
Box: 12, 47, 16
Box: 177, 7, 31
Box: 6, 217, 91
Box: 17, 214, 8
Box: 75, 85, 56
Box: 31, 24, 200
Box: 15, 14, 3
Box: 40, 34, 104
Box: 41, 31, 200
Box: 41, 25, 20
Box: 177, 217, 7
Box: 177, 35, 36
Box: 47, 217, 30
Box: 9, 21, 30
Box: 24, 104, 44
Box: 177, 19, 67
Box: 20, 4, 28
Box: 3, 11, 2
Box: 51, 59, 19
Box: 177, 217, 4
Box: 177, 9, 200
Box: 177, 7, 34
Box: 116, 217, 13
Box: 74, 4, 168
Box: 24, 36, 17
Box: 14, 38, 62
Box: 96, 45, 54
Box: 177, 47, 30
Box: 113, 217, 50
Box: 52, 124, 20
Box: 135, 13, 138
Box: 36, 37, 85
Box: 97, 15, 38
Box: 30, 5, 200
Box: 45, 217, 200
Box: 27, 20, 7
Box: 177, 7, 14
Box: 59, 10, 200
Box: 7, 7, 26
Box: 16, 217, 31
Box: 39, 59, 25
Box: 2, 2, 17
Box: 133, 47, 39
Box: 48, 17, 200
Box: 79, 42, 10
Box: 45, 13, 10
Box: 74, 6, 119
Box: 70, 61, 3
Box: 26, 4, 14
Box: 4, 49, 4
Box: 28, 32, 3
Box: 70, 217, 161
Box: 34, 63, 35
Box: 8, 36, 20
Box: 72, 32, 74
Box: 49, 8, 35
Box: 16, 11, 10
Box: 24, 217, 14
Box: 42, 27, 69
Box: 8, 6, 54
Box: 67, 38, 8
Box: 6, 68, 2
Box: 12, 17, 42
Box: 58, 8, 9
Box: 22, 3, 2
Box: 177, 76, 12
Box: 19, 70, 38
Box: 16, 13, 27
Box: 14, 217, 200
Box: 177, 169, 53
Box: 118, 11, 11
Box: 5, 19, 49
Box: 34, 92, 17
Box: 22, 51, 200
Box: 158, 55, 11
Box: 28, 19, 3
Box: 15, 26, 9
Box: 20, 217, 3
Box: 134, 83, 43
Box: 36, 34, 33
Box: 19, 3, 16
Box: 26, 4, 12
Box: 11, 62, 3
Box: 3, 146, 13
Box: 20, 59, 19
Box: 22, 8, 200
Box: 39, 21, 18
Box: 28, 5, 14
Box: 41, 11, 16
Box: 11, 34, 6
Box: 4, 3, 23
Box: 60, 7, 27
Box: 42, 5, 8
Box: 4, 5, 10
Box: 31, 2, 200
Box: 12, 78, 94
Box: 68, 2, 14
Box: 20, 60, 14
Box: 11, 61, 30
Box: 49, 35, 16
Box: 163, 31, 118
Box: 6, 9, 9
Box: 79, 2, 92
Box: 5, 217, 68
Box: 51, 10, 38
Box: 37, 16, 90
Box: 14, 217, 3
Box: 23, 7, 3
Box: 13, 41, 16
Box: 41, 27, 20
Box: 16, 21, 55
Box: 9, 60, 2
Box: 177, 176, 32
Box: 68, 47, 47
Box: 13, 3, 200
Box: 21, 10, 200
Box: 30, 2, 14
Box: 3, 10, 6
Box: 8, 2, 14
Box: 81, 28, 18
Box: 72, 19, 24
Box: 20, 11, 50
Box: 49, 45, 16
Box: 25, 91, 200
Box: 9, 21, 30
Box: 14, 45, 41
Box: 13, 80, 44
Box: 7, 6, 35
Box: 8, 217, 200
Box: 10, 53, 15
Box: 7, 32, 54
Box: 14, 5, 2
Box: 33, 18, 7
Box: 65, 174, 102
Box: 133, 3, 39
Box: 16, 43, 200
Box: 14, 48, 11
Box: 36, 49, 3
Box: 177, 108, 12
Box: 177, 13, 200
Box: 70, 51, 200
Box: 16, 18, 10
Box: 9, 32, 12
Box: 13, 23, 6
Box: 62, 12, 10
Box: 177, 34, 42
Box: 9, 15, 19
Box: 33, 17, 31
Box: 57, 61, 11
Box: 2, 40, 9
Box: 14, 21, 3
Box: 12, 59, 11
Box: 5, 217, 22
Box: 16, 77, 11
Box: 177, 33, 62
Box: 159, 217, 26
Box: 3, 34, 10
Box: 4, 3, 2
Box: 44, 6, 28
Box: 23, 7, 11
Box: 9, 7, 56
Box: 10, 217, 117
Box: 5, 26, 81
Box: 12, 16, 200
Box: 177, 185, 9
Box: 23, 16, 200
Box: 124, 27, 28
Box: 10, 10, 60
Box: 5, 21, 87
Box: 34, 17, 35
Box: 43, 104, 59
Box: 15, 3, 3
Box: 47, 25, 56
Box: 6, 9, 25
Box: 17, 17, 38
Box: 76, 7, 2
Box: 14, 5, 200
Box: 23, 70, 5
Box: 177, 76, 41
Box: 11, 89, 160
Box: 3, 146, 13
Box: 12, 51, 200
Box: 8, 3, 7
Box: 64, 17, 32
Box: 50, 16, 30
Box: 4, 49, 4
Box: 34, 217, 10
Box: 13, 23, 3
Box: 4, 22, 3
Box: 9, 38, 25
Box: 15, 18, 2
Box: 90, 29, 25
Box: 24, 32, 82
Box: 141, 10, 117
Box: 66, 17, 10
Box: 61, 25, 49
Box: 7, 12, 6
Box: 72, 60, 18
Box: 22, 185, 16
Box: 49, 22, 10
Box: 177, 65, 33
Box: 3, 5, 28
Box: 20, 92, 17
Box: 14, 48, 92
Box: 41, 8, 69
Box: 9, 81, 28
Box: 42, 26, 3
Box: 52, 4, 29
Box: 9, 23, 47
Box: 177, 5, 15
Box: 26, 22, 14
Box: 7, 7, 3
Box: 49, 19, 200
Box: 54, 8, 200
Box: 18, 38, 200
Box: 5, 124, 17
Box: 5, 2, 4
Box: 7, 38, 2
Box: 9, 61, 69
Box: 8, 2, 5
Box: 14, 11, 13
Box: 28, 57, 6
Box: 2, 217, 3
Box: 11, 43, 20
Box: 35, 6, 41
Box: 9, 13, 31
Box: 43, 34, 152
Box: 5, 12, 13
Box: 76, 50, 95
Box: 177, 29, 32
Box: 26, 3, 82
Box: 35, 51, 26
Box: 54, 86, 11
Box: 39, 8, 26
Box: 177, 29, 17
Box: 70, 39, 15
Box: 37, 217, 46
Box: 11, 37, 200
Box: 70, 22, 33
Box: 2, 217, 43
Box: 15, 51, 26
Box: 141, 18, 10
Box: 8, 7, 3
Box: 9, 32, 11
Box: 5, 19, 200
Box: 26, 26, 75
Box: 177, 45, 18
Box: 177, 2, 24
Box: 45, 5, 200
Box: 20, 15, 54
Box: 70, 30, 3
Box: 15, 52, 2
Box: 43, 42, 93
Box: 8, 11, 58
Box: 10, 17, 87
Box: 88, 30, 14
Box: 177, 29, 16
Box: 15, 36, 35
Box: 39, 34, 64
Box: 72, 60, 69
Box: 49, 217, 12
Box: 141, 104, 117
Box: 40, 46, 10
Box: 24, 11, 121
Box: 59, 32, 54
Box: 83, 5, 200
Box: 62, 23, 25
Box: 57, 60, 82
Box: 6, 11, 180
Box: 19, 217, 30
Box: 13, 9, 3
Box: 8, 69, 51
Box: 9, 154, 6
Box: 73, 74, 7
Box: 34, 53, 13
Box: 35, 10, 2
Box: 14, 6, 5
Box: 8, 4, 5
Box: 34, 2, 5
Box: 52, 38, 24
Box: 61, 7, 26
Box: 159, 26, 12
Box: 19, 10, 41
Box: 104, 40, 16
Box: 25, 6, 21
Box: 24, 217, 16
Box: 177, 26, 20
Box: 76, 121, 9
Box: 34, 217, 200
Box: 177, 111, 11
Box: 49, 8, 3
Box: 45, 3, 81
Box: 4, 55, 17
Box: 14, 27, 200
Box: 51, 94, 2
Box: 54, 6, 27
Box: 26, 47, 31
Box: 22, 217, 30
Box: 10, 2, 3
Box: 16, 217, 26
Box: 177, 14, 97
Box: 44, 217, 39
Box: 9, 32, 13
Box: 24, 29, 22
Box: 32, 10, 162
Box: 49, 8, 2
Box: 153, 5, 13
Box: 51, 217, 200
Box: 127, 176, 51
Box: 4, 103, 200
Box: 5, 21, 45
Box: 31, 32, 3
Box: 44, 3, 14
Box: 115, 45, 200
Box: 39, 108, 200
Box: 126, 38, 28
Box: 77, 106, 53
Box: 16, 13, 34
Box: 16, 28, 18
Box: 11, 58, 17
Box: 79, 5, 100
Box: 177, 2, 155
Box: 33, 47, 200
Box: 3, 93, 64
Box: 38, 26, 8
Box: 50, 14, 6
Box: 177, 40, 20
Box: 74, 38, 2
Box: 79, 2, 92
Box: 5, 8, 17
Box: 55, 32, 3
Box: 27, 113, 5
Box: 177, 5, 52
Box: 23, 38, 12
Box: 24, 18, 20
Box: 59, 17, 117
Box: 3, 24, 2
Box: 39, 65, 20
Box: 23, 11, 8
Box: 5, 217, 63
Box: 14, 37, 200
Box: 68, 29, 25
Box: 29, 19, 64
Box: 8, 4, 53
Box: 126, 217, 68
Box: 9, 63, 2
Box: 9, 60, 5
Box: 20, 32, 67
Box: 172, 15, 200
Box: 90, 42, 23
Box: 177, 5, 4
Box: 45, 100, 34
Box: 55, 28, 200
Box: 177, 59, 37
Box: 109, 12, 54
Box: 69, 45, 79
Box: 2, 117, 12
Box: 12, 3, 2
Box: 39, 11, 200
Box: 20, 20, 39
Box: 11, 58, 18
Box: 16, 217, 15
Box: 26, 5, 34
Box: 165, 11, 16
Box: 16, 217, 15
Box: 4, 45, 30
Box: 5, 29, 5
Box: 39, 2, 64
Box: 16, 217, 25
Box: 26, 6, 51
Box: 45, 49, 96
Box: 33, 5, 32
Box: 19, 217, 28
Box: 13, 108, 200
Box: 29, 33, 31
Box: 4, 49, 4
Box: 2, 217, 26
Box: 2, 46, 3
Box: 25, 3, 2
Box: 10, 17, 4
Box: 88, 217, 131
Box: 17, 36, 17
Box: 67, 217, 83
Box: 72, 80, 6
Box: 18, 3, 28
Box: 88, 114, 14
Box: 177, 2, 200
Box: 15, 26, 33
Box: 9, 92, 17
Box: 105, 2, 26
Box: 61, 15, 6
Box: 177, 10, 22
Box: 171, 8, 200
Box: 72, 19, 3
Box: 69, 29, 90
Box: 10, 9, 26
Box: 6, 15, 36
Box: 52, 5, 29
Box: 15, 26, 104
Box: 33, 32, 200
Box: 177, 42, 68
Box: 20, 13, 20
Box: 12, 11, 25
Box: 20, 5, 53
Box: 14, 217, 27
Box: 177, 217, 53
Box: 177, 170, 81
Box: 7, 70, 13
Box: 6, 22, 6
Box: 43, 62, 28
Box: 4, 134, 5
Box: 2, 60, 26
Box: 3, 3, 18
Box: 14, 42, 7
Box: 12, 41, 200
Box: 44, 25, 15
Box: 39, 19, 64
Box: 9, 41, 24
Box: 51, 5, 85
Box: 28, 57, 4
Box: 32, 15, 35
Box: 18, 5, 8
Box: 3, 80, 6
Box: 75, 76, 11
Box: 42, 66, 14
Box: 62, 2, 99
Box: 109, 5, 2
Box: 164, 14, 119
Box: 126, 11, 39
Box: 24, 12, 46
Box: 42, 217, 200
Box: 13, 104, 3
Box: 19, 20, 15
Box: 76, 121, 29
Box: 41, 217, 46
Box: 43, 14, 200
Box: 177, 96, 17
Box: 70, 19, 3
Box: 20, 26, 34
Box: 164, 72, 119
Box: 10, 52, 26
Box: 10, 63, 13
Box: 5, 217, 85
Box: 164, 13, 119
Box: 5, 8, 64
Box: 27, 99, 66
Box: 164, 3, 10
Box: 16, 6, 200
Box: 39, 4, 33
Box: 30, 25, 17
Box: 20, 90, 200
Box: 23, 117, 54
Box: 7, 17, 35
Box: 4, 217, 48
Box: 61, 5, 4
Box: 60, 14, 82
Box: 17, 2, 38
Box: 177, 217, 114
Box: 14, 4, 200
Box: 80, 59, 55
Box: 4, 152, 200
Box: 177, 45, 4
Box: 40, 32, 19
Box: 177, 107, 10
Box: 37, 5, 6
Box: 9, 55, 30
Box: 177, 5, 200
Box: 12, 12, 4
Box: 14, 2, 13
Box: 34, 6, 3
Box: 5, 3, 4
Box: 3, 15, 36
Box: 106, 74, 18
Box: 13, 14, 90
Box: 177, 33, 122
Box: 7, 217, 69
Box: 14, 5, 13
Box: 55, 19, 3
Box: 91, 217, 17
Box: 9, 28, 25
Box: 177, 5, 24
Box: 26, 74, 138
Box: 50, 61, 30
Box: 90, 19, 23
Box: 16, 27, 8
Box: 7, 2, 32
Box: 14, 5, 14
Box: 75, 79, 17
Box: 43, 90, 13
Box: 109, 4, 5
Box: 33, 4, 47
Box: 177, 32, 16
Box: 43, 29, 43
Box: 177, 12, 22
Box: 32, 60, 13
Box: 11, 62, 9
Box: 44, 61, 10
Box: 72, 21, 22
Box: 72, 21, 2
Box: 23, 38, 80
Box: 177, 30, 85
Box: 23, 15, 17
Box: 24, 113, 200
Box: 30, 82, 54
Box: 4, 10, 200
Box: 113, 7, 3
Box: 14, 10, 5
Box: 177, 50, 200
Box: 76, 7, 5
Box: 17, 6, 13
Box: 50, 33, 3
Box: 29, 16, 20
Box: 76, 121, 29
Box: 34, 111, 20
Box: 24, 4, 47
Box: 16, 6, 9
Box: 5, 106, 21
Box: 21, 17, 27
Box: 19, 80, 6
Box: 64, 48, 50
Box: 41, 162, 200
Box: 10, 217, 17
Box: 42, 5, 16
Box: 32, 217, 19
Box: 5, 80, 6
Box: 76, 14, 88
Box: 177, 64, 16
Box: 23, 7, 9
Box: 23, 15, 38
Box: 5, 13, 23
Box: 177, 10, 34
Box: 79, 43, 19
Box: 2, 80, 6
Box: 27, 8, 31
Box: 177, 107, 21
Box: 10, 74, 7
Box: 16, 19, 8
Box: 24, 109, 45
Box: 25, 56, 14
Box: 134, 108, 2
Box: 22, 20, 4
Box: 16, 26, 34
Box: 47, 80, 158
Box: 26, 20, 16
Box: 24, 74, 121
Box: 177, 2, 20
Box: 177, 46, 24
Box: 75, 31, 56
Box: 3, 4, 47
Box: 2, 7, 26
Box: 12, 71, 41
Box: 177, 14, 10
Box: 68, 3, 200
Box: 72, 21, 17
Box: 6, 11, 20
Box: 177, 217, 4
Box: 76, 121, 2
Box: 13, 27, 8
Box: 126, 11, 9
Box: 12, 34, 12
Box: 43, 217, 77
Box: 73, 3, 39
Box: 58, 69, 69
Box: 75, 8, 9
Box: 177, 29, 47
Box: 177, 8, 9
Box: 37, 16, 15
Box: 12, 6, 3
Box: 6, 13, 40
Box: 49, 8, 7
Box: 177, 7, 34
Box: 4, 12, 33
Box: 49, 10, 54
####################
#Expected Output: 98
#Number of Bins: 98.
